 128       2      64      0.0182508934      0.0000000000      0.4701427776     -0.4695258279      0.3307505591      0.0000000000
 128       2      64      0.0154450112      0.0000000000      0.3584777008     -0.3579147726      0.0485351927      0.0000000000
 128       2      64      0.0172556115      0.0000000000      0.4383233031     -0.4377141878      0.2919628378      0.0000000000
 128       2      64      0.0162630411      0.0000000000      0.3967296653     -0.3961428998      0.1731433769      0.0000000000
 128       2      64      0.0204160089      0.0000000000      0.5755420542     -0.5748658394      0.6058569950      0.0000000000
 128       2      64      0.0190185874      0.0000000000      0.4994736291     -0.4988367433      0.4339818330      0.0000000000
 128       2      64      0.0153281477      0.0000000000      0.3534096577     -0.3528523238      0.0338981356      0.0000000000
 128       2      64      0.0188391919      0.0000000000      0.5106307634     -0.5099888501      0.4525884091      0.0000000000
 128       2      64      0.0218058161      0.0001250000      0.6207492401     -0.6200554184      0.6925770948      0.0000000000
 128       2      64      0.0171198552      0.0000000000      0.4297556585     -0.4291543282      0.2599261709      0.0000000000
 128       2      64      0.0224068329      0.0016250000      0.7186347481     -0.7179053273      0.8288557529      0.0000000000
 128       2      64      0.0244191017      0.0389250000      0.8555458097     -0.8547927289      0.9288592762      0.0000000000
 128       2      64      0.0172754622      0.0000000000      0.4353874833     -0.4347793243      0.2992986180      0.0000000000
 128       2      64      0.0177625559      0.0000000000      0.4498950113     -0.4492844850      0.3149805927      0.0000000000
 128       2      64      0.0173792880      0.0000000000      0.4501181588     -0.4495092668      0.3007191219      0.0000000000
 128       2      64      0.0164805265      0.0000000000      0.3967910262     -0.3962114122      0.1545842715      0.0000000000
 128       2      64      0.0176713944      0.0000000000      0.4535386383     -0.4529258249      0.3107782411      0.0000000000
 128       2      64      0.0179809412      0.0000000000      0.4689893607     -0.4683739544      0.3298109541      0.0000000000
 128       2      64      0.0234854094      0.0026250000      0.7371975043     -0.7364645966      0.8447796410      0.0000000000
 128       2      64      0.0188905061      0.0000000000      0.5199127688     -0.5192529467      0.5352242933      0.0000000000
 128       2      64      0.0170262704      0.0000000000      0.4270843946     -0.4264835413      0.2515373581      0.0000000000
 128       2      64      0.0193034222      0.0000000000      0.5158703367     -0.5152267735      0.4673227845      0.0000000000
 128       2      64      0.0159165442      0.0000000000      0.3767481721     -0.3761763944      0.0974517608      0.0000000000
 128       2      64      0.0222988159      0.0006250000      0.6755889678     -0.6748671397      0.7934210442      0.0000000000
 128       2      64      0.0237250551      0.0009250000      0.7133496204     -0.7126201911      0.8290862025      0.0000000000
 128       2      64      0.0164877389      0.0000000000      0.4103304186     -0.4097445390      0.1720298503      0.0000000000
 128       2      64      0.0173519659      0.0000000000      0.4414377623     -0.4408336870      0.2714249362      0.0000000000
 128       2      64      0.0228799898      0.0082250000      0.7951093243     -0.7943589843      0.9236923942      0.0000000000
 128       2      64      0.0187117437      0.0000000000      0.4953716376     -0.4947340069      0.4207903165      0.0000000000
 128       2      64      0.0198080746      0.0000250000      0.5429766543     -0.5423208064      0.5221821569      0.0000000000
 128       2      64      0.0231277520      0.0641250000      0.8825819843     -0.8818151476      0.9801249280      0.0000000000
 128       2      64      0.0171708483      0.0000000000      0.4357430149     -0.4351363632      0.2745455497      0.0000000000
 128       2      64      0.0215398696      0.0056000000      0.6892507310     -0.6885428504      0.7747968983      0.0000000000
 128       2      64      0.0247513759      0.0138500000      0.7947386309     -0.7940017990      0.8719288610      0.0000000000
 128       2      64      0.0205902257      0.0000000000      0.5785941821     -0.5779191074      0.6008693776      0.0000000000
 128       2      64      0.0239281723      0.0019250000      0.7602086831     -0.7594831170      0.8287291451      0.0000000000
 128       2      64      0.0232349180      0.0049500000      0.7578597943     -0.7571116036      0.8879800525      0.0000000000
 128       2      64      0.0233383518      0.0024750000      0.7110427957     -0.7103326723      0.7578605244      0.0000000000
 128       2      64      0.0164239997      0.0000000000      0.4004305510     -0.3998453769      0.1815431324      0.0000000000
 128       2      64      0.0208547017      0.0000000000      0.5957818690     -0.5950956818      0.6511609742      0.0000000000
 128       2      64      0.0164727679      0.0000000000      0.4108742879     -0.4102858413      0.1888798011      0.0000000000
 128       2      64      0.0169160807      0.0000000000      0.4202138350     -0.4196150040      0.2306090776      0.0000000000
 128       2      64      0.0186358376      0.0000000000      0.4986328840     -0.4979995806      0.4210214760      0.0000000000
 128       2      64      0.0259793392      0.0200250000      0.8774229927     -0.8766744985      0.9102564613      0.0000000000
 128       2      64      0.0212599720      0.0001000000      0.6291350916     -0.6284531544      0.6518801283      0.0000000000
 128       2      64      0.0212165846      0.0008750000      0.6472360241     -0.6465451117      0.6792187811      0.0000000000
 128       2      64      0.0154860958      0.0000000000      0.3620034855     -0.3614374042      0.0655601822      0.0000000000
 128       2      64      0.0192998369      0.0000000000      0.5244862847     -0.5238435338      0.4694297292      0.0000000000
 128       2      64      0.0182630002      0.0000000000      0.4909995116     -0.4903704198      0.3945599590      0.0000000000
 128       2      64      0.0177090917      0.0000000000      0.4599567062     -0.4593423296      0.3225458841      0.0000000000
 128       2     128      0.0152167497      0.0000000000      0.3467490354     -0.3461789941      0.0104565280      0.0000000000
 128       2     128      0.0190092901      0.0000000000      0.5095142867     -0.5088521794      0.4665544489      0.0000000000
 128       2     128      0.0180117170      0.0000000000      0.4868542854     -0.4862135268      0.3752165704      0.0000000000
 128       2     128      0.0209843149      0.0000000000      0.5943952729     -0.5937008888      0.6097771089      0.0000000000
 128       2     128      0.0234212978      0.0000000000      0.7473754417     -0.7466159981      0.8553322287      0.0000000000
 128       2     128      0.0190422138      0.0000000000      0.5109312949     -0.5102767726      0.4397403952      0.0000000000
 128       2     128      0.0198204974      0.0000000000      0.5361857372     -0.5355206668      0.4827673424      0.0000000000
 128       2     128      0.0216744191      0.0000000000      0.6633271347     -0.6625824066      0.8071056197      0.0000000000
 128       2     128      0.0213006801      0.0000000000      0.6313594766     -0.6306565221      0.6486664790      0.0000000000
 128       2     128      0.0183447444      0.0000000000      0.4897076844     -0.4890550947      0.4278043820      0.0000000000
 128       2     128      0.0176364746      0.0000000000      0.4454750440     -0.4448513505      0.2903064199      0.0000000000
 128       2     128      0.0249646700      0.0007000000      0.8254206258     -0.8246498173      0.8915148640      0.0000000000
 128       2     128      0.0158532040      0.0000000000      0.3764727090     -0.3758884945      0.1012762060      0.0000000000
 128       2     128      0.0247478725      0.0119000000      0.9520986719     -0.9513059056      0.9705520784      0.0000000000
 128       2     128      0.0189916020      0.0000000000      0.5071617012     -0.5065061057      0.4456712251      0.0000000000
 128       2     128      0.0200754522      0.0000000000      0.5646948214     -0.5640030994      0.5936329405      0.0000000000
 128       2     128      0.0235556044      0.0001000000      0.7541969001     -0.7534483542      0.8179104639      0.0000000000
 128       2     128      0.0250387617      0.0175000000      0.9274240438     -0.9266448333      0.9259115138      0.0000000000
 128       2     128      0.0153213896      0.0000000000      0.3548626120     -0.3542894136      0.0374461440      0.0000000000
 128       2     128      0.0209542404      0.0000000000      0.5958741607     -0.5951559909      0.6953925640      0.0000000000
 128       2     128      0.0175758659      0.0000000000      0.4551565938     -0.4545314235      0.3013032479      0.0000000000
 128       2     128      0.0211280714      0.0009500000      0.8006549366     -0.7998720760      0.9292794997      0.0000000000
 128       2     128      0.0182732148      0.0000000000      0.4725918069     -0.4719554167      0.3522577457      0.0000000000
 128       2     128      0.0206243391      0.0000000000      0.5977838340     -0.5970843904      0.6214857968      0.0000000000
 128       2     128      0.0200116601      0.0000000000      0.5378244551     -0.5371469312      0.5367671055      0.0000000000
 128       2     128      0.0198717151      0.0000000000      0.5510868015     -0.5504032484      0.5661622102      0.0000000000
 128       2     128      0.0159619982      0.0000000000      0.3812155842     -0.3806309822      0.1038763983      0.0000000000
 128       2     128      0.0247926993      0.0297000000      0.9993492918     -0.9985580754      0.9771318577      0.0000000000
 128       2     128      0.0234734716      0.0000500000      0.7387296454     -0.7379797768      0.8101942044      0.0000000000
 128       2     128      0.0196097553      0.0000000000      0.5492019919     -0.5485239684      0.5353080699      0.0000000000
 128       2     128      0.0153780029      0.0000000000      0.3550873565     -0.3545149295      0.0360701756      0.0000000000
 128       2     128      0.0238916178      0.0085000000      0.9001213741     -0.8993429040      0.9186384893      0.0000000000
 128       2     128      0.0172319261      0.0000000000      0.4411127259     -0.4404954734      0.2770060344      0.0000000000
 128       2     128      0.0246236176      0.0001000000      0.8012520325     -0.8004973458      0.8434521720      0.0000000000
 128       2     128      0.0220362501      0.0000000000      0.6679533624     -0.6672207232      0.7569017504      0.0000000000
 128       2     128      0.0232919120      0.0000000000      0.7662783990     -0.7655054402      0.8997499437      0.0000000000
 128       2     128      0.0227929108      0.0000000000      0.6742308360     -0.6735050305      0.7382136808      0.0000000000
 128       2     128      0.0253489814      0.0007500000      0.8389888314     -0.8382262959      0.8783450797      0.0000000000
 128       2     128      0.0226902898      0.0000000000      0.7045011990     -0.7037619294      0.7823307018      0.0000000000
 128       2     128      0.0168019975      0.0000000000      0.4177266739     -0.4171189719      0.2181824996      0.0000000000
 128       2     128      0.0200214690      0.0000000000      0.5688140674     -0.5681229379      0.5887329289      0.0000000000
 128       2     128      0.0217607752      0.0000000000      0.6414556253     -0.6407398402      0.6989754744      0.0000000000
 128       2     128      0.0185045393      0.0000000000      0.5245612281     -0.5238878126      0.5229388205      0.0000000000
 128       2     128      0.0190556689      0.0000000000      0.5183747895     -0.5177078200      0.4968664271      0.0000000000
 128       2     128      0.0178547540      0.0000000000      0.4556967975     -0.4550698487      0.3177528770      0.0000000000
 128       2     128      0.0189194482      0.0000000000      0.5042705100     -0.5036256343      0.3885206965      0.0000000000
 128       2     128      0.0176351308      0.0000000000      0.4444741865     -0.4438522434      0.2871018711      0.0000000000
 128       2     128      0.0253120301      0.0131500000      0.9709622080     -0.9701724239      0.9722306499      0.0000000000
 128       2     128      0.0161087498      0.0000000000      0.3886014511     -0.3880114220      0.1290213758      0.0000000000
 128       2     128      0.0222327841      0.0000000000      0.6961219360     -0.6953849927      0.7687131007      0.0000000000
 128       2     256      0.0229634202      0.0000000000      0.7725511764     -0.7717670086      0.8933131353      0.0000000000
 128       2     256      0.0224889197      0.0000000000      0.6472279408     -0.6464939180      0.7099067836      0.0000000000
 128       2     256      0.0205316480      0.0000000000      0.5827948315     -0.5820871766      0.6136984362      0.0000000000
 128       2     256      0.0164445693      0.0000000000      0.4041113902     -0.4035041188      0.1834122086      0.0000000000
 128       2     256      0.0223724809      0.0000000000      0.7054838203     -0.7047083993      0.8502941433      0.0000000000
 128       2     256      0.0172107686      0.0000000000      0.4330313037     -0.4324040703      0.2741302639      0.0000000000
 128       2     256      0.0216775122      0.0000000000      0.6455871690     -0.6448526506      0.7153789382      0.0000000000
 128       2     256      0.0226935697      0.0000000000      0.7213318907     -0.7205734083      0.7994113131      0.0000000000
 128       2     256      0.0201358894      0.0000000000      0.5609887326     -0.5602963862      0.5548646311      0.0000000000
 128       2     256      0.0190323938      0.0000000000      0.5154294811     -0.5147622689      0.4532335384      0.0000000000
 128       2     256      0.0198007494      0.0000000000      0.5313786735     -0.5307058802      0.4798073504      0.0000000000
 128       2     256      0.0200544514      0.0000000000      0.5677708277     -0.5670788498      0.5577174452      0.0000000000
 128       2     256      0.0236607025      0.0000000000      0.7663251469     -0.7655562363      0.8466349675      0.0000000000
 128       2     256      0.0173634617      0.0000000000      0.4441847200     -0.4435581346      0.2639630583      0.0000000000
 128       2     256      0.0169223357      0.0000000000      0.4201176049     -0.4195007856      0.2235856399      0.0000000000
 128       2     256      0.0155147144      0.0000000000      0.3618035049     -0.3612196093      0.0560801897      0.0000000000
 128       2     256      0.0159339291      0.0000000000      0.3798955775     -0.3793005745      0.1163511345      0.0000000000
 128       2     256      0.0231352492      0.0000000000      0.7272928076     -0.7265339054      0.8062856158      0.0000000000
 128       2     256      0.0238440645      0.0000000000      0.8241821045     -0.8233910026      0.9119571853      0.0000000000
 128       2     256      0.0186538552      0.0000000000      0.4898915828     -0.4892357983      0.4081700846      0.0000000000
 128       2     256      0.0240607495      0.0018000000      0.9736603392     -0.9728505859      0.9655778893      0.0000000000
 128       2     256      0.0160915744      0.0000000000      0.3826201616     -0.3820258622      0.1195481301      0.0000000000
 128       2     256      0.0250275257      0.0000000000      0.7962588579     -0.7954668906      0.9052238302      0.0000000000
 128       2     256      0.0163034636      0.0000000000      0.3925552623     -0.3919556559      0.1407613118      0.0000000000
 128       2     256      0.0152533125      0.0000000000      0.3491553333     -0.3485784618      0.0207049772      0.0000000000
 128       2     256      0.0218966572      0.0000000000      0.6369387017     -0.6362067646      0.7020103074      0.0000000000
 128       2     256      0.0158204673      0.0000000000      0.3731678257     -0.3725765478      0.0932123884      0.0000000000
 128       2     256      0.0178802851      0.0000000000      0.4665236210     -0.4658795592      0.3511770102      0.0000000000
 128       2     256      0.0182720917      0.0000000000      0.4836346085     -0.4829814034      0.3926932659      0.0000000000
 128       2     256      0.0159355143      0.0000000000      0.3761230542     -0.3755308075      0.1002248757      0.0000000000
 128       2     256      0.0242645278      0.0000000000      0.8654733701     -0.8646708261      0.9484969617      0.0000000000
 128       2     256      0.0168228356      0.0000000000      0.4184224521     -0.4178015141      0.2409543255      0.0000000000
 128       2     256      0.0242407028      0.0000000000      0.8107017599     -0.8099168484      0.8909523918      0.0000000000
 128       2     256      0.0181689758      0.0000000000      0.4843535931     -0.4837047195      0.3815546015      0.0000000000
 128       2     256      0.0231827644      0.0001000000      0.8452028047     -0.8444077447      0.9246708717      0.0000000000
 128       2     256      0.0167926033      0.0000000000      0.4185065427     -0.4178930822      0.2081446362      0.0000000000
 128       2     256      0.0194710173      0.0000000000      0.5330046233     -0.5323292485      0.4859191977      0.0000000000
 128       2     256      0.0175594609      0.0000000000      0.4485374985     -0.4479056549      0.2977713807      0.0000000000
 128       2     256      0.0152261514      0.0000000000      0.3470120702     -0.3464357382      0.0060271450      0.0000000000
 128       2     256      0.0166916862      0.0000000000      0.4117602789     -0.4111505713      0.1937600440      0.0000000000
 128       2     256      0.0248443640      0.0001000000      0.9326224411     -0.9318141337      0.9696076236      0.0000000000
 128       2     256      0.0233204727      0.0000000000      0.7031701722     -0.7024103975      0.8080411226      0.0000000000
 128       2     256      0.0154187303      0.0000000000      0.3565416784     -0.3559622798      0.0384311117      0.0000000000
 128       2     256      0.0201146843      0.0000000000      0.5653247975     -0.5646166948      0.6189075323      0.0000000000
 128       2     256      0.0185312710      0.0000000000      0.4934435529     -0.4927874934      0.4093585028      0.0000000000
 128       2     256      0.0167811477      0.0000000000      0.4221989959     -0.4215836296      0.2153340278      0.0000000000
 128       2     256      0.0200140270      0.0000000000      0.9212067009     -0.9203882399      0.9921627458      0.0000000000
 128       2     256      0.0196184517      0.0000000000      0.5338163670     -0.5331251347      0.5454412944      0.0000000000
 128       2     256      0.0195042361      0.0000000000      0.5265674549     -0.5258919828      0.4882075583      0.0000000000
 128       2     256      0.0182730492      0.0000000000      0.4815296610     -0.4808725552      0.4158667560      0.0000000000
 128       2     512      0.0208872960      0.0000000000      0.5956557921     -0.5949401740      0.6207249542      0.0000000000
 128       2     512      0.0235796727      0.0000000000      0.8025077895     -0.8017036175      0.9238784089      0.0000000000
 128       2     512      0.0196060592      0.0000000000      0.5325301108     -0.5318570188      0.4492480322      0.0000000000
 128       2     512      0.0214695993      0.0000000000      0.6070880335     -0.6063630155      0.6558446415      0.0000000000
 128       2     512      0.0181871145      0.0000000000      0.4704827681     -0.4698276451      0.3772521740      0.0000000000
 128       2     512      0.0179593720      0.0000000000      0.4573223563     -0.4566780777      0.3284873041      0.0000000000
 128       2     512      0.0161136946      0.0000000000      0.3862084365     -0.3856070633      0.1215310779      0.0000000000
 128       2     512      0.0225938619      0.0000000000      0.8919356378     -0.8911148974      0.9679147654      0.0000000000
 128       2     512      0.0196481791      0.0000000000      0.5368895977     -0.5362106562      0.4751728100      0.0000000000
 128       2     512      0.0234496505      0.0000000000      0.7956865277     -0.7948949934      0.8841493700      0.0000000000
 128       2     512      0.0165240762      0.0000000000      0.4018003123     -0.4011902208      0.1685911290      0.0000000000
 128       2     512      0.0187268293      0.0000000000      0.5075036492     -0.5068225777      0.4867874359      0.0000000000
 128       2     512      0.0246052686      0.0000000000      0.7790732974     -0.7782826388      0.8716333653      0.0000000000
 128       2     512      0.0166320576      0.0000000000      0.4102269941     -0.4096106065      0.2056589041      0.0000000000
 128       2     512      0.0201570766      0.0000000000      0.5424407112     -0.5417549725      0.4961995414      0.0000000000
 128       2     512      0.0195672685      0.0000000000      0.5321630399     -0.5314808465      0.4887884972      0.0000000000
 128       2     512      0.0169997504      0.0000000000      0.4314948681     -0.4308715033      0.2358722009      0.0000000000
 128       2     512      0.0196802908      0.0000000000      0.5434874867     -0.5428038539      0.4903099166      0.0000000000
 128       2     512      0.0249681949      0.0000000000      0.9209139376     -0.9200998134      0.9533189935      0.0000000000
 128       2     512      0.0237587405      0.0000000000      0.8997846655     -0.8989708908      0.9562924390      0.0000000000
 128       2     512      0.0241455107      0.0000000000      0.8710455351     -0.8702308148      0.9499736870      0.0000000000
 128       2     512      0.0158599411      0.0000000000      0.3742537624     -0.3736559893      0.1114948491      0.0000000000
 128       2     512      0.0179213179      0.0000000000      0.4609942917     -0.4603442226      0.3544046423      0.0000000000
 128       2     512      0.0247281504      0.0000000000      0.7985727816     -0.7977874422      0.8570567828      0.0000000000
 128       2     512      0.0218547616      0.0000000000      0.6729594133     -0.6722035120      0.7648137780      0.0000000000
 128       2     512      0.0161460032      0.0000000000      0.3858332788     -0.3852321447      0.1255967932      0.0000000000
 128       2     512      0.0213324297      0.0000000000      0.9732438030     -0.9724177148      0.9945695549      0.0000000000
 128       2     512      0.0189182821      0.0000000000      0.5146965288     -0.5140182206      0.4753813618      0.0000000000
 128       2     512      0.0203332619      0.0000000000      0.5607833110     -0.5600774877      0.5873040282      0.0000000000
 128       2     512      0.0174985936      0.0000000000      0.4431181726     -0.4424873056      0.2646755122      0.0000000000
 128       2     512      0.0237166431      0.0000000000      0.7321878599     -0.7314099773      0.8379193971      0.0000000000
 128       2     512      0.0226896731      0.0000000000      0.6670227256     -0.6662750539      0.7350651762      0.0000000000
 128       2     512      0.0215377265      0.0000000000      0.6321183481     -0.6313696053      0.7377650399      0.0000000000
 128       2     512      0.0180026514      0.0000000000      0.4772287216     -0.4765655663      0.4145955404      0.0000000000
 128       2     512      0.0228356066      0.0000000000      0.6844361600     -0.6836793024      0.7636224451      0.0000000000
 128       2     512      0.0200955611      0.0000000000      0.9180795780     -0.9172526202      0.9945669284      0.0000000000
 128       2     512      0.0198464295      0.0000000000      0.5481478461     -0.5474469643      0.5612480427      0.0000000000
 128       2     512      0.0153063279      0.0000000000      0.3530190757     -0.3524365638      0.0313677987      0.0000000000
 128       2     512      0.0172576989      0.0000000000      0.4437147648     -0.4430791001      0.2888815407      0.0000000000
 128       2     512      0.0182614497      0.0000000000      0.8881826307     -0.8873521276      0.0119183121      0.0000000000
 128       2     512      0.0153533491      0.0000000000      0.3523622418     -0.3517789711      0.0348778049      0.0000000000
 128       2     512      0.0158945373      0.0000000000      0.3816257770     -0.3810270121      0.1180150768      0.0000000000
 128       2     512      0.0252758675      0.0000000000      0.8779798690     -0.8771862938      0.8872519673      0.0000000000
 128       2     512      0.0192840561      0.0000000000      0.5196848926     -0.5190094143      0.4632085301      0.0000000000
 128       2     512      0.0242195554      0.0000000000      0.9046442106     -0.9038295856      0.9505621536      0.0000000000
 128       2     512      0.0171542008      0.0000000000      0.4284300686     -0.4278074068      0.2378426056      0.0000000000
 128       2     512      0.0230310564      0.0000000000      0.7459727068     -0.7451887077      0.8563987400      0.0000000000
 128       2     512      0.0232111463      0.0000000000      0.7465054979     -0.7457420792      0.7871618415      0.0000000000
 128       2     512      0.0153334929      0.0000000000      0.3517053901     -0.3511237455      0.0349001704      0.0000000000
 128       2     512      0.0169142829      0.0000000000      0.4245589160     -0.4239370851      0.2299039782      0.0000000000
 128       2    1024      0.0167862730      0.0000000000      0.4230571169     -0.4224336946      0.2213030739      0.0000000000
 128       2    1024      0.0156538895      0.0000000000      0.3659390938     -0.3653480282      0.0635721351      0.0000000000
 128       2    1024      0.0180672126      0.0000000000      0.4808808079     -0.4802140757      0.4139971320      0.0000000000
 128       2    1024      0.0227997723      0.0000000000      0.6908150676     -0.6900513182      0.7702355308      0.0000000000
 128       2    1024      0.0215207716      0.0000000000      0.6043741708     -0.6036547891      0.6149473458      0.0000000000
 128       2    1024      0.0172914152      0.0000000000      0.4330013016     -0.4323690574      0.2598681118      0.0000000000
 128       2    1024      0.0178057740      0.0000000000      0.4558429252     -0.4551970114      0.3170057378      0.0000000000
 128       2    1024      0.0196926021      0.0000000000      0.5469261450     -0.5462216800      0.5650290385      0.0000000000
 128       2    1024      0.0194694628      0.0000000000      0.5371292529     -0.5364369454      0.5143355259      0.0000000000
 128       2    1024      0.0207406636      0.0000000000      0.5959931040     -0.5952657226      0.6452115353      0.0000000000
 128       2    1024      0.0223153281      0.0000000000      0.6372591634     -0.6365313937      0.6470126372      0.0000000000
 128       2    1024      0.0208244202      0.0000000000      0.5900336981     -0.5893095520      0.6439340025      0.0000000000
 128       2    1024      0.0200269786      0.0000000000      0.5437077025     -0.5430129992      0.5242616848      0.0000000000
 128       2    1024      0.0221778934      0.0000000000      0.6559051791     -0.6551548071      0.7285724549      0.0000000000
 128       2    1024      0.0155382368      0.0000000000      0.3638818550     -0.3632901759      0.0652124221      0.0000000000
 128       2    1024      0.0180789431      0.0000000000      0.4592371795     -0.4585912220      0.3195435316      0.0000000000
 128       2    1024      0.0219731140      0.0000000000      0.6577612447     -0.6570070839      0.7455950744      0.0000000000
 128       2    1024      0.0192348010      0.0000000000      0.5233309869     -0.5226464757      0.4876316227      0.0000000000
 128       2    1024      0.0219441883      0.0000000000      0.6675518129     -0.6668010780      0.7382344740      0.0000000000
 128       2    1024      0.0157668595      0.0000000000      0.3727204284     -0.3721245412      0.0889610400      0.0000000000
 128       2    1024      0.0196499460      0.0000000000      0.5479976513     -0.5472977847      0.5493244706      0.0000000000
 128       2    1024      0.0161673529      0.0000000000      0.3915156312     -0.3909093104      0.1427349438      0.0000000000
 128       2    1024      0.0154768031      0.0000000000      0.3579920985     -0.3574037354      0.0441520282      0.0000000000
 128       2    1024      0.0238267489      0.0000000000      0.8929553354     -0.8921374801      0.9439207509      0.0000000000
 128       2    1024      0.0173505810      0.0000000000      0.4438444097     -0.4432092682      0.2712056418      0.0000000000
 128       2    1024      0.0153558277      0.0000000000      0.3526600255     -0.3520751459      0.0318513838      0.0000000000
 128       2    1024      0.0182922238      0.0000000000      0.4767579327     -0.4760966013      0.3939645277      0.0000000000
 128       2    1024      0.0242959431      0.0000000000      0.7365924739     -0.7358292405      0.7750430549      0.0000000000
 128       2    1024      0.0226222369      0.0000000000      0.6920537277     -0.6912862651      0.7901791875      0.0000000000
 128       2    1024      0.0249102659      0.0000000000      0.8363971814     -0.8355928705      0.9086097915      0.0000000000
 128       2    1024      0.0170492979      0.0000000000      0.4357280118     -0.4350962480      0.2593162640      0.0000000000
 128       2    1024      0.0191774179      0.0000000000      0.5151817199     -0.5144995976      0.4801581161      0.0000000000
 128       2    1024      0.0227985079      0.0000000000      0.6826440277     -0.6818827408      0.7644999886      0.0000000000
 128       2    1024      0.0232065803      0.0000000000      0.7827219255     -0.7819255661      0.8833986984      0.0000000000
 128       2    1024      0.0171764031      0.0000000000      0.4345142911     -0.4338796138      0.2772298461      0.0000000000
 128       2    1024      0.0224854876      0.0000000000      0.6974035344     -0.6966261682      0.8170906858      0.0000000000
 128       2    1024      0.0231261230      0.0000000000      0.6832389635     -0.6824778600      0.7637366662      0.0000000000
 128       2    1024      0.0193016018      0.0000000000      0.5273800140     -0.5266917369      0.4975754558      0.0000000000
 128       2    1024      0.0212004042      0.0000000000      0.5941234029     -0.5934027418      0.6287467086      0.0000000000
 128       2    1024      0.0237690009      0.0000000000      0.7681692339     -0.7673848946      0.8437775949      0.0000000000
 128       2    1024      0.0225373209      0.0000000000      0.6773717569     -0.6766086156      0.7734193965      0.0000000000
 128       2    1024      0.0217438706      0.0000000000      0.6673868904     -0.6666310167      0.7502594429      0.0000000000
 128       2    1024      0.0183292276      0.0000000000      0.4922557562     -0.4915850301      0.4352267836      0.0000000000
 128       2    1024      0.0195578011      0.0000000000      0.5341176922     -0.5334235179      0.5205903355      0.0000000000
 128       2    1024      0.0193517753      0.0000000000      0.5372348447     -0.5365403222      0.5264970918      0.0000000000
 128       2    1024      0.0206069744      0.0000000000      0.5802401459     -0.5795231037      0.6125761701      0.0000000000
 128       2    1024      0.0181999528      0.0000000000      0.4796607438     -0.4789973268      0.3963414606      0.0000000000
 128       2    1024      0.0213321065      0.0000000000      0.6166744612     -0.6159319901      0.6998232750      0.0000000000
 128       2    1024      0.0201290730      0.0000000000      0.5541224491     -0.5534122696      0.5828455466      0.0000000000
 128       2    1024      0.0240839841      0.0000000000      0.8017653454     -0.8009603265      0.9100331910      0.0000000000
