 128       2      64      0.0157104593      0.0000000000      0.3689690238     -0.3683990475      0.0757770827      0.0000000000
 128       2      64      0.0221522735      0.0736750000      0.8742480807     -0.8734907328      0.9618296315      0.0000000000
 128       2      64      0.0237585662      0.0008250000      0.7340664176     -0.7333357105      0.8345450568      0.0000000000
 128       2      64      0.0196340766      0.0000000000      0.5457500690     -0.5450748571      0.5925241255      0.0000000000
 128       2      64      0.0214707981      0.0004750000      0.6455826592     -0.6448891757      0.6935433780      0.0000000000
 128       2      64      0.0197845510      0.0000000000      0.5542307211     -0.5535735103      0.5381012124      0.0000000000
 128       2      64      0.0217809491      0.0002500000      0.6224718190     -0.6217835092      0.6651286818      0.0000000000
 128       2      64      0.0159877981      0.0000000000      0.3819837249     -0.3814110070      0.1071573087      0.0000000000
 128       2      64      0.0194791330      0.0001250000      0.5425985507     -0.5419419624      0.5226029124      0.0000000000
 128       2      64      0.0201542909      0.0000000000      0.5602862114     -0.5596163757      0.5808142006      0.0000000000
 128       2      64      0.0209721046      0.0000750000      0.5963287841     -0.5956482296      0.6319114188      0.0000000000
 128       2      64      0.0161609275      0.0000000000      0.3861287045     -0.3855539889      0.1153590065      0.0000000000
 128       2      64      0.0196769144      0.0000000000      0.5386476801     -0.5379793123      0.5704792368      0.0000000000
 128       2      64      0.0200578854      0.0000000000      0.5617542830     -0.5610893286      0.5611589675      0.0000000000
 128       2      64      0.0167594013      0.0000000000      0.4152476999     -0.4146587070      0.1990627253      0.0000000000
 128       2      64      0.0237610297      0.0026750000      0.7531055575     -0.7523638328      0.8781522849      0.0000000000
 128       2      64      0.0153031585      0.0000000000      0.3496290162     -0.3490687337      0.0248423738      0.0000000000
 128       2      64      0.0213696248      0.0000250000      0.6266927272     -0.6259927951      0.7110847609      0.0000000000
 128       2      64      0.0204768312      0.0000000000      0.5778383311     -0.5771631346      0.6060058325      0.0000000000
 128       2      64      0.0213056809      0.0000250000      0.6185025291     -0.6178145037      0.6541663803      0.0000000000
 128       2      64      0.0191370995      0.0000000000      0.5224171273     -0.5217716901      0.4799467638      0.0000000000
 128       2      64      0.0235081682      0.0240000000      0.8446390810     -0.8438766622      0.9571275822      0.0000000000
 128       2      64      0.0190070051      0.0000000000      0.5175412111     -0.5168918880      0.4949274815      0.0000000000
 128       2      64      0.0201301794      0.0000000000      0.5892992875     -0.5886168546      0.6325983724      0.0000000000
 128       2      64      0.0160583278      0.0000000000      0.3813255738     -0.3807483870      0.1145898518      0.0000000000
 128       2      64      0.0189234492      0.0000000000      0.5037784255     -0.5031427613      0.4190263883      0.0000000000
 128       2      64      0.0198995959      0.0000000000      0.5502570837     -0.5495871616      0.5679839769      0.0000000000
 128       2      64      0.0153761044      0.0000000000      0.3546753931     -0.3541147895      0.0418115812      0.0000000000
 128       2      64      0.0176741907      0.0000000000      0.4471902539     -0.4465754697      0.3155798156      0.0000000000
 128       2      64      0.0161829549      0.0000000000      0.3915348397     -0.3909545993      0.1475957147      0.0000000000
 128       2      64      0.0196416157      0.0007750000      0.5802568306     -0.5795928734      0.5686448084      0.0000000000
 128       2      64      0.0168244519      0.0000000000      0.4230925910     -0.4225004933      0.2232261549      0.0000000000
 128       2      64      0.0160579323      0.0000000000      0.3845673062     -0.3839917918      0.1270534930      0.0000000000
 128       2      64      0.0179304223      0.0000000000      0.4688321031     -0.4682057453      0.3856628843      0.0000000000
 128       2      64      0.0161174552      0.0000000000      0.3853426973     -0.3847641409      0.1270684704      0.0000000000
 128       2      64      0.0244100128      0.0214250000      0.8176235987     -0.8168725165      0.9318353911      0.0000000000
 128       2      64      0.0188433274      0.0000000000      0.5044257662     -0.5037884554      0.4321716734      0.0000000000
 128       2      64      0.0163355370      0.0000000000      0.3979302873     -0.3973442720      0.1603765904      0.0000000000
 128       2      64      0.0187084617      0.0000000000      0.4977284949     -0.4970842044      0.4608273769      0.0000000000
 128       2      64      0.0166848934      0.0000000000      0.4159056870     -0.4153164517      0.2019613404      0.0000000000
 128       2      64      0.0152538083      0.0000000000      0.3535056736     -0.3529469900      0.0504409787      0.0000000000
 128       2      64      0.0196197166      0.0000000000      0.5394573131     -0.5387930293      0.5594737746      0.0000000000
 128       2      64      0.0165810918      0.0000000000      0.4054393187     -0.4048486156      0.1955117325      0.0000000000
 128       2      64      0.0206793872      0.0000000000      0.5915110058     -0.5908330540      0.6189380722      0.0000000000
 128       2      64      0.0247210048      0.0318000000      0.8399010367     -0.8391439403      0.9488240120      0.0000000000
 128       2      64      0.0187712346      0.0000000000      0.5074464234     -0.5068091058      0.4366019864      0.0000000000
 128       2      64      0.0171058173      0.0000000000      0.4332787095     -0.4326773295      0.2507682937      0.0000000000
 128       2      64      0.0162864093      0.0000000000      0.3934539039     -0.3928695204      0.1574639177      0.0000000000
 128       2      64      0.0215745195      0.0000000000      0.6112349141     -0.6105440294      0.6751716636      0.0000000000
 128       2      64      0.0196512702      0.0000250000      0.5521914903     -0.5515498634      0.4667237707      0.0000000000
 128       2     128      0.0228565295      0.0000000000      0.6670091591     -0.6662769602      0.7554830516      0.0000000000
 128       2     128      0.0179648433      0.0000000000      0.4688521558     -0.4682161138      0.3619362257      0.0000000000
 128       2     128      0.0247898529      0.0000500000      0.7905457350     -0.7897742549      0.8893597633      0.0000000000
 128       2     128      0.0240975574      0.0002500000      0.7824226445     -0.7816648995      0.8429225995      0.0000000000
 128       2     128      0.0176454984      0.0000000000      0.4548208028     -0.4541921248      0.3175260431      0.0000000000
 128       2     128      0.0221176287      0.0000000000      0.6605194137     -0.6597917393      0.7310602347      0.0000000000
 128       2     128      0.0156632292      0.0000000000      0.3681164758     -0.3675371585      0.0714122326      0.0000000000
 128       2     128      0.0172047448      0.0000000000      0.4362657915     -0.4356429378      0.2917435220      0.0000000000
 128       2     128      0.0168670686      0.0000000000      0.4154681107     -0.4148623235      0.1995776427      0.0000000000
 128       2     128      0.0153022928      0.0000000000      0.3508001289     -0.3502284722      0.0210162846      0.0000000000
 128       2     128      0.0155307565      0.0000000000      0.3651704476     -0.3645933487      0.0565355705      0.0000000000
 128       2     128      0.0166206378      0.0000000000      0.4155682602     -0.4149577914      0.2345551922      0.0000000000
 128       2     128      0.0172067504      0.0000000000      0.4363205869     -0.4357082706      0.2432485632      0.0000000000
 128       2     128      0.0154319169      0.0000000000      0.3601226767     -0.3595453910      0.0564521851      0.0000000000
 128       2     128      0.0194635040      0.0000000000      0.5243675545     -0.5237079093      0.4712198927      0.0000000000
 128       2     128      0.0204904464      0.0162000000      0.9266830619     -0.9258813147      0.9941683257      0.0000000000
 128       2     128      0.0176367403      0.0000000000      0.4494544543     -0.4488313690      0.2991888552      0.0000000000
 128       2     128      0.0161969245      0.0000000000      0.3899347297     -0.3893425369      0.1319907783      0.0000000000
 128       2     128      0.0243826774      0.0019000000      0.8544043397     -0.8536293809      0.9105934842      0.0000000000
 128       2     128      0.0187084627      0.0000000000      0.5010234323     -0.5003737009      0.4239696459      0.0000000000
 128       2     128      0.0161501977      0.0000000000      0.3850445525     -0.3844534420      0.1346895257      0.0000000000
 128       2     128      0.0227222693      0.0000000000      0.6701846484     -0.6694558616      0.7433891270      0.0000000000
 128       2     128      0.0165801811      0.0000000000      0.4070800528     -0.4064760279      0.1964312342      0.0000000000
 128       2     128      0.0182333465      0.0092000000      0.8861379882     -0.8853332846      0.0147233410      0.0000000000
 128       2     128      0.0241213803      0.0015500000      0.8073951365     -0.8066209151      0.9001994497      0.0000000000
 128       2     128      0.0233043756      0.0009000000      0.7743496062     -0.7735995305      0.8272459367      0.0000000000
 128       2     128      0.0241970067      0.0000000000      0.7589812965     -0.7582210264      0.8510407403      0.0000000000
 128       2     128      0.0210774671      0.0000000000      0.6152613588     -0.6145460698      0.6892552987      0.0000000000
 128       2     128      0.0161258391      0.0000000000      0.3846651756     -0.3840776174      0.1189904638      0.0000000000
 128       2     128      0.0193230296      0.0000000000      0.5329741808     -0.5323081415      0.4907891967      0.0000000000
 128       2     128      0.0256336762      0.0000000000      0.8171864954     -0.8164250661      0.8686628980      0.0000000000
 128       2     128      0.0210619673      0.0384000000      0.9589042793     -0.9581058562      0.9930792024      0.0000000000
 128       2     128      0.0234145614      0.0000000000      0.7134609198     -0.7127134752      0.8081469764      0.0000000000
 128       2     128      0.0198367236      0.0000000000      0.5562653247     -0.5555906822      0.5290978204      0.0000000000
 128       2     128      0.0153687308      0.0000000000      0.3563697097     -0.3557962997      0.0368806619      0.0000000000
 128       2     128      0.0218825176      0.0000000000      0.6615718791     -0.6608447356      0.7309675502      0.0000000000
 128       2     128      0.0158168211      0.0000000000      0.3792162106     -0.3786316041      0.0934896392      0.0000000000
 128       2     128      0.0197573880      0.0000000000      0.5403152250     -0.5396343679      0.5466395437      0.0000000000
 128       2     128      0.0206529477      0.0000000000      0.5743553369     -0.5736672645      0.5894593276      0.0000000000
 128       2     128      0.0227177754      0.0000000000      0.6956309117     -0.6949098122      0.7168817956      0.0000000000
 128       2     128      0.0152607049      0.0000000000      0.3503171762     -0.3497460885      0.0236815852      0.0000000000
 128       2     128      0.0252475362      0.0006000000      0.8357584692     -0.8349783685      0.9227450867      0.0000000000
 128       2     128      0.0173701327      0.0000000000      0.4395949432     -0.4389732103      0.2909111366      0.0000000000
 128       2     128      0.0193248265      0.0000000000      0.5176968245     -0.5170400675      0.4453155422      0.0000000000
 128       2     128      0.0175343294      0.0000000000      0.4553576491     -0.4547241716      0.3422244235      0.0000000000
 128       2     128      0.0201211809      0.0146000000      0.9081857796     -0.9073858667      0.9938171982      0.0000000000
 128       2     128      0.0162100506      0.0000000000      0.3941909136     -0.3935950273      0.1596496498      0.0000000000
 128       2     128      0.0173579409      0.0000000000      0.4381399482     -0.4375156284      0.2955067612      0.0000000000
 128       2     128      0.0250609629      0.0033000000      0.8298519451     -0.8290865639      0.8754767935      0.0000000000
 128       2     128      0.0192476813      0.0000000000      0.5137355038     -0.5130783489      0.4528689255      0.0000000000
 128       2     256      0.0204461555      0.0000000000      0.5928809846     -0.5921675671      0.6383396589      0.0000000000
 128       2     256      0.0159678128      0.0000000000      0.3790101167     -0.3784149272      0.1136902794      0.0000000000
 128       2     256      0.0160928894      0.0000000000      0.3828987257     -0.3822997679      0.1394190338      0.0000000000
 128       2     256      0.0161799202      0.0000000000      0.3858092593     -0.3852106445      0.1352929584      0.0000000000
 128       2     256      0.0239457357      0.0000000000      0.8671572483     -0.8663609409      0.9258256109      0.0000000000
 128       2     256      0.0241247352      0.0000000000      0.7694674578     -0.7686764037      0.9076693663      0.0000000000
 128       2     256      0.0199156853      0.0000000000      0.5460201877     -0.5453352946      0.5248262689      0.0000000000
 128       2     256      0.0189769698      0.0000000000      0.5127493670     -0.5120839938      0.4449760801      0.0000000000
 128       2     256      0.0182910216      0.0000000000      0.4788411720     -0.4781868812      0.3925701229      0.0000000000
 128       2     256      0.0179359299      0.0000000000      0.4657567628     -0.4651087584      0.3738059151      0.0000000000
 128       2     256      0.0209137793      0.0000000000      0.5873791752     -0.5866729898      0.6107201375      0.0000000000
 128       2     256      0.0156346802      0.0000000000      0.3650783880     -0.3644932716      0.0641797217      0.0000000000
 128       2     256      0.0234308919      0.0000000000      0.6865904615     -0.6858528353      0.7269948159      0.0000000000
 128       2     256      0.0161856988      0.0000000000      0.3906633261     -0.3900628528      0.1511282977      0.0000000000
 128       2     256      0.0159070767      0.0000000000      0.3771756796     -0.3765845213      0.0972236575      0.0000000000
 128       2     256      0.0193925242      0.0000000000      0.5315617634     -0.5308743697      0.5376108346      0.0000000000
 128       2     256      0.0164405917      0.0000000000      0.4023483001     -0.4017414059      0.1783740682      0.0000000000
 128       2     256      0.0244497506      0.0000000000      0.7836216156     -0.7828437976      0.8705045716      0.0000000000
 128       2     256      0.0174171183      0.0000000000      0.4490062044     -0.4483726458      0.3046217208      0.0000000000
 128       2     256      0.0228975434      0.0000000000      0.7260733279     -0.7253138190      0.8049032971      0.0000000000
 128       2     256      0.0249102379      0.0000000000      0.7924711192     -0.7916973990      0.8523233358      0.0000000000
 128       2     256      0.0160981145      0.0000000000      0.3834456837     -0.3828523342      0.1194527261      0.0000000000
 128       2     256      0.0239848472      0.0000000000      0.8962903614     -0.8954824167      0.9634323413      0.0000000000
 128       2     256      0.0218347066      0.0000000000      0.6548039309     -0.6540719212      0.7135071650      0.0000000000
 128       2     256      0.0225494470      0.0000000000      0.6793993788     -0.6786476473      0.7756175902      0.0000000000
 128       2     256      0.0216963259      0.0000000000      0.6405720374     -0.6398396600      0.7078150784      0.0000000000
 128       2     256      0.0208931724      0.0000000000      0.6673408116     -0.6666059064      0.7173857238      0.0000000000
 128       2     256      0.0240010213      0.0000000000      0.7361701664     -0.7354150569      0.7863685680      0.0000000000
 128       2     256      0.0231188529      0.0000000000      0.7337520660     -0.7329949032      0.7971034508      0.0000000000
 128       2     256      0.0245705218      0.0004000000      0.9380625944     -0.9372556082      0.9600051754      0.0000000000
 128       2     256      0.0176086849      0.0000000000      0.4476096130     -0.4469760405      0.3079171373      0.0000000000
 128       2     256      0.0240158051      0.0043000000      1.0201136917     -1.0193069606      0.9720763839      0.0000000000
 128       2     256      0.0214617982      0.0000000000      0.6593095444     -0.6585737862      0.7302634942      0.0000000000
 128       2     256      0.0233265080      0.0000000000      0.7119232197     -0.7111704534      0.7950647040      0.0000000000
 128       2     256      0.0203180439      0.0000000000      0.5886788408     -0.5879690338      0.6277124061      0.0000000000
 128       2     256      0.0229570924      0.0000000000      0.6852514561     -0.6844969995      0.7798605343      0.0000000000
 128       2     256      0.0227770762      0.0000000000      0.7413865562     -0.7406240091      0.8148497735      0.0000000000
 128       2     256      0.0197229152      0.0000000000      0.5481122066     -0.5474247315      0.5382938128      0.0000000000
 128       2     256      0.0244966206      0.0000000000      0.8134619160     -0.8126771168      0.8931565709      0.0000000000
 128       2     256      0.0192250809      0.0000000000      0.5306825997     -0.5300081547      0.4877200913      0.0000000000
 128       2     256      0.0214646030      0.0000000000      0.6221597545     -0.6214374917      0.6751132727      0.0000000000
 128       2     256      0.0212656168      0.0000000000      0.6293782010     -0.6286497863      0.6988952952      0.0000000000
 128       2     256      0.0239280082      0.0000000000      0.7879059961     -0.7871199520      0.8877541627      0.0000000000
 128       2     256      0.0223279710      0.0000000000      0.6645225816     -0.6637902271      0.6999444568      0.0000000000
 128       2     256      0.0234451617      0.0000000000      0.7705728703     -0.7697943170      0.8714747473      0.0000000000
 128       2     256      0.0161753965      0.0000000000      0.3887412898     -0.3881453049      0.1214365211      0.0000000000
 128       2     256      0.0201102017      0.0000000000      0.5555085748     -0.5548112600      0.5701152691      0.0000000000
 128       2     256      0.0200234755      0.0000000000      0.5569386281     -0.5562451780      0.5709778723      0.0000000000
 128       2     256      0.0160117705      0.0000000000      0.3828844485     -0.3822901515      0.1115938268      0.0000000000
 128       2     256      0.0210730475      0.0000000000      0.5993309054     -0.5986095005      0.6635535669      0.0000000000
 128       2     512      0.0186282373      0.0000000000      0.4881883294     -0.4875348584      0.3657514778      0.0000000000
 128       2     512      0.0182301450      0.0000000000      0.4849510653     -0.4842939948      0.3855242140      0.0000000000
 128       2     512      0.0169186218      0.0000000000      0.4256250729     -0.4249978574      0.2569801241      0.0000000000
 128       2     512      0.0189999420      0.0000000000      0.5132855397     -0.5126078658      0.4754622249      0.0000000000
 128       2     512      0.0167706519      0.0000000000      0.4117496454     -0.4111334020      0.2029409776      0.0000000000
 128       2     512      0.0191716919      0.0000000000      0.5167972880     -0.5161253335      0.4445678429      0.0000000000
 128       2     512      0.0208454704      0.0000000000      0.6062236811     -0.6055115464      0.6123316114      0.0000000000
 128       2     512      0.0207674804      0.0000000000      0.6008452243     -0.6001390753      0.5849184610      0.0000000000
 128       2     512      0.0157566925      0.0000000000      0.3694086118     -0.3688165920      0.0783701220      0.0000000000
 128       2     512      0.0171869372      0.0000000000      0.4310724792     -0.4304424034      0.2677941538      0.0000000000
 128       2     512      0.0169557899      0.0000000000      0.4180108380     -0.4173941006      0.2054772608      0.0000000000
 128       2     512      0.0157970510      0.0000000000      0.3734000141     -0.3728068930      0.0820780663      0.0000000000
 128       2     512      0.0181636137      0.0000000000      0.4812580786     -0.4806035893      0.3773066776      0.0000000000
 128       2     512      0.0185716562      0.0000000000      0.5106594717     -0.5099882773      0.4437161918      0.0000000000
 128       2     512      0.0253974898      0.0000000000      0.8877930984     -0.8869840900      0.9371438681      0.0000000000
 128       2     512      0.0237881729      0.0000000000      0.7406737591     -0.7399074136      0.7956243504      0.0000000000
 128       2     512      0.0218914882      0.0000000000      0.6407717460     -0.6400264888      0.7249130530      0.0000000000
 128       2     512      0.0189708155      0.0000000000      0.5112705174     -0.5105858634      0.5009812343      0.0000000000
 128       2     512      0.0189475451      0.0000000000      0.5134178746     -0.5127390467      0.4733470853      0.0000000000
 128       2     512      0.0176306083      0.0000000000      0.4506550462     -0.4500156530      0.3036981449      0.0000000000
 128       2     512      0.0240787495      0.0000000000      0.9255578479     -0.9247496199      0.9364637145      0.0000000000
 128       2     512      0.0202111700      0.0000000000      0.5831479908     -0.5824523321      0.5367411511      0.0000000000
 128       2     512      0.0168052935      0.0000000000      0.4163784290     -0.4157609525      0.2003337614      0.0000000000
 128       2     512      0.0209779274      0.0000000000      0.5973073949     -0.5965878577      0.6293579482      0.0000000000
 128       2     512      0.0247252023      0.0000000000      0.8073915907     -0.8066070516      0.8598103038      0.0000000000
 128       2     512      0.0170202907      0.0000000000      0.4254233076     -0.4247995869      0.2380506940      0.0000000000
 128       2     512      0.0207390558      0.0000000000      0.5864211609     -0.5857074713      0.6079981854      0.0000000000
 128       2     512      0.0203784297      0.0000000000      0.5635607351     -0.5628600653      0.5625546288      0.0000000000
 128       2     512      0.0212085516      0.0000000000      0.6193809610     -0.6186560789      0.6585869380      0.0000000000
 128       2     512      0.0189956276      0.0000000000      0.5083178668     -0.5076354362      0.4930875459      0.0000000000
 128       2     512      0.0229782727      0.0000000000      0.6805844732     -0.6798271064      0.7668051714      0.0000000000
 128       2     512      0.0242040679      0.0000000000      0.8039679423     -0.8031787479      0.8776725407      0.0000000000
 128       2     512      0.0212830580      0.0000000000      0.6147572737     -0.6140279661      0.6691262199      0.0000000000
 128       2     512      0.0162584453      0.0000000000      0.3911842133     -0.3905796299      0.1442698655      0.0000000000
 128       2     512      0.0229806323      0.0000000000      0.6799490275     -0.6791870563      0.7787002745      0.0000000000
 128       2     512      0.0238506031      0.0000000000      0.9496309386     -0.9488291972      0.9172989860      0.0000000000
 128       2     512      0.0241939403      0.0000000000      0.7972009169     -0.7964160536      0.8575959083      0.0000000000
 128       2     512      0.0167943858      0.0000000000      0.4228342580     -0.4222125248      0.2238312376      0.0000000000
 128       2     512      0.0212898930      0.0000000000      0.5969432694     -0.5962251537      0.6254305811      0.0000000000
 128       2     512      0.0218219442      0.0000000000      0.6238141369     -0.6230910249      0.6492189025      0.0000000000
 128       2     512      0.0234320715      0.0000000000      0.8375857077     -0.8367767247      0.9350693112      0.0000000000
 128       2     512      0.0162327417      0.0000000000      0.3888666904     -0.3882628027      0.1423162053      0.0000000000
 128       2     512      0.0229483437      0.0000000000      0.7199004906     -0.7191335213      0.8050703186      0.0000000000
 128       2     512      0.0151913719      0.0000000000      0.3479156014     -0.3473363573      0.0054352981      0.0000000000
 128       2     512      0.0158595712      0.0000000000      0.3739131127     -0.3733185517      0.0922295389      0.0000000000
 128       2     512      0.0232230927      0.0000000000      0.9460632610     -0.9452379193      0.9821627121      0.0000000000
 128       2     512      0.0164756800      0.0000000000      0.4035626876     -0.4029525461      0.1746110458      0.0000000000
 128       2     512      0.0163009335      0.0000000000      0.3989292248     -0.3983230353      0.1527707475      0.0000000000
 128       2     512      0.0166744865      0.0000000000      0.4091792873     -0.4085603621      0.2116445685      0.0000000000
 128       2     512      0.0201972822      0.0000000000      0.5573546064     -0.5566447065      0.5990356972      0.0000000000
 128       2    1024      0.0216380515      0.0000000000      0.6055717859     -0.6048534294      0.6177399073      0.0000000000
 128       2    1024      0.0172885124      0.0000000000      0.4434773854     -0.4428410965      0.2849603296      0.0000000000
 128       2    1024      0.0212763692      0.0000000000      0.6295347396     -0.6287904189      0.7078457812      0.0000000000
 128       2    1024      0.0204228017      0.0000000000      0.5972958446     -0.5965636561      0.6619459381      0.0000000000
 128       2    1024      0.0161429814      0.0000000000      0.3929542513     -0.3923471620      0.1408617185      0.0000000000
 128       2    1024      0.0225339806      0.0000000000      0.6997896414     -0.6990245686      0.7786531452      0.0000000000
 128       2    1024      0.0189131053      0.0000000000      0.5196108072     -0.5189266692      0.4822603465      0.0000000000
 128       2    1024      0.0225210536      0.0000000000      0.6980221668     -0.6972547706      0.7880840905      0.0000000000
 128       2    1024      0.0173810198      0.0000000000      0.4377155231     -0.4370836189      0.2546783701      0.0000000000
 128       2    1024      0.0230069589      0.0000000000      0.6930117346     -0.6922384333      0.8080865365      0.0000000000
 128       2    1024      0.0154862250      0.0000000000      0.3604290957     -0.3598392789      0.0582102346      0.0000000000
 128       2    1024      0.0180382644      0.0000000000      0.4623125427     -0.4616654939      0.3259595624      0.0000000000
 128       2    1024      0.0158238520      0.0000000000      0.3740999569     -0.3735039659      0.0825551535      0.0000000000
 128       2    1024      0.0221042304      0.0000000000      0.6604692227     -0.6597153906      0.7424909344      0.0000000000
 128       2    1024      0.0209070174      0.0000000000      0.5870110578     -0.5862937265      0.6101230890      0.0000000000
 128       2    1024      0.0212599454      0.0000000000      0.6224796925     -0.6217392982      0.6931991616      0.0000000000
 128       2    1024      0.0187350001      0.0000000000      0.5100507339     -0.5093652891      0.4932825841      0.0000000000
 128       2    1024      0.0226490100      0.0000000000      0.7134418016     -0.7126732597      0.7900925413      0.0000000000
 128       2    1024      0.0232720059      0.0000000000      0.7385206093     -0.7377450073      0.8111330149      0.0000000000
 128       2    1024      0.0156764114      0.0000000000      0.3671035109     -0.3665104254      0.0674869847      0.0000000000
 128       2    1024      0.0154237642      0.0000000000      0.3552833482     -0.3546968753      0.0367590503      0.0000000000
 128       2    1024      0.0249041380      0.0000000000      0.7960789433     -0.7952872156      0.8644153586      0.0000000000
 128       2    1024      0.0227599982      0.0000000000      0.8735520640     -0.8727270582      0.9705514118      0.0000000000
 128       2    1024      0.0182203652      0.0000000000      0.4756707704     -0.4750139731      0.3667606927      0.0000000000
 128       2    1024      0.0174247980      0.0000000000      0.4463598279     -0.4457214098      0.2865038586      0.0000000000
 128       2    1024      0.0242773967      0.0000000000      0.8024612137     -0.8016750641      0.8488075051      0.0000000000
 128       2    1024      0.0165369783      0.0000000000      0.4051000282     -0.4044864168      0.1732155412      0.0000000000
 128       2    1024      0.0171010455      0.0000000000      0.4321875020     -0.4315609905      0.2350607278      0.0000000000
 128       2    1024      0.0172159624      0.0000000000      0.4287459142     -0.4281123366      0.2650396588      0.0000000000
 128       2    1024      0.0177433975      0.0000000000      0.4563521210     -0.4557044897      0.3243815780      0.0000000000
 128       2    1024      0.0158489672      0.0000000000      0.3741050395     -0.3735092333      0.0834259730      0.0000000000
 128       2    1024      0.0159801575      0.0000000000      0.3772647740     -0.3766655281      0.0999021099      0.0000000000
 128       2    1024      0.0212580242      0.0000000000      0.5927498575     -0.5920298021      0.6264167550      0.0000000000
 128       2    1024      0.0181049218      0.0000000000      0.4785115076     -0.4778462603      0.4038340433      0.0000000000
 128       2    1024      0.0157468056      0.0000000000      0.3695165148     -0.3689217930      0.0791425653      0.0000000000
 128       2    1024      0.0152149630      0.0000000000      0.3479727770     -0.3473906595      0.0029312181      0.0000000000
 128       2    1024      0.0200739772      0.0000000000      0.5500642169     -0.5493697518      0.5252635205      0.0000000000
 128       2    1024      0.0199919786      0.0000000000      0.5591481532     -0.5584396463      0.5769574384      0.0000000000
 128       2    1024      0.0165908671      0.0000000000      0.4075878520     -0.4069729682      0.1831879214      0.0000000000
 128       2    1024      0.0185668331      0.0000000000      0.4956874594     -0.4950107057      0.4559486035      0.0000000000
 128       2    1024      0.0183887608      0.0000000000      0.4839432437     -0.4832774438      0.4057768182      0.0000000000
 128       2    1024      0.0240341612      0.0000000000      0.7480773725     -0.7473029267      0.8121488297      0.0000000000
 128       2    1024      0.0205770131      0.0000000000      0.5912305208     -0.5905050616      0.6374024207      0.0000000000
 128       2    1024      0.0208270792      0.0000000000      0.6195059337     -0.6187682662      0.6859295955      0.0000000000
 128       2    1024      0.0155960521      0.0000000000      0.3661756399     -0.3655826444      0.0704935531      0.0000000000
 128       2    1024      0.0197476988      0.0000000000      0.5480769628     -0.5473766129      0.5467481720      0.0000000000
 128       2    1024      0.0244443508      0.0000000000      0.9041070944     -0.9032977954      0.9190421442      0.0000000000
 128       2    1024      0.0173485557      0.0000000000      0.4528589278     -0.4522136687      0.3204166386      0.0000000000
 128       2    1024      0.0246315452      0.0000000000      0.7942598449     -0.7934664576      0.8716800824      0.0000000000
 128       2    1024      0.0191962313      0.0000000000      0.5244467303     -0.5237586807      0.5021840670      0.0000000000
