 128       2      64      0.0256693229      0.0406250000      0.8816296430     -0.8808840509      0.9094143573      0.0000000000
 128       2      64      0.0153041612      0.0000000000      0.3504509918     -0.3498904779      0.0232642811      0.0000000000
 128       2      64      0.0219408074      0.0003000000      0.6563113415     -0.6556032475      0.7416333623      0.0000000000
 128       2      64      0.0254935953      0.0115000000      0.8327017822     -0.8319581779      0.8974469165      0.0000000000
 128       2      64      0.0179145990      0.0000000000      0.4742647572     -0.4736396521      0.3773546618      0.0000000000
 128       2      64      0.0179481488      0.0688000000      0.8643168541     -0.8635475299      0.0160841996      0.0000000000
 128       2      64      0.0180649539      0.0000000000      0.4716369891     -0.4710177618      0.3479338193      0.0000000000
 128       2      64      0.0204818310      0.0000250000      0.5783412281     -0.5776703712      0.5889463823      0.0000000000
 128       2      64      0.0241028359      0.0026000000      0.7469782015     -0.7462477628      0.8383954859      0.0000000000
 128       2      64      0.0188414230      0.0000000000      0.5038499957     -0.5032098970      0.4514779921      0.0000000000
 128       2      64      0.0175030531      0.0000000000      0.4619986439     -0.4613755537      0.3561232329      0.0000000000
 128       2      64      0.0203484923      0.0862500000      0.8790639884     -0.8782930627      0.9894920817      0.0000000000
 128       2      64      0.0179659559      0.0635000000      0.8525320639     -0.8517573762      0.9975253192      0.0000000000
 128       2      64      0.0167082847      0.0000000000      0.4121202400     -0.4115276802      0.2016037831      0.0000000000
 128       2      64      0.0178503007      0.0000000000      0.4659933451     -0.4653720842      0.3474499490      0.0000000000
 128       2      64      0.0163474920      0.0000000000      0.4022024651     -0.4016172697      0.1648577672      0.0000000000
 128       2      64      0.0171781690      0.0000000000      0.4333413112     -0.4327371093      0.2624536480      0.0000000000
 128       2      64      0.0201258129      0.0000000000      0.5587354149     -0.5580696709      0.5642782114      0.0000000000
 128       2      64      0.0203293169      0.0000000000      0.5632002073     -0.5625228576      0.6000973862      0.0000000000
 128       2      64      0.0171775613      0.0000000000      0.4389637607     -0.4383612269      0.2565358435      0.0000000000
 128       2      64      0.0169876017      0.0000000000      0.4176780918     -0.4170843891      0.2130281651      0.0000000000
 128       2      64      0.0164591182      0.0000000000      0.4040720849     -0.4034867621      0.1613843507      0.0000000000
 128       2      64      0.0172641605      0.0000000000      0.4387941466     -0.4381829445      0.3007329304      0.0000000000
 128       2      64      0.0231825303      0.0018500000      0.7023337580     -0.7016152879      0.7887672532      0.0000000000
 128       2      64      0.0235228785      0.0017500000      0.7264446031     -0.7257158334      0.8252925674      0.0000000000
 128       2      64      0.0213399393      0.0000000000      0.6159244203     -0.6152327525      0.6712538745      0.0000000000
 128       2      64      0.0164994965      0.0000000000      0.4060034264     -0.4054163030      0.1880150038      0.0000000000
 128       2      64      0.0223460216      0.0001250000      0.6818724415     -0.6811442552      0.8205991630      0.0000000000
 128       2      64      0.0238168265      0.0304750000      0.8373346642     -0.8365761137      0.9471410556      0.0000000000
 128       2      64      0.0199791076      0.0000000000      0.5534071577     -0.5527453499      0.5425808443      0.0000000000
 128       2      64      0.0248257792      0.0053750000      0.7849427151     -0.7842121001      0.8465894450      0.0000000000
 128       2      64      0.0202429900      0.0000000000      0.5872843335     -0.5866069408      0.6102890827      0.0000000000
 128       2      64      0.0152426950      0.0000000000      0.3513758274     -0.3508160283      0.0261377387      0.0000000000
 128       2      64      0.0166119158      0.0000000000      0.4071174787     -0.4065268392      0.1944622986      0.0000000000
 128       2      64      0.0185700345      0.0000000000      0.5019766814     -0.5013316830      0.4605059951      0.0000000000
 128       2      64      0.0207621637      0.0000000000      0.5896284907     -0.5889535445      0.6089186059      0.0000000000
 128       2      64      0.0179657312      0.0000000000      0.4846383799     -0.4840151980      0.3834819180      0.0000000000
 128       2      64      0.0180952802      0.0000000000      0.4874961321     -0.4868691363      0.3901331612      0.0000000000
 128       2      64      0.0231950954      0.0621500000      0.8844168450     -0.8836495954      0.9789296834      0.0000000000
 128       2      64      0.0244018268      0.0125000000      0.8220374372     -0.8212856063      0.9204748037      0.0000000000
 128       2      64      0.0198960669      0.0000000000      0.5550201028     -0.5543491071      0.5888171981      0.0000000000
 128       2      64      0.0171984443      0.0000000000      0.4390466396     -0.4384435252      0.2652371735      0.0000000000
 128       2      64      0.0256988418      0.0373750000      0.8774446245     -0.8766956123      0.9459794973      0.0000000000
 128       2      64      0.0162398709      0.0000000000      0.3897613391     -0.3891842081      0.1233533176      0.0000000000
 128       2      64      0.0164640480      0.0000000000      0.3983500262     -0.3977628799      0.1682487368      0.0000000000
 128       2      64      0.0218606196      0.0000250000      0.6336999511     -0.6329944925      0.7297430946      0.0000000000
 128       2      64      0.0221928096      0.0214500000      0.7614119018     -0.7606871176      0.8297610586      0.0000000000
 128       2      64      0.0228822437      0.0007500000      0.6670209472     -0.6663247847      0.7008088740      0.0000000000
 128       2      64      0.0158004982      0.0000000000      0.3759446161     -0.3753687626      0.1105611738      0.0000000000
 128       2      64      0.0231645205      0.0552000000      0.8571652447     -0.8564114198      0.9446491760      0.0000000000
 128       2     128      0.0198628854      0.0000000000      0.5567602819     -0.5560710395      0.5891203262      0.0000000000
 128       2     128      0.0219872440      0.0000000000      0.6574590282     -0.6567296739      0.7402010559      0.0000000000
 128       2     128      0.0269274977      0.0031500000      0.9192015191     -0.9184289030      0.9041083940      0.0000000000
 128       2     128      0.0167696334      0.0000000000      0.4293824428     -0.4287742160      0.2156144329      0.0000000000
 128       2     128      0.0152093110      0.0000000000      0.3473554105     -0.3467862104      0.0092286703      0.0000000000
 128       2     128      0.0219865624      0.0000000000      0.6854851884     -0.6847557564      0.7444198037      0.0000000000
 128       2     128      0.0162688467      0.0000000000      0.3923669481     -0.3917760628      0.1308981097      0.0000000000
 128       2     128      0.0183449998      0.0094000000      0.8891013613     -0.8882980018      0.0171681818      0.0000000000
 128       2     128      0.0208231170      0.0000000000      0.5983630240     -0.5976619381      0.6365234817      0.0000000000
 128       2     128      0.0169215182      0.0000000000      0.4233142922     -0.4227085975      0.2146457384      0.0000000000
 128       2     128      0.0201323140      0.0000000000      0.5479310313     -0.5472571355      0.5219028651      0.0000000000
 128       2     128      0.0231670801      0.0000000000      0.7256532456     -0.7248999555      0.8284400966      0.0000000000
 128       2     128      0.0160445015      0.0000000000      0.3808501093     -0.3802641138      0.1117247692      0.0000000000
 128       2     128      0.0234632993      0.0000000000      0.7552713450     -0.7544993747      0.8943422916      0.0000000000
 128       2     128      0.0200225231      0.0000000000      0.5855953692     -0.5849148735      0.5527779278      0.0000000000
 128       2     128      0.0163390198      0.0000000000      0.3967641215     -0.3961692370      0.1500353143      0.0000000000
 128       2     128      0.0249767948      0.0009500000      0.8364440423     -0.8356746668      0.8876916006      0.0000000000
 128       2     128      0.0180422797      0.0126000000      0.8814005172     -0.8805972078      0.9966235106      0.0000000000
 128       2     128      0.0205809022      0.0000000000      0.5715510260     -0.5708611399      0.5872016325      0.0000000000
 128       2     128      0.0253420219      0.0018000000      0.8593370169     -0.8585621616      0.9319459500      0.0000000000
 128       2     128      0.0158778862      0.0000000000      0.3774099192     -0.3768240662      0.1014942758      0.0000000000
 128       2     128      0.0226596751      0.0000000000      0.6796200154     -0.6788757805      0.7908306079      0.0000000000
 128       2     128      0.0167033757      0.0000000000      0.4149833051     -0.4143769737      0.2084042390      0.0000000000
 128       2     128      0.0220727601      0.0000000000      0.6687859571     -0.6680592846      0.7315612749      0.0000000000
 128       2     128      0.0172404454      0.0000000000      0.4361530992     -0.4355271305      0.3018616350      0.0000000000
 128       2     128      0.0206882446      0.0000000000      0.5925832594     -0.5918880051      0.6120225188      0.0000000000
 128       2     128      0.0186281623      0.0000000000      0.5073609160     -0.5067048740      0.4459357482      0.0000000000
 128       2     128      0.0257112573      0.0003000000      0.8451976446     -0.8444193582      0.9160309426      0.0000000000
 128       2     128      0.0234387159      0.0001000000      0.7878481904     -0.7870768534      0.8917758927      0.0000000000
 128       2     128      0.0187152055      0.0000000000      0.5120460438     -0.5113856005      0.4602702935      0.0000000000
 128       2     128      0.0232706109      0.0000500000      0.7058336297     -0.7050993179      0.7567181317      0.0000000000
 128       2     128      0.0173298886      0.0000000000      0.4397141364     -0.4390915105      0.2933312782      0.0000000000
 128       2     128      0.0160778862      0.0000000000      0.3842497807     -0.3836588762      0.1293959440      0.0000000000
 128       2     128      0.0162708412      0.0000000000      0.3919825115     -0.3913908337      0.1343917496      0.0000000000
 128       2     128      0.0248496216      0.0009000000      0.8319980943     -0.8312280767      0.9034426291      0.0000000000
 128       2     128      0.0174869719      0.0000000000      0.4423302481     -0.4417093030      0.2831710089      0.0000000000
 128       2     128      0.0223338727      0.0341000000      0.9528837277     -0.9520960497      0.9560330897      0.0000000000
 128       2     128      0.0156390939      0.0000000000      0.3662572739     -0.3656793197      0.0686395918      0.0000000000
 128       2     128      0.0151804388      0.0000000000      0.3485439126     -0.3479753474      0.0032030976      0.0000000000
 128       2     128      0.0186806733      0.0000000000      0.4997085627     -0.4990587640      0.4332682162      0.0000000000
 128       2     128      0.0230149991      0.0000000000      0.6875579504     -0.6868146813      0.7981059870      0.0000000000
 128       2     128      0.0180675181      0.0000000000      0.4694093665     -0.4687759295      0.3434049327      0.0000000000
 128       2     128      0.0155444787      0.0000000000      0.3666723969     -0.3660938160      0.0589114817      0.0000000000
 128       2     128      0.0229029790      0.0000000000      0.6915149488     -0.6907813339      0.7547420207      0.0000000000
 128       2     128      0.0163655958      0.0000000000      0.3978321624     -0.3972361762      0.1613376247      0.0000000000
 128       2     128      0.0192592382      0.0000000000      0.5319361475     -0.5312703540      0.4806140867      0.0000000000
 128       2     128      0.0159349769      0.0000000000      0.3780370976     -0.3774512995      0.1112004174      0.0000000000
 128       2     128      0.0157331391      0.0000000000      0.3710517901     -0.3704708988      0.0785281239      0.0000000000
 128       2     128      0.0206087782      0.0000000000      0.5723874698     -0.5717023246      0.5695070067      0.0000000000
 128       2     128      0.0161305144      0.0000000000      0.3877067861     -0.3871151944      0.1353872389      0.0000000000
 128       2     256      0.0190997735      0.0000000000      0.5117038053     -0.5110334258      0.4719769335      0.0000000000
 128       2     256      0.0163713901      0.0000000000      0.4021020960     -0.4014934862      0.1880441963      0.0000000000
 128       2     256      0.0210852427      0.0000000000      0.6378597984     -0.6371217249      0.7378591753      0.0000000000
 128       2     256      0.0166260874      0.0000000000      0.4065837800     -0.4059760041      0.1803283364      0.0000000000
 128       2     256      0.0194207767      0.0000000000      0.5235271010     -0.5228442058      0.5189472574      0.0000000000
 128       2     256      0.0219434783      0.0000000000      0.6515031384     -0.6507659880      0.7255906149      0.0000000000
 128       2     256      0.0226802097      0.0000000000      0.7040828995     -0.7033337113      0.7725098125      0.0000000000
 128       2     256      0.0193935247      0.0000000000      0.5266853492     -0.5260032658      0.5125514684      0.0000000000
 128       2     256      0.0176937105      0.0000000000      0.4516521299     -0.4510219150      0.2884721923      0.0000000000
 128       2     256      0.0167846727      0.0000000000      0.4164185684     -0.4158050464      0.2062044901      0.0000000000
 128       2     256      0.0185854655      0.0000000000      0.5112185640     -0.5105440412      0.4837599897      0.0000000000
 128       2     256      0.0166297418      0.0000000000      0.4057330123     -0.4051276409      0.1749777514      0.0000000000
 128       2     256      0.0197795899      0.0000000000      0.5588790333     -0.5581899128      0.5390611309      0.0000000000
 128       2     256      0.0238636769      0.0000000000      0.7699312512     -0.7691473134      0.8817220227      0.0000000000
 128       2     256      0.0234726165      0.0000000000      0.7916834845     -0.7908931830      0.9052417630      0.0000000000
 128       2     256      0.0189407236      0.0000000000      0.5069195968     -0.5062532267      0.4427178317      0.0000000000
 128       2     256      0.0182921942      0.0000000000      0.8894696228     -0.8886492491      0.9961656008      0.0000000000
 128       2     256      0.0248554558      0.0000000000      0.8308700469     -0.8300781462      0.9127078184      0.0000000000
 128       2     256      0.0198716235      0.0000000000      0.5479909138     -0.5472953053      0.5626952951      0.0000000000
 128       2     256      0.0160020479      0.0000000000      0.3866150823     -0.3860202533      0.1206164255      0.0000000000
 128       2     256      0.0196691626      0.0000000000      0.5508154834     -0.5501260581      0.5506984233      0.0000000000
 128       2     256      0.0182803862      0.0000000000      0.8994159938     -0.8985950771      0.9981783133      0.0000000000
 128       2     256      0.0191612547      0.0000000000      0.5114597007     -0.5107883900      0.4711372848      0.0000000000
 128       2     256      0.0204584432      0.0000000000      0.5962418177     -0.5955147771      0.6864287651      0.0000000000
 128       2     256      0.0226382847      0.0000000000      0.6849719069     -0.6842191334      0.7740896246      0.0000000000
 128       2     256      0.0195394830      0.0000000000      0.5530825752     -0.5523835743      0.5758121176      0.0000000000
 128       2     256      0.0177707149      0.0000000000      0.4774764761     -0.4768262236      0.3819820192      0.0000000000
 128       2     256      0.0162369625      0.0000000000      0.3917718383     -0.3911706093      0.1486207236      0.0000000000
 128       2     256      0.0235597952      0.0000000000      0.7416322076     -0.7408628002      0.8396837058      0.0000000000
 128       2     256      0.0215969600      0.0000000000      0.6685956558     -0.6678590129      0.7273648711      0.0000000000
 128       2     256      0.0174621840      0.0000000000      0.4399585053     -0.4393276364      0.2873360840      0.0000000000
 128       2     256      0.0250239600      0.0000000000      0.8568240455     -0.8560266725      0.9274704654      0.0000000000
 128       2     256      0.0177811346      0.0000000000      0.4629208277     -0.4622736590      0.3738983358      0.0000000000
 128       2     256      0.0160367400      0.0000000000      0.3792622484     -0.3786662864      0.1151450737      0.0000000000
 128       2     256      0.0206465310      0.0000000000      0.5725970609     -0.5719023771      0.5730857252      0.0000000000
 128       2     256      0.0179170880      0.0000000000      0.4642386608     -0.4635939484      0.3501386248      0.0000000000
 128       2     256      0.0166296835      0.0000000000      0.4126755029     -0.4120663822      0.1869409505      0.0000000000
 128       2     256      0.0216013877      0.0000000000      0.6427796988     -0.6420395271      0.7358192865      0.0000000000
 128       2     256      0.0160228733      0.0000000000      0.3835585637     -0.3829619321      0.1226451091      0.0000000000
 128       2     256      0.0153414885      0.0000000000      0.3530491878     -0.3524710207      0.0295644619      0.0000000000
 128       2     256      0.0154077128      0.0000000000      0.3562161909     -0.3556370530      0.0394770873      0.0000000000
 128       2     256      0.0202305190      0.0000000000      0.5418838511     -0.5412063285      0.4931643788      0.0000000000
 128       2     256      0.0168943862      0.0000000000      0.4298393894     -0.4292172870      0.2568447431      0.0000000000
 128       2     256      0.0231886513      0.0000000000      0.7407184225     -0.7399464783      0.8496837977      0.0000000000
 128       2     256      0.0242941220      0.0000000000      0.8764957785     -0.8757073458      0.9050661854      0.0000000000
 128       2     256      0.0220206113      0.0000000000      0.6993170300     -0.6985661679      0.7813619846      0.0000000000
 128       2     256      0.0188777359      0.0000000000      0.5029753410     -0.5023051453      0.4592235291      0.0000000000
 128       2     256      0.0159039679      0.0000000000      0.3746321539     -0.3740416851      0.0959897413      0.0000000000
 128       2     256      0.0158616669      0.0000000000      0.3773856083     -0.3767962481      0.0900944632      0.0000000000
 128       2     256      0.0244178577      0.0000000000      0.8797943405     -0.8789902205      0.9521371023      0.0000000000
 128       2     512      0.0166721486      0.0000000000      0.4111053465     -0.4104885042      0.1993887524      0.0000000000
 128       2     512      0.0235709186      0.0000000000      0.8150611270     -0.8142544948      0.9258486570      0.0000000000
 128       2     512      0.0200480069      0.0000000000      0.5651758810     -0.5644661986      0.5926123772      0.0000000000
 128       2     512      0.0229519572      0.0000000000      0.9653243793     -0.9645014773      0.9840387174      0.0000000000
 128       2     512      0.0217037101      0.0000000000      0.6493405724     -0.6485885179      0.7533823653      0.0000000000
 128       2     512      0.0175711761      0.0000000000      0.4610641970     -0.4604187440      0.3324436549      0.0000000000
 128       2     512      0.0170160899      0.0000000000      0.4262684990     -0.4256427357      0.2443920563      0.0000000000
 128       2     512      0.0182025268      0.0000000000      0.4728785256     -0.4722231422      0.3776921446      0.0000000000
 128       2     512      0.0254465831      0.0000000000      0.8781489809     -0.8773443969      0.9204809177      0.0000000000
 128       2     512      0.0193691205      0.0000000000      0.5389644185     -0.5382755032      0.5159325963      0.0000000000
 128       2     512      0.0211727214      0.0000000000      0.9543662374     -0.9535426135      0.9911231343      0.0000000000
 128       2     512      0.0170287067      0.0000000000      0.4250052174     -0.4243800000      0.2412796996      0.0000000000
 128       2     512      0.0187556037      0.0000000000      0.4842958323     -0.4836367274      0.3936983285      0.0000000000
 128       2     512      0.0174595922      0.0000000000      0.4470105046     -0.4463675608      0.3230881483      0.0000000000
 128       2     512      0.0161703169      0.0000000000      0.3860548404     -0.3854525242      0.1304690045      0.0000000000
 128       2     512      0.0169757596      0.0000000000      0.4222601451     -0.4216371857      0.2308277359      0.0000000000
 128       2     512      0.0152210794      0.0000000000      0.3475825763     -0.3470026254      0.0052010605      0.0000000000
 128       2     512      0.0198088042      0.0000000000      0.5613755177     -0.5606664381      0.5931986747      0.0000000000
 128       2     512      0.0179781707      0.0000000000      0.4657223885     -0.4650679538      0.3724709593      0.0000000000
 128       2     512      0.0198906357      0.0000000000      0.5606145684     -0.5599259339      0.5172457414      0.0000000000
 128       2     512      0.0194413810      0.0000000000      0.5235433760     -0.5228571073      0.5046007815      0.0000000000
 128       2     512      0.0225239582      0.0000000000      0.6499794565     -0.6492312102      0.7354826075      0.0000000000
 128       2     512      0.0228353523      0.0000000000      0.7365571068     -0.7357867843      0.8090961782      0.0000000000
 128       2     512      0.0205335947      0.0000000000      0.5839403062     -0.5832264348      0.6155624785      0.0000000000
 128       2     512      0.0177569320      0.0000000000      0.4622810693     -0.4616347917      0.3391780489      0.0000000000
 128       2     512      0.0185053023      0.0000000000      0.4939754047     -0.4933147586      0.3976478168      0.0000000000
 128       2     512      0.0179593580      0.0000000000      0.4608054980     -0.4601558915      0.3544652474      0.0000000000
 128       2     512      0.0169832878      0.0000000000      0.4215412326     -0.4209192870      0.2252156231      0.0000000000
 128       2     512      0.0224179224      0.0000000000      0.6785573518     -0.6778067685      0.7537109203      0.0000000000
 128       2     512      0.0229187018      0.0000000000      0.7070899952     -0.7063365152      0.7581416101      0.0000000000
 128       2     512      0.0205848816      0.0000000000      0.5809340518     -0.5802194388      0.6133317871      0.0000000000
 128       2     512      0.0182539076      0.0000000000      0.8863480377     -0.8855174901      0.0173005350      0.0000000000
 128       2     512      0.0162454590      0.0000000000      0.3954802362     -0.3948729947      0.1564267960      0.0000000000
 128       2     512      0.0164546478      0.0000000000      0.4031503477     -0.4025426655      0.1561310077      0.0000000000
 128       2     512      0.0183955466      0.0000000000      0.4830260580     -0.4823669261      0.3980297604      0.0000000000
 128       2     512      0.0164674141      0.0000000000      0.3991124915     -0.3985027603      0.1639885656      0.0000000000
 128       2     512      0.0235393955      0.0000000000      0.7219898417     -0.7212155692      0.8297274793      0.0000000000
 128       2     512      0.0216703043      0.0000000000      0.6538922511     -0.6531376746      0.7552752915      0.0000000000
 128       2     512      0.0185808519      0.0000000000      0.4920357869     -0.4913703798      0.4182949671      0.0000000000
 128       2     512      0.0191607933      0.0000000000      0.5156323645     -0.5149495967      0.4948328760      0.0000000000
 128       2     512      0.0225886942      0.0000000000      0.7036474720     -0.7028806866      0.8085834363      0.0000000000
 128       2     512      0.0163726958      0.0000000000      0.3974015408     -0.3967919179      0.1664375758      0.0000000000
 128       2     512      0.0167855929      0.0000000000      0.4191859446     -0.4185637873      0.2313256930      0.0000000000
 128       2     512      0.0184207527      0.0000000000      0.4940992036     -0.4934383938      0.3991537981      0.0000000000
 128       2     512      0.0234883567      0.0000000000      0.7999039271     -0.7990996878      0.9202082208      0.0000000000
 128       2     512      0.0220177098      0.0000000000      0.6417636515     -0.6410241854      0.7147890624      0.0000000000
 128       2     512      0.0159479113      0.0000000000      0.3836555327     -0.3830575292      0.1120639258      0.0000000000
 128       2     512      0.0172650224      0.0000000000      0.4430815551     -0.4424498225      0.2738336395      0.0000000000
 128       2     512      0.0157995803      0.0000000000      0.3715360787     -0.3709423171      0.0835095395      0.0000000000
 128       2     512      0.0182739611      0.0000000000      0.4788553857     -0.4782014311      0.3713453006      0.0000000000
 128       2    1024      0.0225497594      0.0000000000      0.7217593202     -0.7209889666      0.7999668721      0.0000000000
 128       2    1024      0.0169283151      0.0000000000      0.4186530003     -0.4180308603      0.2107077136      0.0000000000
 128       2    1024      0.0196941283      0.0000000000      0.5390761711     -0.5383915481      0.4829195853      0.0000000000
 128       2    1024      0.0200245806      0.0000000000      0.5642162106     -0.5635222726      0.5261418358      0.0000000000
 128       2    1024      0.0160107389      0.0000000000      0.3842965081     -0.3836931912      0.1258721057      0.0000000000
 128       2    1024      0.0191735549      0.0000000000      0.5207825707     -0.5201004506      0.4779484071      0.0000000000
 128       2    1024      0.0250501328      0.0000000000      0.8782583551     -0.8774541482      0.9055052055      0.0000000000
 128       2    1024      0.0219224024      0.0000000000      0.6664893341     -0.6657344901      0.7416580368      0.0000000000
 128       2    1024      0.0165345316      0.0000000000      0.4066345724     -0.4060198490      0.1763392915      0.0000000000
 128       2    1024      0.0225777580      0.0000000000      0.6629799495     -0.6622355441      0.7117917204      0.0000000000
 128       2    1024      0.0167150872      0.0000000000      0.4147226051     -0.4141010123      0.2133313962      0.0000000000
 128       2    1024      0.0193157457      0.0000000000      0.5463765181     -0.5456821355      0.5224925808      0.0000000000
 128       2    1024      0.0190165464      0.0000000000      0.5143946249     -0.5137168004      0.4590543921      0.0000000000
 128       2    1024      0.0190882373      0.0000000000      0.5074575148     -0.5067862559      0.4309470429      0.0000000000
 128       2    1024      0.0186624302      0.0000000000      0.4988309918     -0.4981607721      0.4310169419      0.0000000000
 128       2    1024      0.0224743191      0.0000000000      0.6594876237     -0.6587307318      0.7526074694      0.0000000000
 128       2    1024      0.0168277143      0.0000000000      0.4152089862     -0.4145901039      0.1935213379      0.0000000000
 128       2    1024      0.0174409201      0.0000000000      0.4399723006     -0.4393403207      0.2595088442      0.0000000000
 128       2    1024      0.0192293851      0.0000000000      0.5253480594     -0.5246656727      0.4767344467      0.0000000000
 128       2    1024      0.0226858646      0.0000000000      0.6798582946     -0.6790972127      0.7673086275      0.0000000000
 128       2    1024      0.0243362346      0.0000000000      0.8393669046     -0.8385624636      0.9061610914      0.0000000000
 128       2    1024      0.0218702797      0.0000000000      0.6780678293     -0.6773021935      0.7809142203      0.0000000000
 128       2    1024      0.0228930605      0.0000000000      0.6967243696     -0.6959790804      0.7090885258      0.0000000000
 128       2    1024      0.0154821947      0.0000000000      0.3580072209     -0.3574185340      0.0461985984      0.0000000000
 128       2    1024      0.0184230763      0.0000000000      0.4853507380     -0.4846869015      0.3981033786      0.0000000000
 128       2    1024      0.0257659773      0.0000000000      0.8940182995     -0.8932082078      0.9235053150      0.0000000000
 128       2    1024      0.0233028527      0.0000000000      0.7473818377     -0.7466023285      0.8289077253      0.0000000000
 128       2    1024      0.0156847535      0.0000000000      0.3687499816     -0.3681552248      0.0783555875      0.0000000000
 128       2    1024      0.0195832622      0.0000000000      0.5369387305     -0.5362499522      0.5028678723      0.0000000000
 128       2    1024      0.0247325592      0.0000000000      0.8078972896     -0.8071072457      0.8606512985      0.0000000000
 128       2    1024      0.0206896312      0.0000000000      0.5965265117     -0.5958098512      0.6120937739      0.0000000000
 128       2    1024      0.0183069362      0.0000000000      0.4789051796     -0.4782512214      0.3625345331      0.0000000000
 128       2    1024      0.0220118103      0.0000000000      0.6209441556     -0.6202116905      0.6667636033      0.0000000000
 128       2    1024      0.0223547742      0.0000000000      0.6700157146     -0.6692595599      0.7494465794      0.0000000000
 128       2    1024      0.0200051076      0.0000000000      0.5467873082     -0.5460930815      0.5214073877      0.0000000000
 128       2    1024      0.0209429033      0.0000000000      0.6339805528     -0.6332422874      0.6889739548      0.0000000000
 128       2    1024      0.0223166411      0.0000000000      0.6674066160     -0.6666706218      0.6831113662      0.0000000000
 128       2    1024      0.0243385432      0.0000000000      0.7892611366     -0.7884583043      0.8973153585      0.0000000000
 128       2    1024      0.0223176883      0.0000000000      0.6565593218     -0.6558158470      0.7020630678      0.0000000000
 128       2    1024      0.0186825592      0.0000000000      0.5016664182     -0.5009931967      0.4348215057      0.0000000000
 128       2    1024      0.0199362464      0.0000000000      0.5518347545     -0.5511214851      0.5932643836      0.0000000000
 128       2    1024      0.0241751122      0.0000000000      0.7359611879     -0.7351857147      0.8099411561      0.0000000000
 128       2    1024      0.0165523569      0.0000000000      0.4035572606     -0.4029416222      0.1788806890      0.0000000000
 128       2    1024      0.0228600390      0.0000000000      0.8201835530     -0.8193976686      0.8521907816      0.0000000000
 128       2    1024      0.0157104505      0.0000000000      0.3689484090     -0.3683550525      0.0664696742      0.0000000000
 128       2    1024      0.0206653879      0.0000000000      0.5840527862     -0.5833358051      0.6111754343      0.0000000000
 128       2    1024      0.0190464230      0.0000000000      0.5295615096     -0.5288755208      0.4944673415      0.0000000000
 128       2    1024      0.0156321960      0.0000000000      0.3637003067     -0.3631086066      0.0644253416      0.0000000000
 128       2    1024      0.0160459191      0.0000000000      0.3839170194     -0.3833128975      0.1213687576      0.0000000000
 128       2    1024      0.0163236818      0.0000000000      0.3976778897     -0.3970675427      0.1588546817      0.0000000000
