 128       2      64      0.0176833002      0.0000000000      0.4490344417     -0.4484240733      0.3018215246      0.0000000000
 128       2      64      0.0153252156      0.0000000000      0.3524055138     -0.3518439032      0.0316064905      0.0000000000
 128       2      64      0.0239286780      0.0267000000      0.8477914029     -0.8470331100      0.9590578104      0.0000000000
 128       2      64      0.0155231336      0.0000000000      0.3627560915     -0.3621865117      0.0872980985      0.0000000000
 128       2      64      0.0211119752      0.0012500000      0.6675588357     -0.6668600643      0.7216490580      0.0000000000
 128       2      64      0.0191608977      0.0000000000      0.5124253491     -0.5117804903      0.4584344635      0.0000000000
 128       2      64      0.0156943022      0.0000000000      0.3672597029     -0.3666919004      0.0690857871      0.0000000000
 128       2      64      0.0231821340      0.0077250000      0.7459078088     -0.7451839398      0.8147682899      0.0000000000
 128       2      64      0.0229905999      0.0002250000      0.6609378170     -0.6602251016      0.7583468315      0.0000000000
 128       2      64      0.0171867192      0.0000000000      0.4323010840     -0.4317040944      0.2315244034      0.0000000000
 128       2      64      0.0155162063      0.0000000000      0.3611977304     -0.3606324384      0.0663728490      0.0000000000
 128       2      64      0.0191851383      0.0000000000      0.5146009389     -0.5139649360      0.4263418848      0.0000000000
 128       2      64      0.0156302012      0.0000000000      0.3656189151     -0.3650535173      0.0638079259      0.0000000000
 128       2      64      0.0208680072      0.0000000000      0.5838473289     -0.5831621970      0.6310924585      0.0000000000
 128       2      64      0.0186894324      0.0000000000      0.5073741909     -0.5067338939      0.4455520200      0.0000000000
 128       2      64      0.0232748131      0.0026250000      0.7333498394     -0.7326137425      0.8526199044      0.0000000000
 128       2      64      0.0196002785      0.0000000000      0.5420413164     -0.5413829706      0.5397165480      0.0000000000
 128       2      64      0.0209103606      0.0004750000      0.6151902565     -0.6145061831      0.6467222448      0.0000000000
 128       2      64      0.0228089324      0.0006500000      0.6946268341     -0.6938977291      0.8205927065      0.0000000000
 128       2      64      0.0207170461      0.0001250000      0.5790485055     -0.5783809896      0.5686635815      0.0000000000
 128       2      64      0.0252317180      0.0056000000      0.8076997141     -0.8069519880      0.9075309007      0.0000000000
 128       2      64      0.0172104599      0.0000000000      0.4319366639     -0.4313242544      0.3039883790      0.0000000000
 128       2      64      0.0187087546      0.0000000000      0.4947987905     -0.4941706426      0.3980522944      0.0000000000
 128       2      64      0.0237579608      0.0057750000      0.7571585396     -0.7564335876      0.8208789967      0.0000000000
 128       2      64      0.0167723712      0.0000000000      0.4111625343     -0.4105717123      0.2108597057      0.0000000000
 128       2      64      0.0179955051      0.0000000000      0.4678577988     -0.4672375552      0.3468405496      0.0000000000
 128       2      64      0.0250560499      0.0050750000      0.7970699922     -0.7963332019      0.8838685595      0.0000000000
 128       2      64      0.0247241093      0.0621250000      0.8881393095     -0.8873808342      0.9568325355      0.0000000000
 128       2      64      0.0165042354      0.0000000000      0.4127327744     -0.4121411824      0.1995842486      0.0000000000
 128       2      64      0.0209136740      0.0000750000      0.5798338712     -0.5791655504      0.5883967509      0.0000000000
 128       2      64      0.0179622611      0.0000000000      0.4613882368     -0.4607682794      0.3550979387      0.0000000000
 128       2      64      0.0253079813      0.0089250000      0.8036169796     -0.8028703387      0.8973328625      0.0000000000
 128       2      64      0.0183362306      0.0000000000      0.4880800635     -0.4874483163      0.4070630110      0.0000000000
 128       2      64      0.0167505873      0.0000000000      0.4168641967     -0.4162726716      0.2067032794      0.0000000000
 128       2      64      0.0157418996      0.0000000000      0.3695748029     -0.3690066923      0.0808779501      0.0000000000
 128       2      64      0.0168743340      0.0000000000      0.4150322804     -0.4144347431      0.2237048228      0.0000000000
 128       2      64      0.0161593835      0.0000000000      0.3863608406     -0.3857823434      0.1266996605      0.0000000000
 128       2      64      0.0239469997      0.0041750000      0.7616735545     -0.7609414003      0.8503203894      0.0000000000
 128       2      64      0.0161106241      0.0000000000      0.3872543274     -0.3866765270      0.1186187029      0.0000000000
 128       2      64      0.0226626322      0.0002000000      0.6725230792     -0.6718048619      0.7837622698      0.0000000000
 128       2      64      0.0209823938      0.0000500000      0.6070243628     -0.6063386764      0.6600159303      0.0000000000
 128       2      64      0.0199881284      0.0000000000      0.5668832093     -0.5662126124      0.5816513584      0.0000000000
 128       2      64      0.0205156613      0.0000000000      0.5915753203     -0.5908982650      0.6335626947      0.0000000000
 128       2      64      0.0237649392      0.0049250000      0.7562504082     -0.7555124622      0.8704847182      0.0000000000
 128       2      64      0.0164608342      0.0000000000      0.4009419619     -0.4003591681      0.1677361868      0.0000000000
 128       2      64      0.0193281052      0.0000000000      0.5170348237     -0.5163930427      0.4523206512      0.0000000000
 128       2      64      0.0256174907      0.0296500000      0.8602746131     -0.8595267508      0.9125854799      0.0000000000
 128       2      64      0.0153353324      0.0000000000      0.3522802829     -0.3517208764      0.0309968551      0.0000000000
 128       2      64      0.0190599429      0.0000000000      0.5148536225     -0.5142132112      0.4418271275      0.0000000000
 128       2      64      0.0171420685      0.0000000000      0.4379395551     -0.4373429418      0.2401142821      0.0000000000
 128       2     128      0.0226598327      0.0000000000      0.6917839801     -0.6910361962      0.8128705381      0.0000000000
 128       2     128      0.0242408695      0.0000000000      0.7537124174     -0.7529550785      0.8567055146      0.0000000000
 128       2     128      0.0257057461      0.0071500000      0.9369197465     -0.9361329809      0.9557528176      0.0000000000
 128       2     128      0.0236890896      0.0037000000      0.8841676042     -0.8833839090      0.9336662721      0.0000000000
 128       2     128      0.0178671690      0.0000000000      0.4567579332     -0.4561283904      0.3316513210      0.0000000000
 128       2     128      0.0237128932      0.0000000000      0.7524805012     -0.7517282740      0.8409783482      0.0000000000
 128       2     128      0.0181279379      0.0000000000      0.4785204254     -0.4778904494      0.3523056177      0.0000000000
 128       2     128      0.0185452020      0.0000000000      0.4877983851     -0.4871527623      0.4031283315      0.0000000000
 128       2     128      0.0182275413      0.0000000000      0.4758560260     -0.4752230619      0.3442874813      0.0000000000
 128       2     128      0.0220188285      0.0000000000      0.6564311798     -0.6556994177      0.7555069961      0.0000000000
 128       2     128      0.0199737878      0.0000000000      0.5480125123     -0.5473335850      0.5427519887      0.0000000000
 128       2     128      0.0171308686      0.0000000000      0.4264448251     -0.4258345194      0.2266415064      0.0000000000
 128       2     128      0.0181551503      0.0158500000      0.8887240572     -0.8879238906      0.0118249891      0.0000000000
 128       2     128      0.0188576619      0.0000000000      0.5171885839     -0.5165291199      0.4592643652      0.0000000000
 128       2     128      0.0167316118      0.0000000000      0.4182912625     -0.4176821532      0.2310446844      0.0000000000
 128       2     128      0.0231647838      0.0000000000      0.7029488535     -0.7022100359      0.7778456314      0.0000000000
 128       2     128      0.0241586492      0.0028000000      0.8773789407     -0.8765857652      0.9607548122      0.0000000000
 128       2     128      0.0181093610      0.0000000000      0.4677394576     -0.4671139416      0.3167757277      0.0000000000
 128       2     128      0.0154166017      0.0000000000      0.3562361744     -0.3556624189      0.0485462471      0.0000000000
 128       2     128      0.0182596256      0.0000000000      0.4735238384     -0.4728887617      0.3567900204      0.0000000000
 128       2     128      0.0170576555      0.0000000000      0.4352069334     -0.4345958758      0.2411870572      0.0000000000
 128       2     128      0.0205978003      0.0000000000      0.5752018912     -0.5745137168      0.5897626859      0.0000000000
 128       2     128      0.0165460024      0.0000000000      0.4136095790     -0.4130066472      0.1953363906      0.0000000000
 128       2     128      0.0172628013      0.0000000000      0.4393439053     -0.4387241697      0.2750725252      0.0000000000
 128       2     128      0.0153870284      0.0000000000      0.3547120504     -0.3541389427      0.0365651312      0.0000000000
 128       2     128      0.0155933115      0.0000000000      0.3642946439     -0.3637144916      0.0790446158      0.0000000000
 128       2     128      0.0203525546      0.0000000000      0.5686124327     -0.5679288445      0.5628341979      0.0000000000
 128       2     128      0.0214547703      0.0000000000      0.6251348594     -0.6244314501      0.6454596764      0.0000000000
 128       2     128      0.0212785555      0.0000000000      0.6156871272     -0.6149749480      0.6766195120      0.0000000000
 128       2     128      0.0214591117      0.0000000000      0.6296572816     -0.6289340960      0.7161820930      0.0000000000
 128       2     128      0.0232139460      0.0000000000      0.6910586334     -0.6903244573      0.7663229805      0.0000000000
 128       2     128      0.0235852936      0.0000000000      0.7086342737     -0.7078817156      0.8222513208      0.0000000000
 128       2     128      0.0157117256      0.0000000000      0.3675206591     -0.3669410124      0.0737784872      0.0000000000
 128       2     128      0.0221127497      0.0000000000      0.6541697350     -0.6534386710      0.7513212326      0.0000000000
 128       2     128      0.0171290423      0.0000000000      0.4453407401     -0.4447238599      0.2613686384      0.0000000000
 128       2     128      0.0156373035      0.0000000000      0.3671764143     -0.3665962936      0.0699972293      0.0000000000
 128       2     128      0.0181174404      0.0000000000      0.4675518979     -0.4669206429      0.3258026566      0.0000000000
 128       2     128      0.0177182272      0.0000000000      0.4541635650     -0.4535322064      0.3379125116      0.0000000000
 128       2     128      0.0202311952      0.0000000000      0.5830339349     -0.5823344277      0.6298850136      0.0000000000
 128       2     128      0.0199460745      0.0000000000      0.5608768926     -0.5601902690      0.5751610613      0.0000000000
 128       2     128      0.0202955410      0.0000000000      0.5680820577     -0.5673876139      0.6008896815      0.0000000000
 128       2     128      0.0187496050      0.0000000000      0.4950053047     -0.4943596841      0.4174947202      0.0000000000
 128       2     128      0.0186390436      0.0000000000      0.4961743141     -0.4955215204      0.4258428556      0.0000000000
 128       2     128      0.0164226201      0.0000000000      0.4095608667     -0.4089631064      0.1707344743      0.0000000000
 128       2     128      0.0211080584      0.0000000000      0.5968215079     -0.5961250370      0.6172316057      0.0000000000
 128       2     128      0.0163929075      0.0000000000      0.3963563446     -0.3957608584      0.1592037509      0.0000000000
 128       2     128      0.0156011937      0.0000000000      0.3643536694     -0.3637778686      0.0653726579      0.0000000000
 128       2     128      0.0247660142      0.0024000000      0.8854916987     -0.8847080566      0.9336185252      0.0000000000
 128       2     128      0.0152639599      0.0000000000      0.3494614199     -0.3488907286      0.0232213451      0.0000000000
 128       2     128      0.0185960896      0.0000000000      0.4909389192     -0.4902975133      0.4021031498      0.0000000000
 128       2     256      0.0157748883      0.0000000000      0.3715239283     -0.3709360712      0.0756502961      0.0000000000
 128       2     256      0.0169565853      0.0000000000      0.4192111484     -0.4185976829      0.2100846664      0.0000000000
 128       2     256      0.0158685050      0.0000000000      0.3737529685     -0.3731636948      0.0913996020      0.0000000000
 128       2     256      0.0160084980      0.0000000000      0.3840550544     -0.3834585729      0.1281345887      0.0000000000
 128       2     256      0.0182848341      0.0000000000      0.4776344936     -0.4769847216      0.3800361287      0.0000000000
 128       2     256      0.0155956107      0.0000000000      0.3655018263     -0.3649168482      0.0594227021      0.0000000000
 128       2     256      0.0180818381      0.0000000000      0.4757186441     -0.4750733606      0.3582256057      0.0000000000
 128       2     256      0.0198864494      0.0000000000      0.5497262073     -0.5490273080      0.5772498229      0.0000000000
 128       2     256      0.0163117520      0.0000000000      0.3988170777     -0.3982142743      0.1528565951      0.0000000000
 128       2     256      0.0176922819      0.0000000000      0.4515559507     -0.4509203137      0.3092000001      0.0000000000
 128       2     256      0.0195431157      0.0000000000      0.5414022747     -0.5407099639      0.5548910679      0.0000000000
 128       2     256      0.0228042825      0.0000000000      0.7444031039     -0.7436342539      0.8449463084      0.0000000000
 128       2     256      0.0211834184      0.0000000000      0.6383628942     -0.6376357780      0.6846424497      0.0000000000
 128       2     256      0.0176983423      0.0000000000      0.4604446013     -0.4598019697      0.3423777696      0.0000000000
 128       2     256      0.0261623724      0.0002000000      0.9631289956     -0.9623327236      0.9351390997      0.0000000000
 128       2     256      0.0196242418      0.0000000000      0.5342358881     -0.5335464100      0.5450735884      0.0000000000
 128       2     256      0.0214731741      0.0000000000      0.6366679708     -0.6359417102      0.6884805950      0.0000000000
 128       2     256      0.0167902918      0.0000000000      0.4140712489     -0.4134608787      0.2068636306      0.0000000000
 128       2     256      0.0154919535      0.0000000000      0.3584112061     -0.3578306089      0.0493984037      0.0000000000
 128       2     256      0.0196476102      0.0000000000      0.5446140048     -0.5439444252      0.4587257546      0.0000000000
 128       2     256      0.0220805785      0.0000000000      0.6320051378     -0.6312697202      0.7184600833      0.0000000000
 128       2     256      0.0196097213      0.0000000000      0.5600751418     -0.5593915809      0.5219014915      0.0000000000
 128       2     256      0.0211664228      0.0018000000      0.9657238957     -0.9649073155      0.9920033479      0.0000000000
 128       2     256      0.0181777789      0.0000000000      0.8816530715     -0.8808315603      0.9999126246      0.0000000000
 128       2     256      0.0180222694      0.0000000000      0.4759050447     -0.4752478807      0.4083627888      0.0000000000
 128       2     256      0.0193983005      0.0000000000      0.5261751189     -0.5254938207      0.5164095993      0.0000000000
 128       2     256      0.0202987501      0.0000000000      0.5904202395     -0.5897107220      0.6258009260      0.0000000000
 128       2     256      0.0152230579      0.0000000000      0.3477333726     -0.3471586655      0.0004998144      0.0000000000
 128       2     256      0.0253156783      0.0000000000      0.8165718036     -0.8157934909      0.8654336423      0.0000000000
 128       2     256      0.0228956412      0.0000000000      0.7144941102     -0.7137249808      0.8395530203      0.0000000000
 128       2     256      0.0163136180      0.0000000000      0.3927847757     -0.3921858659      0.1438785549      0.0000000000
 128       2     256      0.0213792281      0.0000000000      0.6102757241     -0.6095767834      0.5864212509      0.0000000000
 128       2     256      0.0161069355      0.0000000000      0.3859370328     -0.3853405969      0.1268387351      0.0000000000
 128       2     256      0.0252494594      0.0000000000      0.9314406134     -0.9306387959      0.9464825021      0.0000000000
 128       2     256      0.0190807331      0.0000000000      0.5205928069     -0.5199222876      0.4626376908      0.0000000000
 128       2     256      0.0254625534      0.0003000000      0.9428644813     -0.9420607552      0.9534307851      0.0000000000
 128       2     256      0.0164436202      0.0000000000      0.3992080493     -0.3986006615      0.1774323153      0.0000000000
 128       2     256      0.0194992560      0.0000000000      0.5260084317     -0.5253371754      0.4714206967      0.0000000000
 128       2     256      0.0212384511      0.0000000000      0.6149727532     -0.6142598089      0.6345469619      0.0000000000
 128       2     256      0.0208633206      0.0000000000      0.5987367672     -0.5980410134      0.5678774813      0.0000000000
 128       2     256      0.0165821880      0.0000000000      0.4112182868     -0.4106013512      0.2295327212      0.0000000000
 128       2     256      0.0243810218      0.0000000000      0.7893755028     -0.7886132402      0.8156589801      0.0000000000
 128       2     256      0.0159594894      0.0000000000      0.3775631256     -0.3769707435      0.1029379819      0.0000000000
 128       2     256      0.0184599621      0.0000000000      0.4859372236     -0.4852808493      0.4038449587      0.0000000000
 128       2     256      0.0159654052      0.0000000000      0.3815622106     -0.3809670784      0.1138264396      0.0000000000
 128       2     256      0.0240031749      0.0000000000      0.7773980528     -0.7766102617      0.8977054138      0.0000000000
 128       2     256      0.0169741502      0.0000000000      0.4185246581     -0.4179126210      0.2016162461      0.0000000000
 128       2     256      0.0204918667      0.0000000000      0.5807297742     -0.5800361064      0.5593188433      0.0000000000
 128       2     256      0.0231165255      0.0000000000      0.7362057165     -0.7354411254      0.8186053616      0.0000000000
 128       2     256      0.0157260491      0.0000000000      0.3716249049     -0.3710354313      0.0838099573      0.0000000000
 128       2     512      0.0183487125      0.0000000000      0.4767530100     -0.4760959311      0.3818607665      0.0000000000
 128       2     512      0.0197806558      0.0000000000      0.5598064552     -0.5591011851      0.5767108589      0.0000000000
 128       2     512      0.0244299705      0.0000000000      0.9075437886     -0.9067245244      0.9659383517      0.0000000000
 128       2     512      0.0160965692      0.0000000000      0.3865672890     -0.3859680749      0.1202246201      0.0000000000
 128       2     512      0.0159158004      0.0000000000      0.3788218187     -0.3782253243      0.1019707419      0.0000000000
 128       2     512      0.0169959063      0.0000000000      0.4216158082     -0.4209932104      0.2228678689      0.0000000000
 128       2     512      0.0188757731      0.0000000000      0.5093641568     -0.5086893247      0.4613492914      0.0000000000
 128       2     512      0.0208545736      0.0000000000      0.6094279462     -0.6086932027      0.6842226134      0.0000000000
 128       2     512      0.0155342862      0.0000000000      0.3616995679     -0.3611119714      0.0582416468      0.0000000000
 128       2     512      0.0171283993      0.0000000000      0.4276756025     -0.4270518196      0.2305337233      0.0000000000
 128       2     512      0.0208315665      0.0000000000      0.5756230716     -0.5749183843      0.5793233699      0.0000000000
 128       2     512      0.0163640076      0.0000000000      0.4011479580     -0.4005402055      0.1574565473      0.0000000000
 128       2     512      0.0190224328      0.0000000000      0.5182582313     -0.5175798483      0.4781921105      0.0000000000
 128       2     512      0.0209486293      0.0000000000      0.5980501065     -0.5973392414      0.5994017369      0.0000000000
 128       2     512      0.0202913049      0.0000000000      0.5677932847     -0.5670949648      0.5526431574      0.0000000000
 128       2     512      0.0154809664      0.0000000000      0.3572877178     -0.3567016981      0.0487931345      0.0000000000
 128       2     512      0.0177700406      0.0000000000      0.4617471789     -0.4611007807      0.3339161070      0.0000000000
 128       2     512      0.0220057622      0.0000000000      0.6326730771     -0.6319360190      0.7024929245      0.0000000000
 128       2     512      0.0214656354      0.0000000000      0.6623403292     -0.6615817529      0.7749858549      0.0000000000
 128       2     512      0.0176842745      0.0000000000      0.4514331348     -0.4507976353      0.2853277004      0.0000000000
 128       2     512      0.0205426468      0.0000000000      0.5922130854     -0.5915041379      0.5901916381      0.0000000000
 128       2     512      0.0152876803      0.0000000000      0.3517215991     -0.3511398379      0.0233613215      0.0000000000
 128       2     512      0.0219812238      0.0000000000      0.6510700194     -0.6503224823      0.7380145632      0.0000000000
 128       2     512      0.0156617052      0.0000000000      0.3657027959     -0.3651127978      0.0741535327      0.0000000000
 128       2     512      0.0162659752      0.0000000000      0.3922615175     -0.3916557913      0.1470516310      0.0000000000
 128       2     512      0.0175398110      0.0000000000      0.4509130148     -0.4502723930      0.3156204413      0.0000000000
 128       2     512      0.0166524192      0.0000000000      0.4132747028     -0.4126594475      0.1916423938      0.0000000000
 128       2     512      0.0189084894      0.0000000000      0.5138130613     -0.5131396144      0.4561411793      0.0000000000
 128       2     512      0.0153589049      0.0000000000      0.3524612466     -0.3518789608      0.0315507163      0.0000000000
 128       2     512      0.0185624096      0.0000000000      0.5084895981     -0.5078070149      0.4950908452      0.0000000000
 128       2     512      0.0158321892      0.0000000000      0.3750484073     -0.3744519204      0.0999325885      0.0000000000
 128       2     512      0.0191496366      0.0000000000      0.5140060282     -0.5133243505      0.4811842782      0.0000000000
 128       2     512      0.0189942912      0.0000000000      0.5207936219     -0.5201220425      0.4500564132      0.0000000000
 128       2     512      0.0164629392      0.0000000000      0.4024396326     -0.4018317965      0.1571167811      0.0000000000
 128       2     512      0.0175487504      0.0000000000      0.4503227041     -0.4496806185      0.3225702882      0.0000000000
 128       2     512      0.0154831025      0.0000000000      0.3597535865     -0.3591679411      0.0507404611      0.0000000000
 128       2     512      0.0217373197      0.0000000000      0.6199947091     -0.6192619242      0.6758674172      0.0000000000
 128       2     512      0.0169461674      0.0000000000      0.4273139308     -0.4266915279      0.2293696058      0.0000000000
 128       2     512      0.0236496027      0.0000000000      0.7096081707     -0.7088368493      0.8148562723      0.0000000000
 128       2     512      0.0233485235      0.0000000000      0.7515841428     -0.7507975809      0.8641893587      0.0000000000
 128       2     512      0.0182973657      0.0000000000      0.4791911726     -0.4785306245      0.4027828889      0.0000000000
 128       2     512      0.0220404165      0.0000000000      0.6465598905     -0.6458161774      0.7249636965      0.0000000000
 128       2     512      0.0198108331      0.0000000000      0.5413171731     -0.5406332792      0.5036406751      0.0000000000
 128       2     512      0.0245808301      0.0000000000      0.7886769689     -0.7878916169      0.8632767409      0.0000000000
 128       2     512      0.0260148882      0.0000000000      0.9560580723     -0.9552447360      0.9492439375      0.0000000000
 128       2     512      0.0232362065      0.0000000000      0.6980668431     -0.6973109921      0.7619603595      0.0000000000
 128       2     512      0.0237158244      0.0000000000      0.7207402380     -0.7199691850      0.8150217632      0.0000000000
 128       2     512      0.0190642952      0.0000000000      0.5121022356     -0.5114281993      0.4495554430      0.0000000000
 128       2     512      0.0201831402      0.0000000000      0.5783534578     -0.5776340493      0.6321516334      0.0000000000
 128       2     512      0.0231059437      0.0000000000      0.6838194059     -0.6830648681      0.7573893429      0.0000000000
 128       2    1024      0.0156090641      0.0000000000      0.3661032073     -0.3655088674      0.0800165146      0.0000000000
 128       2    1024      0.0205289354      0.0000000000      0.5774656073     -0.5767467228      0.6146146918      0.0000000000
 128       2    1024      0.0246332900      0.0000000000      0.8226722776     -0.8218682707      0.9057389232      0.0000000000
 128       2    1024      0.0222665287      0.0000000000      0.8798724689     -0.8790443773      0.9728795311      0.0000000000
 128       2    1024      0.0156274916      0.0000000000      0.3652783069     -0.3646871086      0.0590109300      0.0000000000
 128       2    1024      0.0184362604      0.0000000000      0.4822282815     -0.4815677114      0.3857575412      0.0000000000
 128       2    1024      0.0177213727      0.0000000000      0.4536089327     -0.4529678904      0.2976075071      0.0000000000
 128       2    1024      0.0153243353      0.0000000000      0.3550798579     -0.3544941263      0.0315596485      0.0000000000
 128       2    1024      0.0177884362      0.0000000000      0.4558695540     -0.4552254767      0.3123769368      0.0000000000
 128       2    1024      0.0182588012      0.0000000000      0.8874379425     -0.8866017820      0.0125070808      0.0000000000
 128       2    1024      0.0176627869      0.0000000000      0.4547108103     -0.4540720189      0.2886302597      0.0000000000
 128       2    1024      0.0245145125      0.0000000000      0.8387293401     -0.8379223223      0.9169718707      0.0000000000
 128       2    1024      0.0240973236      0.0000000000      0.7461771664     -0.7453871148      0.8589265361      0.0000000000
 128       2    1024      0.0179888992      0.0000000000      0.4637130233     -0.4630652728      0.3280427505      0.0000000000
 128       2    1024      0.0227748109      0.0000000000      0.6783044105     -0.6775429335      0.7661828574      0.0000000000
 128       2    1024      0.0264212597      0.0000000000      0.9675668110     -0.9667552700      0.9261956754      0.0000000000
 128       2    1024      0.0193883487      0.0000000000      0.5480986887     -0.5473966702      0.5513956504      0.0000000000
 128       2    1024      0.0181814097      0.0000000000      0.4767132364     -0.4760515024      0.3877941032      0.0000000000
 128       2    1024      0.0153814420      0.0000000000      0.3584576344     -0.3578706598      0.0424945819      0.0000000000
 128       2    1024      0.0200449302      0.0000000000      0.5766699850     -0.5759674078      0.5554918270      0.0000000000
 128       2    1024      0.0219503542      0.0000000000      0.6385520072     -0.6378021813      0.7279968083      0.0000000000
 128       2    1024      0.0203321961      0.0000000000      0.5635841899     -0.5628811996      0.5556103409      0.0000000000
 128       2    1024      0.0188042372      0.0000000000      0.4989922451     -0.4983117529      0.4711639970      0.0000000000
 128       2    1024      0.0222646422      0.0000000000      0.6800239403     -0.6792563793      0.7861040364      0.0000000000
 128       2    1024      0.0186216947      0.0000000000      0.4911807217     -0.4905114387      0.4239780555      0.0000000000
 128       2    1024      0.0173861189      0.0000000000      0.4428653402     -0.4422285947      0.2845638766      0.0000000000
 128       2    1024      0.0156551108      0.0000000000      0.3673562172     -0.3667631681      0.0722886337      0.0000000000
 128       2    1024      0.0159233439      0.0000000000      0.3812528221     -0.3806537920      0.0996410107      0.0000000000
 128       2    1024      0.0233318912      0.0000000000      0.7109141862     -0.7101414353      0.8055631367      0.0000000000
 128       2    1024      0.0193959488      0.0000000000      0.5202964759     -0.5196102117      0.4890607074      0.0000000000
 128       2    1024      0.0246334692      0.0000000000      0.8048622021     -0.8040573834      0.9074001028      0.0000000000
 128       2    1024      0.0162554295      0.0000000000      0.3906223307     -0.3900138412      0.1467610873      0.0000000000
 128       2    1024      0.0172790286      0.0000000000      0.4544147492     -0.4537677541      0.3306624425      0.0000000000
 128       2    1024      0.0156827347      0.0000000000      0.3710508883     -0.3704581750      0.0731882100      0.0000000000
 128       2    1024      0.0193952127      0.0000000000      0.5357307852     -0.5350418605      0.5016929677      0.0000000000
 128       2    1024      0.0158883268      0.0000000000      0.3748319557     -0.3742340133      0.0913024405      0.0000000000
 128       2    1024      0.0174474049      0.0000000000      0.4456197170     -0.4449810115      0.2862448596      0.0000000000
 128       2    1024      0.0186573060      0.0000000000      0.5010189141     -0.5003458328      0.4347328728      0.0000000000
 128       2    1024      0.0167532026      0.0000000000      0.4154877038     -0.4148657483      0.2077654646      0.0000000000
 128       2    1024      0.0183411366      0.0000000000      0.8963884310     -0.8955533782      0.0163289184      0.0000000000
 128       2    1024      0.0211089764      0.0000000000      0.5955103432     -0.5947848983      0.6374746911      0.0000000000
 128       2    1024      0.0182830627      0.0000000000      0.8868874635     -0.8860517751      0.0142367153      0.0000000000
 128       2    1024      0.0157735432      0.0000000000      0.3711572276     -0.3705597936      0.0924650982      0.0000000000
 128       2    1024      0.0196010336      0.0000000000      0.5388636412     -0.5381667149      0.5403158669      0.0000000000
 128       2    1024      0.0248866288      0.0000000000      0.7586032407     -0.7578130343      0.8583866500      0.0000000000
 128       2    1024      0.0258368775      0.0000000000      0.9438891668     -0.9430717526      0.9465744921      0.0000000000
 128       2    1024      0.0164620171      0.0000000000      0.4024154411     -0.4018053968      0.1531827271      0.0000000000
 128       2    1024      0.0178748096      0.0000000000      0.4635379984     -0.4628921954      0.3174227828      0.0000000000
 128       2    1024      0.0185322836      0.0000000000      0.4869723494     -0.4863049452      0.4150752912      0.0000000000
 128       2    1024      0.0154130897      0.0000000000      0.3556986330     -0.3551121046      0.0400807027      0.0000000000
