      36    37    43     7    0.0024000000
      36    37    44    15    0.1014750000
      36    37    50    16    0.0855000000
      36    37    51    24    0.0605250000
      36    37    57    25    0.0070500000
      36    37    58    15    0.0060000000
      36    37    64    16    0.0179250000
      36    43    44    16    0.0003750000
      36    43    50    17    0.0004500000
      36    43    51    25    0.0002250000
      36    43    57    26    0.0000000000
      36    43    58    16    0.0000000000
      36    43    64    17    0.0000000000
      36    44    50     7    0.0787500000
      36    44    51    15    0.0276750000
      36    44    57    16    0.0023250000
      36    44    58    24    0.0013500000
      36    44    64    25    0.0048000000
      36    50    51    16    0.0293250000
      36    50    57    17    0.0028500000
      36    50    58    25    0.0015000000
      36    50    64    26    0.0055500000
      36    51    57     7    0.0436500000
      36    51    58    15    0.0132750000
      36    51    64    16    0.0390750000
      36    57    58    16    0.0010500000
      36    57    64    17    0.0033000000
      36    58    64     7    0.0112500000
      36    37    43     7    0.0045000000
      36    37    44    15    0.1815000000
      36    37    50    16    0.1141500000
      36    37    51    24    0.1308750000
      36    37    57    25    0.0019500000
      36    37    58    15    0.0434250000
      36    37    64    16    0.0259500000
      36    43    44    16    0.0040500000
      36    43    50    17    0.0026250000
      36    43    51    25    0.0030000000
      36    43    57    26    0.0001500000
      36    43    58    16    0.0014250000
      36    43    64    17    0.0006750000
      36    44    50     7    0.2280750000
      36    44    51    15    0.3630750000
      36    44    57    16    0.0039000000
      36    44    58    24    0.0456000000
      36    44    64    25    0.0313500000
      36    50    51    16    0.2201250000
      36    50    57    17    0.0028500000
      36    50    58    25    0.0268500000
      36    50    64    26    0.0204750000
      36    51    57     7    0.0063000000
      36    51    58    15    0.0561000000
      36    51    64    16    0.0357000000
      36    57    58    16    0.0096750000
      36    57    64    17    0.0084000000
      36    58    64     7    0.3595500000
      36    37    43     7    0.0048750000
      36    37    44    15    0.0000000000
      36    37    50    16    0.0000000000
      36    37    51    24    0.0000000000
      36    37    57    25    0.0000000000
      36    37    58    15    0.0000000000
      36    37    64    16    0.0000000000
      36    43    44    16    0.0001500000
      36    43    50    17    0.0000750000
      36    43    51    25    0.0001500000
      36    43    57    26    0.0001500000
      36    43    58    16    0.0000000000
      36    43    64    17    0.0001500000
      36    44    50     7    0.0039750000
      36    44    51    15    0.0149250000
      36    44    57    16    0.0006000000
      36    44    58    24    0.0000000000
      36    44    64    25    0.0000000000
      36    50    51    16    0.0012000000
      36    50    57    17    0.0000000000
      36    50    58    25    0.0000000000
      36    50    64    26    0.0000000000
      36    51    57     7    0.0039750000
      36    51    58    15    0.0000000000
      36    51    64    16    0.0000000000
      36    57    58    16    0.0000000000
      36    57    64    17    0.0000000000
      36    58    64     7    0.0000750000
      36    37    43     7    0.1115250000
      36    37    44    15    0.0198750000
      36    37    50    16    0.0028500000
      36    37    51    24    0.0005250000
      36    37    57    25    0.0001500000
      36    37    58    15    0.0140250000
      36    37    64    16    0.0052500000
      36    43    44    16    0.0139500000
      36    43    50    17    0.0024000000
      36    43    51    25    0.0002250000
      36    43    57    26    0.0000000000
      36    43    58    16    0.0057000000
      36    43    64    17    0.0024750000
      36    44    50     7    0.1003500000
      36    44    51    15    0.0025500000
      36    44    57    16    0.0003750000
      36    44    58    24    0.0009750000
      36    44    64    25    0.0006000000
      36    50    51    16    0.0008250000
      36    50    57    17    0.0001500000
      36    50    58    25    0.0002250000
      36    50    64    26    0.0000750000
      36    51    57     7    0.0489750000
      36    51    58    15    0.0003750000
      36    51    64    16    0.0003000000
      36    57    58    16    0.0000000000
      36    57    64    17    0.0000000000
      36    58    64     7    0.0168750000
      36    37    43     7    0.0017250000
      36    37    44    15    0.0000000000
      36    37    50    16    0.0000000000
      36    37    51    24    0.0000000000
      36    37    57    25    0.0000000000
      36    37    58    15    0.0000000000
      36    37    64    16    0.0000000000
      36    43    44    16    0.0014250000
      36    43    50    17    0.0001500000
      36    43    51    25    0.0008250000
      36    43    57    26    0.0001500000
      36    43    58    16    0.0000000000
      36    43    64    17    0.0000750000
      36    44    50     7    0.0042750000
      36    44    51    15    0.1191000000
      36    44    57    16    0.0115500000
      36    44    58    24    0.0000000000
      36    44    64    25    0.0001500000
      36    50    51    16    0.0022500000
      36    50    57    17    0.0002250000
      36    50    58    25    0.0000000000
      36    50    64    26    0.0000000000
      36    51    57     7    0.0417000000
      36    51    58    15    0.0000000000
      36    51    64    16    0.0000750000
      36    57    58    16    0.0000000000
      36    57    64    17    0.0000750000
      36    58    64     7    0.0380250000
      36    37    43     7    0.4496250000
      36    37    44    15    0.0130500000
      36    37    50    16    0.0025500000
      36    37    51    24    0.0142500000
      36    37    57    25    0.0143250000
      36    37    58    15    0.0044250000
      36    37    64    16    0.0006750000
      36    43    44    16    0.0172500000
      36    43    50    17    0.0033750000
      36    43    51    25    0.0192750000
      36    43    57    26    0.0191250000
      36    43    58    16    0.0054000000
      36    43    64    17    0.0008250000
      36    44    50     7    0.0289500000
      36    44    51    15    0.0692250000
      36    44    57    16    0.0642750000
      36    44    58    24    0.0002250000
      36    44    64    25    0.0000750000
      36    50    51    16    0.0124500000
      36    50    57    17    0.0138000000
      36    50    58    25    0.0003000000
      36    50    64    26    0.0000000000
      36    51    57     7    0.1149750000
      36    51    58    15    0.0003000000
      36    51    64    16    0.0000000000
      36    57    58    16    0.0004500000
      36    57    64    17    0.0000000000
      36    58    64     7    0.0376500000
      36    37    43     7    0.0103500000
      36    37    44    15    0.0000000000
      36    37    50    16    0.0000750000
      36    37    51    24    0.1127250000
      36    37    57    25    0.6723000000
      36    37    58    15    0.2263500000
      36    37    64    16    0.0582750000
      36    43    44    16    0.0005250000
      36    43    50    17    0.0000750000
      36    43    51    25    0.0150000000
      36    43    57    26    0.0087750000
      36    43    58    16    0.0168750000
      36    43    64    17    0.0339750000
      36    44    50     7    0.0291750000
      36    44    51    15    0.0002250000
      36    44    57    16    0.0000000000
      36    44    58    24    0.0003000000
      36    44    64    25    0.0007500000
      36    50    51    16    0.0000000000
      36    50    57    17    0.0000000000
      36    50    58    25    0.0000000000
      36    50    64    26    0.0000000000
      36    51    57     7    0.1600500000
      36    51    58    15    0.3636750000
      36    51    64    16    0.0886500000
      36    57    58    16    0.1627500000
      36    57    64    17    0.0468750000
      36    58    64     7    0.1962750000
      36    37    43     7    0.2421750000
      36    37    44    15    0.2287500000
      36    37    50    16    0.0695250000
      36    37    51    24    0.0101250000
      36    37    57    25    0.0027750000
      36    37    58    15    0.0029250000
      36    37    64    16    0.0003000000
      36    43    44    16    0.1049250000
      36    43    50    17    0.0310500000
      36    43    51    25    0.0045750000
      36    43    57    26    0.0014250000
      36    43    58    16    0.0011250000
      36    43    64    17    0.0002250000
      36    44    50     7    0.0795750000
      36    44    51    15    0.0057000000
      36    44    57    16    0.0021000000
      36    44    58    24    0.0015750000
      36    44    64    25    0.0003750000
      36    50    51    16    0.0019500000
      36    50    57    17    0.0005250000
      36    50    58    25    0.0004500000
      36    50    64    26    0.0000750000
      36    51    57     7    0.1439250000
      36    51    58    15    0.0912000000
      36    51    64    16    0.0071250000
      36    57    58    16    0.0165000000
      36    57    64    17    0.0012750000
      36    58    64     7    0.0219000000
      36    37    43     7    0.0127500000
      36    37    44    15    0.0000000000
      36    37    50    16    0.0000000000
      36    37    51    24    0.0000000000
      36    37    57    25    0.0000000000
      36    37    58    15    0.0218250000
      36    37    64    16    0.0095250000
      36    43    44    16    0.0000000000
      36    43    50    17    0.0000000000
      36    43    51    25    0.0000000000
      36    43    57    26    0.0000000000
      36    43    58    16    0.0003000000
      36    43    64    17    0.0002250000
      36    44    50     7    0.0102000000
      36    44    51    15    0.0000000000
      36    44    57    16    0.0000000000
      36    44    58    24    0.0000000000
      36    44    64    25    0.0000000000
      36    50    51    16    0.0000000000
      36    50    57    17    0.0000000000
      36    50    58    25    0.0000000000
      36    50    64    26    0.0000000000
      36    51    57     7    0.0029250000
      36    51    58    15    0.0011250000
      36    51    64    16    0.0004500000
      36    57    58    16    0.0000000000
      36    57    64    17    0.0000000000
      36    58    64     7    0.2585250000
      36    37    43     7    0.0179250000
      36    37    44    15    0.0083250000
      36    37    50    16    0.0021750000
      36    37    51    24    0.0001500000
      36    37    57    25    0.0000000000
      36    37    58    15    0.0022500000
      36    37    64    16    0.0000000000
      36    43    44    16    0.0044250000
      36    43    50    17    0.0012750000
      36    43    51    25    0.0001500000
      36    43    57    26    0.0000000000
      36    43    58    16    0.0009000000
      36    43    64    17    0.0000000000
      36    44    50     7    0.0247500000
      36    44    51    15    0.0017250000
      36    44    57    16    0.0009750000
      36    44    58    24    0.0186750000
      36    44    64    25    0.0000000000
      36    50    51    16    0.0000750000
      36    50    57    17    0.0000750000
      36    50    58    25    0.0016500000
      36    50    64    26    0.0000000000
      36    51    57     7    0.0001500000
      36    51    58    15    0.0015000000
      36    51    64    16    0.0000000000
      36    57    58    16    0.0012000000
      36    57    64    17    0.0000000000
      36    58    64     7    0.0000750000
      36    37    43     7    0.0002250000
      36    37    44    15    0.0153750000
      36    37    50    16    0.0185250000
      36    37    51    24    0.0381000000
      36    37    57    25    0.0564750000
      36    37    58    15    0.2322750000
      36    37    64    16    0.1572000000
      36    43    44    16    0.0000000000
      36    43    50    17    0.0000000000
      36    43    51    25    0.0002250000
      36    43    57    26    0.0001500000
      36    43    58    16    0.0001500000
      36    43    64    17    0.0001500000
      36    44    50     7    0.0127500000
      36    44    51    15    0.0081000000
      36    44    57    16    0.0129000000
      36    44    58    24    0.0079500000
      36    44    64    25    0.0072000000
      36    50    51    16    0.0094500000
      36    50    57    17    0.0118500000
      36    50    58    25    0.0089250000
      36    50    64    26    0.0073500000
      36    51    57     7    0.1013250000
      36    51    58    15    0.0357750000
      36    51    64    16    0.0294000000
      36    57    58    16    0.0507750000
      36    57    64    17    0.0477750000
      36    58    64     7    0.3858000000
      36    37    43     7    0.1479000000
      36    37    44    15    0.0000000000
      36    37    50    16    0.0000750000
      36    37    51    24    0.0008250000
      36    37    57    25    0.0025500000
      36    37    58    15    0.0103500000
      36    37    64    16    0.0000000000
      36    43    44    16    0.0000750000
      36    43    50    17    0.0001500000
      36    43    51    25    0.0031500000
      36    43    57    26    0.0138750000
      36    43    58    16    0.0444750000
      36    43    64    17    0.0003750000
      36    44    50     7    0.0001500000
      36    44    51    15    0.0000000000
      36    44    57    16    0.0000000000
      36    44    58    24    0.0000750000
      36    44    64    25    0.0000000000
      36    50    51    16    0.0001500000
      36    50    57    17    0.0003000000
      36    50    58    25    0.0006750000
      36    50    64    26    0.0000000000
      36    51    57     7    0.0317250000
      36    51    58    15    0.0570000000
      36    51    64    16    0.0000000000
      36    57    58    16    0.2098500000
      36    57    64    17    0.0001500000
      36    58    64     7    0.0006000000
      36    37    43     7    0.1540500000
      36    37    44    15    0.1218750000
      36    37    50    16    0.0141000000
      36    37    51    24    0.0006750000
      36    37    57    25    0.0033750000
      36    37    58    15    0.0063750000
      36    37    64    16    0.0129750000
      36    43    44    16    0.1577250000
      36    43    50    17    0.0189000000
      36    43    51    25    0.0010500000
      36    43    57    26    0.0038250000
      36    43    58    16    0.0061500000
      36    43    64    17    0.0146250000
      36    44    50     7    0.0659250000
      36    44    51    15    0.0012750000
      36    44    57    16    0.0060000000
      36    44    58    24    0.0063000000
      36    44    64    25    0.0185250000
      36    50    51    16    0.0000750000
      36    50    57    17    0.0012000000
      36    50    58    25    0.0006750000
      36    50    64    26    0.0017250000
      36    51    57     7    0.0920250000
      36    51    58    15    0.0052500000
      36    51    64    16    0.0075000000
      36    57    58    16    0.0214500000
      36    57    64    17    0.0366000000
      36    58    64     7    0.1804500000
      36    37    43     7    0.0000750000
      36    37    44    15    0.0000000000
      36    37    50    16    0.0000000000
      36    37    51    24    0.0000000000
      36    37    57    25    0.0000000000
      36    37    58    15    0.0000000000
      36    37    64    16    0.0000000000
      36    43    44    16    0.0009000000
      36    43    50    17    0.0010500000
      36    43    51    25    0.0000750000
      36    43    57    26    0.0002250000
      36    43    58    16    0.0000000000
      36    43    64    17    0.0000000000
      36    44    50     7    0.0162750000
      36    44    51    15    0.1081500000
      36    44    57    16    0.1153500000
      36    44    58    24    0.0079500000
      36    44    64    25    0.0021000000
      36    50    51    16    0.0021750000
      36    50    57    17    0.0026250000
      36    50    58    25    0.0000750000
      36    50    64    26    0.0000000000
      36    51    57     7    0.1054500000
      36    51    58    15    0.0054000000
      36    51    64    16    0.0012750000
      36    57    58    16    0.0055500000
      36    57    64    17    0.0015750000
      36    58    64     7    0.0978000000
      36    37    43     7    0.0209250000
      36    37    44    15    0.0283500000
      36    37    50    16    0.0067500000
      36    37    51    24    0.0027000000
      36    37    57    25    0.0029250000
      36    37    58    15    0.0125250000
      36    37    64    16    0.0012750000
      36    43    44    16    0.0590250000
      36    43    50    17    0.0151500000
      36    43    51    25    0.0051000000
      36    43    57    26    0.0058500000
      36    43    58    16    0.0297750000
      36    43    64    17    0.0031500000
      36    44    50     7    0.1548750000
      36    44    51    15    0.0699000000
      36    44    57    16    0.0607500000
      36    44    58    24    0.0302250000
      36    44    64    25    0.0031500000
      36    50    51    16    0.0169500000
      36    50    57    17    0.0154500000
      36    50    58    25    0.0078000000
      36    50    64    26    0.0012000000
      36    51    57     7    0.2181750000
      36    51    58    15    0.0031500000
      36    51    64    16    0.0000750000
      36    57    58    16    0.0029250000
      36    57    64    17    0.0002250000
      36    58    64     7    0.0340500000
      36    37    43     7    0.0106500000
      36    37    44    15    0.1926750000
      36    37    50    16    0.0192000000
      36    37    51    24    0.0029250000
      36    37    57    25    0.0000750000
      36    37    58    15    0.0024000000
      36    37    64    16    0.0002250000
      36    43    44    16    0.0256500000
      36    43    50    17    0.0029250000
      36    43    51    25    0.0002250000
      36    43    57    26    0.0001500000
      36    43    58    16    0.0003750000
      36    43    64    17    0.0000000000
      36    44    50     7    0.0742500000
      36    44    51    15    0.0083250000
      36    44    57    16    0.0009000000
      36    44    58    24    0.0027750000
      36    44    64    25    0.0003000000
      36    50    51    16    0.0037500000
      36    50    57    17    0.0006750000
      36    50    58    25    0.0001500000
      36    50    64    26    0.0000000000
      36    51    57     7    0.0016500000
      36    51    58    15    0.0001500000
      36    51    64    16    0.0000000000
      36    57    58    16    0.0000000000
      36    57    64    17    0.0000000000
      36    58    64     7    0.0040500000
      36    37    43     7    0.2545500000
      36    37    44    15    0.0003000000
      36    37    50    16    0.0002250000
      36    37    51    24    0.0051750000
      36    37    57    25    0.0001500000
      36    37    58    15    0.0037500000
      36    37    64    16    0.0027750000
      36    43    44    16    0.0003750000
      36    43    50    17    0.0002250000
      36    43    51    25    0.0114000000
      36    43    57    26    0.0003750000
      36    43    58    16    0.0079500000
      36    43    64    17    0.0047250000
      36    44    50     7    0.1704750000
      36    44    51    15    0.0033000000
      36    44    57    16    0.0003000000
      36    44    58    24    0.0009750000
      36    44    64    25    0.0006750000
      36    50    51    16    0.0025500000
      36    50    57    17    0.0000750000
      36    50    58    25    0.0010500000
      36    50    64    26    0.0006000000
      36    51    57     7    0.0106500000
      36    51    58    15    0.1634250000
      36    51    64    16    0.0741000000
      36    57    58    16    0.0028500000
      36    57    64    17    0.0014250000
      36    58    64     7    0.0705750000
      36    37    43     7    0.0384750000
      36    37    44    15    0.0007500000
      36    37    50    16    0.0030000000
      36    37    51    24    0.0051750000
      36    37    57    25    0.0016500000
      36    37    58    15    0.0000750000
      36    37    64    16    0.0000750000
      36    43    44    16    0.0004500000
      36    43    50    17    0.0021000000
      36    43    51    25    0.0033000000
      36    43    57    26    0.0012750000
      36    43    58    16    0.0000000000
      36    43    64    17    0.0000000000
      36    44    50     7    0.0015000000
      36    44    51    15    0.0022500000
      36    44    57    16    0.0008250000
      36    44    58    24    0.0000000000
      36    44    64    25    0.0000000000
      36    50    51    16    0.0085500000
      36    50    57    17    0.0024000000
      36    50    58    25    0.0000000000
      36    50    64    26    0.0000000000
      36    51    57     7    0.0615000000
      36    51    58    15    0.0001500000
      36    51    64    16    0.0001500000
      36    57    58    16    0.0001500000
      36    57    64    17    0.0000750000
      36    58    64     7    0.2147250000
      36    37    43     7    0.0975750000
      36    37    44    15    0.0159000000
      36    37    50    16    0.0222750000
      36    37    51    24    0.0200250000
      36    37    57    25    0.0011250000
      36    37    58    15    0.2055750000
      36    37    64    16    0.1125000000
      36    43    44    16    0.0057000000
      36    43    50    17    0.0062250000
      36    43    51    25    0.0060000000
      36    43    57    26    0.0004500000
      36    43    58    16    0.0525750000
      36    43    64    17    0.0291750000
      36    44    50     7    0.0557250000
      36    44    51    15    0.0435750000
      36    44    57    16    0.0027000000
      36    44    58    24    0.0113250000
      36    44    64    25    0.0070500000
      36    50    51    16    0.0402750000
      36    50    57    17    0.0018750000
      36    50    58    25    0.0182250000
      36    50    64    26    0.0111750000
      36    51    57     7    0.0075000000
      36    51    58    15    0.0202500000
      36    51    64    16    0.0131250000
      36    57    58    16    0.0010500000
      36    57    64    17    0.0004500000
      36    58    64     7    0.1520250000
      36    37    43     7    0.0828000000
      36    37    44    15    0.0165750000
      36    37    50    16    0.0038250000
      36    37    51    24    0.0036000000
      36    37    57    25    0.0090750000
      36    37    58    15    0.0305250000
      36    37    64    16    0.0003000000
      36    43    44    16    0.0127500000
      36    43    50    17    0.0029250000
      36    43    51    25    0.0024750000
      36    43    57    26    0.0054000000
      36    43    58    16    0.0208500000
      36    43    64    17    0.0000750000
      36    44    50     7    0.0040500000
      36    44    51    15    0.0018750000
      36    44    57    16    0.0045750000
      36    44    58    24    0.0096750000
      36    44    64    25    0.0003750000
      36    50    51    16    0.0004500000
      36    50    57    17    0.0009750000
      36    50    58    25    0.0027000000
      36    50    64    26    0.0000750000
      36    51    57     7    0.0384750000
      36    51    58    15    0.0375750000
      36    51    64    16    0.0018750000
      36    57    58    16    0.0882750000
      36    57    64    17    0.0033750000
      36    58    64     7    0.0043500000
      36    37    43     7    0.0074250000
      36    37    44    15    0.0007500000
      36    37    50    16    0.0000750000
      36    37    51    24    0.0005250000
      36    37    57    25    0.0009000000
      36    37    58    15    0.0096000000
      36    37    64    16    0.0035250000
      36    43    44    16    0.0040500000
      36    43    50    17    0.0006750000
      36    43    51    25    0.0023250000
      36    43    57    26    0.0045000000
      36    43    58    16    0.0398250000
      36    43    64    17    0.0135000000
      36    44    50     7    0.0054000000
      36    44    51    15    0.0057000000
      36    44    57    16    0.0089250000
      36    44    58    24    0.0222750000
      36    44    64    25    0.0074250000
      36    50    51    16    0.0012750000
      36    50    57    17    0.0023250000
      36    50    58    25    0.0050250000
      36    50    64    26    0.0013500000
      36    51    57     7    0.3146250000
      36    51    58    15    0.0225750000
      36    51    64    16    0.0105750000
      36    57    58    16    0.0409500000
      36    57    64    17    0.0202500000
      36    58    64     7    0.2820000000
      36    37    43     7    0.2018250000
      36    37    44    15    0.0000000000
      36    37    50    16    0.0000750000
      36    37    51    24    0.0000750000
      36    37    57    25    0.0005250000
      36    37    58    15    0.0009750000
      36    37    64    16    0.0001500000
      36    43    44    16    0.0000000000
      36    43    50    17    0.0000750000
      36    43    51    25    0.0000750000
      36    43    57    26    0.0004500000
      36    43    58    16    0.0021750000
      36    43    64    17    0.0003000000
      36    44    50     7    0.0040500000
      36    44    51    15    0.0003750000
      36    44    57    16    0.0028500000
      36    44    58    24    0.0003000000
      36    44    64    25    0.0000000000
      36    50    51    16    0.0003750000
      36    50    57    17    0.0025500000
      36    50    58    25    0.0002250000
      36    50    64    26    0.0000750000
      36    51    57     7    0.0063750000
      36    51    58    15    0.0000750000
      36    51    64    16    0.0000000000
      36    57    58    16    0.0009750000
      36    57    64    17    0.0003000000
      36    58    64     7    0.0558750000
      36    37    43     7    0.0011250000
      36    37    44    15    0.0003000000
      36    37    50    16    0.0002250000
      36    37    51    24    0.0015000000
      36    37    57    25    0.0000000000
      36    37    58    15    0.0222750000
      36    37    64    16    0.0031500000
      36    43    44    16    0.0000000000
      36    43    50    17    0.0000000000
      36    43    51    25    0.0000000000
      36    43    57    26    0.0000000000
      36    43    58    16    0.0005250000
      36    43    64    17    0.0000000000
      36    44    50     7    0.0247500000
      36    44    51    15    0.0000750000
      36    44    57    16    0.0000000000
      36    44    58    24    0.0000750000
      36    44    64    25    0.0000000000
      36    50    51    16    0.0000750000
      36    50    57    17    0.0000000000
      36    50    58    25    0.0000000000
      36    50    64    26    0.0000000000
      36    51    57     7    0.0017250000
      36    51    58    15    0.0148500000
      36    51    64    16    0.0022500000
      36    57    58    16    0.0003000000
      36    57    64    17    0.0000750000
      36    58    64     7    0.0820500000
      36    37    43     7    0.1116000000
      36    37    44    15    0.0007500000
      36    37    50    16    0.0007500000
      36    37    51    24    0.0011250000
      36    37    57    25    0.0015000000
      36    37    58    15    0.0870750000
      36    37    64    16    0.0018000000
      36    43    44    16    0.0024750000
      36    43    50    17    0.0021750000
      36    43    51    25    0.0054750000
      36    43    57    26    0.0067500000
      36    43    58    16    0.2287500000
      36    43    64    17    0.0143250000
      36    44    50     7    0.1299750000
      36    44    51    15    0.0035250000
      36    44    57    16    0.0029250000
      36    44    58    24    0.0015000000
      36    44    64    25    0.0001500000
      36    50    51    16    0.0028500000
      36    50    57    17    0.0030000000
      36    50    58    25    0.0015000000
      36    50    64    26    0.0000750000
      36    51    57     7    0.1265250000
      36    51    58    15    0.0073500000
      36    51    64    16    0.0005250000
      36    57    58    16    0.0076500000
      36    57    64    17    0.0002250000
      36    58    64     7    0.0191250000
      36    37    43     7    0.0037500000
      36    37    44    15    0.0000750000
      36    37    50    16    0.0000000000
      36    37    51    24    0.0000000000
      36    37    57    25    0.0000000000
      36    37    58    15    0.0009750000
      36    37    64    16    0.0000000000
      36    43    44    16    0.0003000000
      36    43    50    17    0.0000000000
      36    43    51    25    0.0001500000
      36    43    57    26    0.0000000000
      36    43    58    16    0.0055500000
      36    43    64    17    0.0008250000
      36    44    50     7    0.0135000000
      36    44    51    15    0.0008250000
      36    44    57    16    0.0000000000
      36    44    58    24    0.0002250000
      36    44    64    25    0.0000000000
      36    50    51    16    0.0000000000
      36    50    57    17    0.0000000000
      36    50    58    25    0.0000000000
      36    50    64    26    0.0000000000
      36    51    57     7    0.0419250000
      36    51    58    15    0.0122250000
      36    51    64    16    0.0026250000
      36    57    58    16    0.0009000000
      36    57    64    17    0.0003750000
      36    58    64     7    0.1077750000
      36    37    43     7    0.0141750000
      36    37    44    15    0.0377250000
      36    37    50    16    0.1363500000
      36    37    51    24    0.1166250000
      36    37    57    25    0.1182750000
      36    37    58    15    0.0846000000
      36    37    64    16    0.0512250000
      36    43    44    16    0.0010500000
      36    43    50    17    0.0041250000
      36    43    51    25    0.0042750000
      36    43    57    26    0.0042750000
      36    43    58    16    0.0057000000
      36    43    64    17    0.0039000000
      36    44    50     7    0.0286500000
      36    44    51    15    0.0192750000
      36    44    57    16    0.0147000000
      36    44    58    24    0.0042000000
      36    44    64    25    0.0026250000
      36    50    51    16    0.0780750000
      36    50    57    17    0.0733500000
      36    50    58    25    0.0164250000
      36    50    64    26    0.0098250000
      36    51    57     7    0.2872500000
      36    51    58    15    0.0138750000
      36    51    64    16    0.0089250000
      36    57    58    16    0.0128250000
      36    57    64    17    0.0087000000
      36    58    64     7    0.0576000000
      36    37    43     7    0.0681750000
      36    37    44    15    0.1848000000
      36    37    50    16    0.0008250000
      36    37    51    24    0.1659750000
      36    37    57    25    0.0078000000
      36    37    58    15    0.2073000000
      36    37    64    16    0.0677250000
      36    43    44    16    0.0322500000
      36    43    50    17    0.0003750000
      36    43    51    25    0.0500250000
      36    43    57    26    0.0022500000
      36    43    58    16    0.0408750000
      36    43    64    17    0.0188250000
      36    44    50     7    0.0022500000
      36    44    51    15    0.3454500000
      36    44    57    16    0.0149250000
      36    44    58    24    0.1276500000
      36    44    64    25    0.0420000000
      36    50    51    16    0.0019500000
      36    50    57    17    0.0000000000
      36    50    58    25    0.0007500000
      36    50    64    26    0.0001500000
      36    51    57     7    0.0228000000
      36    51    58    15    0.2216250000
      36    51    64    16    0.0694500000
      36    57    58    16    0.0119250000
      36    57    64    17    0.0030750000
      36    58    64     7    0.1364250000
      68    69    83    15    0.0000750000
      68    69    84    31    0.0009000000
      68    69    98    32    0.0000000000
      68    69    99    48    0.0000000000
      68    69   113    49    0.0000000000
      68    69   114    31    0.0000000000
      68    69   128    32    0.0000000000
      68    83    84    32    0.0000000000
      68    83    98    33    0.0000000000
      68    83    99    49    0.0000000000
      68    83   113    50    0.0000000000
      68    83   114    32    0.0000000000
      68    83   128    33    0.0000000000
      68    84    98    15    0.0000750000
      68    84    99    31    0.0000000000
      68    84   113    32    0.0000000000
      68    84   114    48    0.0004500000
      68    84   128    49    0.0000000000
      68    98    99    32    0.0000000000
      68    98   113    33    0.0000000000
      68    98   114    49    0.0000000000
      68    98   128    50    0.0000000000
      68    99   113    15    0.0000000000
      68    99   114    31    0.0032250000
      68    99   128    32    0.0003000000
      68   113   114    32    0.0000750000
      68   113   128    33    0.0000000000
      68   114   128    15    0.0119250000
      68    69    83    15    0.0219000000
      68    69    84    31    0.0000000000
      68    69    98    32    0.0000750000
      68    69    99    48    0.0001500000
      68    69   113    49    0.0000000000
      68    69   114    31    0.0000000000
      68    69   128    32    0.0000000000
      68    83    84    32    0.0000000000
      68    83    98    33    0.0000750000
      68    83    99    49    0.0006750000
      68    83   113    50    0.0000750000
      68    83   114    32    0.0001500000
      68    83   128    33    0.0000000000
      68    84    98    15    0.0021000000
      68    84    99    31    0.0015000000
      68    84   113    32    0.0000000000
      68    84   114    48    0.0000000000
      68    84   128    49    0.0000000000
      68    98    99    32    0.0297000000
      68    98   113    33    0.0010500000
      68    98   114    49    0.0000000000
      68    98   128    50    0.0000000000
      68    99   113    15    0.0114000000
      68    99   114    31    0.0000000000
      68    99   128    32    0.0000000000
      68   113   114    32    0.0000000000
      68   113   128    33    0.0000000000
      68   114   128    15    0.0006000000
      68    69    83    15    0.0000750000
      68    69    84    31    0.0000000000
      68    69    98    32    0.0002250000
      68    69    99    48    0.0000000000
      68    69   113    49    0.0000000000
      68    69   114    31    0.0000750000
      68    69   128    32    0.0000000000
      68    83    84    32    0.0001500000
      68    83    98    33    0.0021000000
      68    83    99    49    0.0013500000
      68    83   113    50    0.0003000000
      68    83   114    32    0.0009750000
      68    83   128    33    0.0000000000
      68    84    98    15    0.0006750000
      68    84    99    31    0.0007500000
      68    84   113    32    0.0000750000
      68    84   114    48    0.0006750000
      68    84   128    49    0.0000000000
      68    98    99    32    0.0173250000
      68    98   113    33    0.0018750000
      68    98   114    49    0.0719250000
      68    98   128    50    0.0000000000
      68    99   113    15    0.0298500000
      68    99   114    31    0.0173250000
      68    99   128    32    0.0000000000
      68   113   114    32    0.0027000000
      68   113   128    33    0.0000000000
      68   114   128    15    0.0000000000
      68    69    83    15    0.0003000000
      68    69    84    31    0.0508500000
      68    69    98    32    0.0517500000
      68    69    99    48    0.0000750000
      68    69   113    49    0.0000000000
      68    69   114    31    0.5553750000
      68    69   128    32    0.0000000000
      68    83    84    32    0.0003000000
      68    83    98    33    0.0001500000
      68    83    99    49    0.0000000000
      68    83   113    50    0.0000000000
      68    83   114    32    0.0003000000
      68    83   128    33    0.0000000000
      68    84    98    15    0.0723000000
      68    84    99    31    0.0001500000
      68    84   113    32    0.0000000000
      68    84   114    48    0.0379500000
      68    84   128    49    0.0000000000
      68    98    99    32    0.0002250000
      68    98   113    33    0.0000000000
      68    98   114    49    0.0417750000
      68    98   128    50    0.0000000000
      68    99   113    15    0.0006000000
      68    99   114    31    0.0000750000
      68    99   128    32    0.0000000000
      68   113   114    32    0.0000000000
      68   113   128    33    0.0000000000
      68   114   128    15    0.0000000000
      68    69    83    15    0.0102750000
      68    69    84    31    0.0012000000
      68    69    98    32    0.0003000000
      68    69    99    48    0.0014250000
      68    69   113    49    0.0000750000
      68    69   114    31    0.0034500000
      68    69   128    32    0.0009750000
      68    83    84    32    0.0078750000
      68    83    98    33    0.0020250000
      68    83    99    49    0.0090750000
      68    83   113    50    0.0003000000
      68    83   114    32    0.0188250000
      68    83   128    33    0.0078750000
      68    84    98    15    0.0337500000
      68    84    99    31    0.0036000000
      68    84   113    32    0.0000750000
      68    84   114    48    0.0059250000
      68    84   128    49    0.0023250000
      68    98    99    32    0.0007500000
      68    98   113    33    0.0000000000
      68    98   114    49    0.0011250000
      68    98   128    50    0.0006000000
      68    99   113    15    0.0132000000
      68    99   114    31    0.3448500000
      68    99   128    32    0.1145250000
      68   113   114    32    0.0069750000
      68   113   128    33    0.0030000000
      68   114   128    15    0.1089750000
      68    69    83    15    0.0001500000
      68    69    84    31    0.0000000000
      68    69    98    32    0.0000000000
      68    69    99    48    0.0000000000
      68    69   113    49    0.0000000000
      68    69   114    31    0.0000000000
      68    69   128    32    0.0000000000
      68    83    84    32    0.0000000000
      68    83    98    33    0.0000000000
      68    83    99    49    0.0000000000
      68    83   113    50    0.0000000000
      68    83   114    32    0.0000000000
      68    83   128    33    0.0000000000
      68    84    98    15    0.0013500000
      68    84    99    31    0.0000000000
      68    84   113    32    0.0000000000
      68    84   114    48    0.0000000000
      68    84   128    49    0.0000000000
      68    98    99    32    0.0000000000
      68    98   113    33    0.0000000000
      68    98   114    49    0.0000000000
      68    98   128    50    0.0000000000
      68    99   113    15    0.0000000000
      68    99   114    31    0.0000750000
      68    99   128    32    0.0000000000
      68   113   114    32    0.0000000000
      68   113   128    33    0.0000000000
      68   114   128    15    0.0000000000
      68    69    83    15    0.0000000000
      68    69    84    31    0.0002250000
      68    69    98    32    0.0000750000
      68    69    99    48    0.0003000000
      68    69   113    49    0.0000000000
      68    69   114    31    0.0000750000
      68    69   128    32    0.0000000000
      68    83    84    32    0.0021000000
      68    83    98    33    0.0003750000
      68    83    99    49    0.0010500000
      68    83   113    50    0.0000000000
      68    83   114    32    0.0003000000
      68    83   128    33    0.0000750000
      68    84    98    15    0.0613500000
      68    84    99    31    0.1791000000
      68    84   113    32    0.0001500000
      68    84   114    48    0.0267000000
      68    84   128    49    0.0031500000
      68    98    99    32    0.0158250000
      68    98   113    33    0.0000000000
      68    98   114    49    0.0031500000
      68    98   128    50    0.0003750000
      68    99   113    15    0.0009750000
      68    99   114    31    0.0993000000
      68    99   128    32    0.0104250000
      68   113   114    32    0.0001500000
      68   113   128    33    0.0000000000
      68   114   128    15    0.0074250000
      68    69    83    15    0.1125750000
      68    69    84    31    0.0000750000
      68    69    98    32    0.0000000000
      68    69    99    48    0.0157500000
      68    69   113    49    0.0018750000
      68    69   114    31    0.0332250000
      68    69   128    32    0.0057750000
      68    83    84    32    0.0006750000
      68    83    98    33    0.0000000000
      68    83    99    49    0.1081500000
      68    83   113    50    0.0084750000
      68    83   114    32    0.0845250000
      68    83   128    33    0.0174750000
      68    84    98    15    0.0007500000
      68    84    99    31    0.0003000000
      68    84   113    32    0.0003750000
      68    84   114    48    0.0001500000
      68    84   128    49    0.0000000000
      68    98    99    32    0.0000000000
      68    98   113    33    0.0000000000
      68    98   114    49    0.0000000000
      68    98   128    50    0.0000000000
      68    99   113    15    0.0369750000
      68    99   114    31    0.0144750000
      68    99   128    32    0.0031500000
      68   113   114    32    0.0018000000
      68   113   128    33    0.0002250000
      68   114   128    15    0.0222750000
      68    69    83    15    0.0191250000
      68    69    84    31    0.2184000000
      68    69    98    32    0.0000750000
      68    69    99    48    0.0040500000
      68    69   113    49    0.0000000000
      68    69   114    31    0.0201750000
      68    69   128    32    0.0843750000
      68    83    84    32    0.0183750000
      68    83    98    33    0.0000000000
      68    83    99    49    0.0003000000
      68    83   113    50    0.0000000000
      68    83   114    32    0.0014250000
      68    83   128    33    0.0060750000
      68    84    98    15    0.0001500000
      68    84    99    31    0.0155250000
      68    84   113    32    0.0004500000
      68    84   114    48    0.0225750000
      68    84   128    49    0.0886500000
      68    98    99    32    0.0000000000
      68    98   113    33    0.0000000000
      68    98   114    49    0.0000000000
      68    98   128    50    0.0000000000
      68    99   113    15    0.0000000000
      68    99   114    31    0.0015750000
      68    99   128    32    0.0060000000
      68   113   114    32    0.0000000000
      68   113   128    33    0.0000000000
      68   114   128    15    0.0618750000
      68    69    83    15    0.0009750000
      68    69    84    31    0.1383000000
      68    69    98    32    0.1537500000
      68    69    99    48    0.0262500000
      68    69   113    49    0.0033750000
      68    69   114    31    0.0081000000
      68    69   128    32    0.0009000000
      68    83    84    32    0.0015000000
      68    83    98    33    0.0012000000
      68    83    99    49    0.0001500000
      68    83   113    50    0.0000000000
      68    83   114    32    0.0000000000
      68    83   128    33    0.0000000000
      68    84    98    15    0.2397750000
      68    84    99    31    0.0220500000
      68    84   113    32    0.0036000000
      68    84   114    48    0.0031500000
      68    84   128    49    0.0005250000
      68    98    99    32    0.0206250000
      68    98   113    33    0.0033750000
      68    98   114    49    0.0047250000
      68    98   128    50    0.0006000000
      68    99   113    15    0.0007500000
      68    99   114    31    0.0015000000
      68    99   128    32    0.0000750000
      68   113   114    32    0.0000750000
      68   113   128    33    0.0000000000
      68   114   128    15    0.0000000000
     132   133   163    31    0.0006000000
     132   133   164    63    0.0000000000
     132   133   194    64    0.0000000000
     132   133   195    96    0.0000000000
     132   133   225    97    0.0000000000
     132   133   226    63    0.0000000000
     132   133   256    64    0.0000000000
     132   163   164    64    0.0009000000
     132   163   194    65    0.0000000000
     132   163   195    97    0.0003750000
     132   163   225    98    0.0054000000
     132   163   226    64    0.0066750000
     132   163   256    65    0.0076500000
     132   164   194    31    0.0008250000
     132   164   195    63    0.0000000000
     132   164   225    64    0.0001500000
     132   164   226    96    0.0006000000
     132   164   256    97    0.0007500000
     132   194   195    64    0.0000000000
     132   194   225    65    0.0000000000
     132   194   226    97    0.0000000000
     132   194   256    98    0.0000000000
     132   195   225    31    0.0002250000
     132   195   226    63    0.0002250000
     132   195   256    64    0.0001500000
     132   225   226    64    0.0010500000
     132   225   256    65    0.0010500000
     132   226   256    31    0.0027750000
     132   133   163    31    0.0002250000
     132   133   164    63    0.0000000000
     132   133   194    64    0.0000000000
     132   133   195    96    0.0062250000
     132   133   225    97    0.0000000000
     132   133   226    63    0.0191250000
     132   133   256    64    0.0000000000
     132   163   164    64    0.0000000000
     132   163   194    65    0.0000000000
     132   163   195    97    0.0006000000
     132   163   225    98    0.0000000000
     132   163   226    64    0.0021750000
     132   163   256    65    0.0000000000
     132   164   194    31    0.0000000000
     132   164   195    63    0.0000000000
     132   164   225    64    0.0000000000
     132   164   226    96    0.0000000000
     132   164   256    97    0.0000000000
     132   194   195    64    0.0000750000
     132   194   225    65    0.0000000000
     132   194   226    97    0.0000750000
     132   194   256    98    0.0000000000
     132   195   225    31    0.0001500000
     132   195   226    63    0.0453750000
     132   195   256    64    0.0000000000
     132   225   226    64    0.0000000000
     132   225   256    65    0.0000000000
     132   226   256    31    0.0000000000
     132   133   163    31    0.0043500000
     132   133   164    63    0.0072750000
     132   133   194    64    0.0000000000
     132   133   195    96    0.0000000000
     132   133   225    97    0.0000000000
     132   133   226    63    0.0000000000
     132   133   256    64    0.0000000000
     132   163   164    64    0.0000750000
     132   163   194    65    0.0000000000
     132   163   195    97    0.0000000000
     132   163   225    98    0.0000000000
     132   163   226    64    0.0000000000
     132   163   256    65    0.0000000000
     132   164   194    31    0.0000000000
     132   164   195    63    0.0000750000
     132   164   225    64    0.0000000000
     132   164   226    96    0.0000000000
     132   164   256    97    0.0000000000
     132   194   195    64    0.0000000000
     132   194   225    65    0.0000000000
     132   194   226    97    0.0000000000
     132   194   256    98    0.0000000000
     132   195   225    31    0.0000000000
     132   195   226    63    0.0000000000
     132   195   256    64    0.0000000000
     132   225   226    64    0.0000000000
     132   225   256    65    0.0000000000
     132   226   256    31    0.0000000000
     132   133   163    31    0.0133500000
     132   133   164    63    0.0264750000
     132   133   194    64    0.0020250000
     132   133   195    96    0.0000750000
     132   133   225    97    0.0000000000
     132   133   226    63    0.0032250000
     132   133   256    64    0.0016500000
     132   163   164    64    0.0006750000
     132   163   194    65    0.0000000000
     132   163   195    97    0.0000750000
     132   163   225    98    0.0000000000
     132   163   226    64    0.0002250000
     132   163   256    65    0.0004500000
     132   164   194    31    0.0001500000
     132   164   195    63    0.0000000000
     132   164   225    64    0.0000000000
     132   164   226    96    0.0000000000
     132   164   256    97    0.0000750000
     132   194   195    64    0.0000000000
     132   194   225    65    0.0000000000
     132   194   226    97    0.0000000000
     132   194   256    98    0.0000000000
     132   195   225    31    0.0004500000
     132   195   226    63    0.0000000000
     132   195   256    64    0.0000000000
     132   225   226    64    0.0000000000
     132   225   256    65    0.0000000000
     132   226   256    31    0.0001500000
     132   133   163    31    0.0000000000
     132   133   164    63    0.0000000000
     132   133   194    64    0.0000000000
     132   133   195    96    0.0000000000
     132   133   225    97    0.0000000000
     132   133   226    63    0.0000000000
     132   133   256    64    0.0000000000
     132   163   164    64    0.0000000000
     132   163   194    65    0.0000000000
     132   163   195    97    0.0000000000
     132   163   225    98    0.0000000000
     132   163   226    64    0.0003750000
     132   163   256    65    0.0000000000
     132   164   194    31    0.0000000000
     132   164   195    63    0.0000000000
     132   164   225    64    0.0000000000
     132   164   226    96    0.0000000000
     132   164   256    97    0.0000000000
     132   194   195    64    0.0000000000
     132   194   225    65    0.0000000000
     132   194   226    97    0.0000750000
     132   194   256    98    0.0000000000
     132   195   225    31    0.0000000000
     132   195   226    63    0.0000000000
     132   195   256    64    0.0000000000
     132   225   226    64    0.0000000000
     132   225   256    65    0.0000000000
     132   226   256    31    0.0000000000
     132   133   163    31    0.0000000000
     132   133   164    63    0.3779250000
     132   133   194    64    0.1350750000
     132   133   195    96    0.0002250000
     132   133   225    97    0.0000750000
     132   133   226    63    0.0031500000
     132   133   256    64    0.0000000000
     132   163   164    64    0.0000000000
     132   163   194    65    0.0000000000
     132   163   195    97    0.0000000000
     132   163   225    98    0.0000000000
     132   163   226    64    0.0000000000
     132   163   256    65    0.0000000000
     132   164   194    31    0.0606000000
     132   164   195    63    0.0006750000
     132   164   225    64    0.0000000000
     132   164   226    96    0.0045000000
     132   164   256    97    0.0000000000
     132   194   195    64    0.0001500000
     132   194   225    65    0.0000000000
     132   194   226    97    0.0021000000
     132   194   256    98    0.0000000000
     132   195   225    31    0.0000000000
     132   195   226    63    0.0000000000
     132   195   256    64    0.0000000000
     132   225   226    64    0.0000000000
     132   225   256    65    0.0000000000
     132   226   256    31    0.0000750000
     132   133   163    31    0.0000000000
     132   133   164    63    0.0000000000
     132   133   194    64    0.0000000000
     132   133   195    96    0.0000000000
     132   133   225    97    0.0000000000
     132   133   226    63    0.0000000000
     132   133   256    64    0.0000000000
     132   163   164    64    0.0000000000
     132   163   194    65    0.0000000000
     132   163   195    97    0.0000000000
     132   163   225    98    0.0000000000
     132   163   226    64    0.0000000000
     132   163   256    65    0.0000000000
     132   164   194    31    0.0000000000
     132   164   195    63    0.0000000000
     132   164   225    64    0.0000000000
     132   164   226    96    0.0000000000
     132   164   256    97    0.0000000000
     132   194   195    64    0.0000000000
     132   194   225    65    0.0000000000
     132   194   226    97    0.0000000000
     132   194   256    98    0.0000000000
     132   195   225    31    0.0000000000
     132   195   226    63    0.0000000000
     132   195   256    64    0.0000000000
     132   225   226    64    0.0000000000
     132   225   256    65    0.0000000000
     132   226   256    31    0.0000000000
     132   133   163    31    0.0218250000
     132   133   164    63    0.0003750000
     132   133   194    64    0.0029250000
     132   133   195    96    0.0000000000
     132   133   225    97    0.0000000000
     132   133   226    63    0.0000000000
     132   133   256    64    0.0008250000
     132   163   164    64    0.0006750000
     132   163   194    65    0.0073500000
     132   163   195    97    0.0000000000
     132   163   225    98    0.0000000000
     132   163   226    64    0.0000000000
     132   163   256    65    0.0018750000
     132   164   194    31    0.0080250000
     132   164   195    63    0.0000750000
     132   164   225    64    0.0001500000
     132   164   226    96    0.0003750000
     132   164   256    97    0.0236250000
     132   194   195    64    0.0000750000
     132   194   225    65    0.0000000000
     132   194   226    97    0.0000750000
     132   194   256    98    0.0039000000
     132   195   225    31    0.0000000000
     132   195   226    63    0.0000000000
     132   195   256    64    0.0001500000
     132   225   226    64    0.0000000000
     132   225   256    65    0.0001500000
     132   226   256    31    0.0024750000
     132   133   163    31    0.0000000000
     132   133   164    63    0.0000000000
     132   133   194    64    0.0000000000
     132   133   195    96    0.0000000000
     132   133   225    97    0.0000000000
     132   133   226    63    0.0000000000
     132   133   256    64    0.0000000000
     132   163   164    64    0.0000000000
     132   163   194    65    0.0000750000
     132   163   195    97    0.1376250000
     132   163   225    98    0.0000750000
     132   163   226    64    0.0000000000
     132   163   256    65    0.0000750000
     132   164   194    31    0.0000000000
     132   164   195    63    0.0000000000
     132   164   225    64    0.0000000000
     132   164   226    96    0.0000000000
     132   164   256    97    0.0000000000
     132   194   195    64    0.0001500000
     132   194   225    65    0.0000000000
     132   194   226    97    0.0000000000
     132   194   256    98    0.0000000000
     132   195   225    31    0.0006000000
     132   195   226    63    0.0000000000
     132   195   256    64    0.0000000000
     132   225   226    64    0.0000000000
     132   225   256    65    0.0000000000
     132   226   256    31    0.0000000000
     132   133   163    31    0.0000000000
     132   133   164    63    0.0000000000
     132   133   194    64    0.0000000000
     132   133   195    96    0.0000000000
     132   133   225    97    0.0000000000
     132   133   226    63    0.0004500000
     132   133   256    64    0.0000000000
     132   163   164    64    0.0000000000
     132   163   194    65    0.0000000000
     132   163   195    97    0.0000000000
     132   163   225    98    0.0000000000
     132   163   226    64    0.0000000000
     132   163   256    65    0.0000000000
     132   164   194    31    0.0000000000
     132   164   195    63    0.0000000000
     132   164   225    64    0.0000000000
     132   164   226    96    0.0000000000
     132   164   256    97    0.0000000000
     132   194   195    64    0.0000000000
     132   194   225    65    0.0000000000
     132   194   226    97    0.0000000000
     132   194   256    98    0.0000000000
     132   195   225    31    0.0000000000
     132   195   226    63    0.0000000000
     132   195   256    64    0.0000000000
     132   225   226    64    0.0000000000
     132   225   256    65    0.0000000000
     132   226   256    31    0.0000000000
     196   197   243    47    0.0000000000
     196   197   244    95    0.0000000000
     196   197   290    96    0.0006000000
     196   197   291   144    0.0000000000
     196   197   337   145    0.0000000000
     196   197   338    95    0.0000000000
     196   197   384    96    0.0000000000
     196   243   244    96    0.0000000000
     196   243   290    97    0.0000750000
     196   243   291   145    0.0000000000
     196   243   337   146    0.0000000000
     196   243   338    96    0.0000000000
     196   243   384    97    0.0000000000
     196   244   290    47    0.0032250000
     196   244   291    95    0.0000000000
     196   244   337    96    0.0000000000
     196   244   338   144    0.0000000000
     196   244   384   145    0.0000750000
     196   290   291    96    0.0000000000
     196   290   337    97    0.0002250000
     196   290   338   145    0.0000000000
     196   290   384   146    0.0000750000
     196   291   337    47    0.0000000000
     196   291   338    95    0.0000000000
     196   291   384    96    0.0000000000
     196   337   338    96    0.0000000000
     196   337   384    97    0.0000000000
     196   338   384    47    0.0000000000
     196   197   243    47    0.0006750000
     196   197   244    95    0.0000000000
     196   197   290    96    0.0000000000
     196   197   291   144    0.0000000000
     196   197   337   145    0.0000000000
     196   197   338    95    0.0000000000
     196   197   384    96    0.0000000000
     196   243   244    96    0.0009000000
     196   243   290    97    0.0000000000
     196   243   291   145    0.0001500000
     196   243   337   146    0.0000000000
     196   243   338    96    0.0000000000
     196   243   384    97    0.0000750000
     196   244   290    47    0.0009750000
     196   244   291    95    0.0001500000
     196   244   337    96    0.0000750000
     196   244   338   144    0.0000000000
     196   244   384   145    0.0003750000
     196   290   291    96    0.0000000000
     196   290   337    97    0.0000750000
     196   290   338   145    0.0000000000
     196   290   384   146    0.0000000000
     196   291   337    47    0.0000000000
     196   291   338    95    0.0000000000
     196   291   384    96    0.0000000000
     196   337   338    96    0.0000000000
     196   337   384    97    0.0000750000
     196   338   384    47    0.0000000000
     196   197   243    47    0.0000000000
     196   197   244    95    0.0000000000
     196   197   290    96    0.0000000000
     196   197   291   144    0.0000000000
     196   197   337   145    0.0000000000
     196   197   338    95    0.0000000000
     196   197   384    96    0.0000000000
     196   243   244    96    0.0026250000
     196   243   290    97    0.0000000000
     196   243   291   145    0.0002250000
     196   243   337   146    0.0000000000
     196   243   338    96    0.0000000000
     196   243   384    97    0.0000000000
     196   244   290    47    0.0000000000
     196   244   291    95    0.0000000000
     196   244   337    96    0.0000000000
     196   244   338   144    0.0000000000
     196   244   384   145    0.0000000000
     196   290   291    96    0.0000000000
     196   290   337    97    0.0000000000
     196   290   338   145    0.0000000000
     196   290   384   146    0.0000000000
     196   291   337    47    0.0012000000
     196   291   338    95    0.0000000000
     196   291   384    96    0.0000000000
     196   337   338    96    0.0000000000
     196   337   384    97    0.0000000000
     196   338   384    47    0.0000000000
     196   197   243    47    0.0006750000
     196   197   244    95    0.0004500000
     196   197   290    96    0.0000000000
     196   197   291   144    0.0000000000
     196   197   337   145    0.0000000000
     196   197   338    95    0.0001500000
     196   197   384    96    0.0000750000
     196   243   244    96    0.0019500000
     196   243   290    97    0.0001500000
     196   243   291   145    0.0000000000
     196   243   337   146    0.0005250000
     196   243   338    96    0.0002250000
     196   243   384    97    0.0000750000
     196   244   290    47    0.1005000000
     196   244   291    95    0.0000000000
     196   244   337    96    0.0025500000
     196   244   338   144    0.0000000000
     196   244   384   145    0.0000000000
     196   290   291    96    0.0000000000
     196   290   337    97    0.0004500000
     196   290   338   145    0.0000000000
     196   290   384   146    0.0000000000
     196   291   337    47    0.0000000000
     196   291   338    95    0.0000000000
     196   291   384    96    0.0000000000
     196   337   338    96    0.0000000000
     196   337   384    97    0.0000000000
     196   338   384    47    0.0000000000
     196   197   243    47    0.0000000000
     196   197   244    95    0.0104250000
     196   197   290    96    0.0000000000
     196   197   291   144    0.0001500000
     196   197   337   145    0.0000000000
     196   197   338    95    0.0003750000
     196   197   384    96    0.0582000000
     196   243   244    96    0.0000000000
     196   243   290    97    0.0000000000
     196   243   291   145    0.0000000000
     196   243   337   146    0.0000000000
     196   243   338    96    0.0000000000
     196   243   384    97    0.0000000000
     196   244   290    47    0.0000000000
     196   244   291    95    0.0061500000
     196   244   337    96    0.0001500000
     196   244   338   144    0.0000750000
     196   244   384   145    0.0261750000
     196   290   291    96    0.0000000000
     196   290   337    97    0.0000000000
     196   290   338   145    0.0000000000
     196   290   384   146    0.0000000000
     196   291   337    47    0.0000000000
     196   291   338    95    0.0000000000
     196   291   384    96    0.0001500000
     196   337   338    96    0.0000000000
     196   337   384    97    0.0000000000
     196   338   384    47    0.0010500000
     196   197   243    47    0.0012750000
     196   197   244    95    0.0004500000
     196   197   290    96    0.0000000000
     196   197   291   144    0.0000000000
     196   197   337   145    0.0000000000
     196   197   338    95    0.0003000000
     196   197   384    96    0.0000000000
     196   243   244    96    0.0021750000
     196   243   290    97    0.0000000000
     196   243   291   145    0.0000000000
     196   243   337   146    0.0000000000
     196   243   338    96    0.0006750000
     196   243   384    97    0.0000000000
     196   244   290    47    0.0000000000
     196   244   291    95    0.0000000000
     196   244   337    96    0.0000000000
     196   244   338   144    0.0001500000
     196   244   384   145    0.0000000000
     196   290   291    96    0.0000000000
     196   290   337    97    0.0000000000
     196   290   338   145    0.0000000000
     196   290   384   146    0.0000000000
     196   291   337    47    0.0000000000
     196   291   338    95    0.0000000000
     196   291   384    96    0.0000000000
     196   337   338    96    0.0000000000
     196   337   384    97    0.0000000000
     196   338   384    47    0.0006000000
     196   197   243    47    0.0000000000
     196   197   244    95    0.0000000000
     196   197   290    96    0.0030750000
     196   197   291   144    0.0000000000
     196   197   337   145    0.0000000000
     196   197   338    95    0.0000000000
     196   197   384    96    0.0000000000
     196   243   244    96    0.0000000000
     196   243   290    97    0.0000000000
     196   243   291   145    0.0000000000
     196   243   337   146    0.0000000000
     196   243   338    96    0.0000000000
     196   243   384    97    0.0000000000
     196   244   290    47    0.0000000000
     196   244   291    95    0.0000000000
     196   244   337    96    0.0000000000
     196   244   338   144    0.0000000000
     196   244   384   145    0.0000000000
     196   290   291    96    0.0000000000
     196   290   337    97    0.0000000000
     196   290   338   145    0.0000000000
     196   290   384   146    0.0000000000
     196   291   337    47    0.0000000000
     196   291   338    95    0.0000000000
     196   291   384    96    0.0000000000
     196   337   338    96    0.0000000000
     196   337   384    97    0.0000000000
     196   338   384    47    0.0000000000
     196   197   243    47    0.0000000000
     196   197   244    95    0.0049500000
     196   197   290    96    0.0045000000
     196   197   291   144    0.0000000000
     196   197   337   145    0.0000000000
     196   197   338    95    0.0000000000
     196   197   384    96    0.0000000000
     196   243   244    96    0.0000000000
     196   243   290    97    0.0000000000
     196   243   291   145    0.0000000000
     196   243   337   146    0.0000000000
     196   243   338    96    0.0000000000
     196   243   384    97    0.0000000000
     196   244   290    47    0.3626250000
     196   244   291    95    0.0000000000
     196   244   337    96    0.0011250000
     196   244   338   144    0.0000000000
     196   244   384   145    0.0000000000
     196   290   291    96    0.0000000000
     196   290   337    97    0.0012750000
     196   290   338   145    0.0000000000
     196   290   384   146    0.0000750000
     196   291   337    47    0.0000000000
     196   291   338    95    0.0000000000
     196   291   384    96    0.0000000000
     196   337   338    96    0.0000000000
     196   337   384    97    0.0000000000
     196   338   384    47    0.0000000000
     196   197   243    47    0.0000750000
     196   197   244    95    0.0000000000
     196   197   290    96    0.0000000000
     196   197   291   144    0.0000000000
     196   197   337   145    0.0000000000
     196   197   338    95    0.0000000000
     196   197   384    96    0.0000000000
     196   243   244    96    0.0000000000
     196   243   290    97    0.0000000000
     196   243   291   145    0.0000000000
     196   243   337   146    0.0000000000
     196   243   338    96    0.0000000000
     196   243   384    97    0.0000000000
     196   244   290    47    0.0013500000
     196   244   291    95    0.0000000000
     196   244   337    96    0.0000000000
     196   244   338   144    0.0000000000
     196   244   384   145    0.0000000000
     196   290   291    96    0.0000000000
     196   290   337    97    0.0000000000
     196   290   338   145    0.0000000000
     196   290   384   146    0.0000000000
     196   291   337    47    0.0000000000
     196   291   338    95    0.0000000000
     196   291   384    96    0.0000000000
     196   337   338    96    0.0000000000
     196   337   384    97    0.0000000000
     196   338   384    47    0.0000750000
     196   197   243    47    0.0000000000
     196   197   244    95    0.0000000000
     196   197   290    96    0.0000000000
     196   197   291   144    0.0005250000
     196   197   337   145    0.0000000000
     196   197   338    95    0.0000000000
     196   197   384    96    0.0000000000
     196   243   244    96    0.0000000000
     196   243   290    97    0.0000000000
     196   243   291   145    0.0000000000
     196   243   337   146    0.0000000000
     196   243   338    96    0.0000000000
     196   243   384    97    0.0000000000
     196   244   290    47    0.0033000000
     196   244   291    95    0.0018750000
     196   244   337    96    0.0000000000
     196   244   338   144    0.0000000000
     196   244   384   145    0.0000000000
     196   290   291    96    0.0000000000
     196   290   337    97    0.0000000000
     196   290   338   145    0.0000000000
     196   290   384   146    0.0000000000
     196   291   337    47    0.0001500000
     196   291   338    95    0.0000000000
     196   291   384    96    0.0000750000
     196   337   338    96    0.0000000000
     196   337   384    97    0.0000000000
     196   338   384    47    0.0000000000
     260   261   323    63    0.0000000000
     260   261   324   127    0.0000000000
     260   261   386   128    0.0186750000
     260   261   387   192    0.0000000000
     260   261   449   193    0.0000000000
     260   261   450   127    0.0000000000
     260   261   512   128    0.0000000000
     260   323   324   128    0.0000000000
     260   323   386   129    0.0000000000
     260   323   387   193    0.0000000000
     260   323   449   194    0.0000000000
     260   323   450   128    0.0000000000
     260   323   512   129    0.0000000000
     260   324   386    63    0.0000000000
     260   324   387   127    0.0000000000
     260   324   449   128    0.0000000000
     260   324   450   192    0.0000000000
     260   324   512   193    0.0000000000
     260   386   387   128    0.0000000000
     260   386   449   129    0.0000000000
     260   386   450   193    0.0000000000
     260   386   512   194    0.0000000000
     260   387   449    63    0.0000000000
     260   387   450   127    0.0000000000
     260   387   512   128    0.0000000000
     260   449   450   128    0.0000000000
     260   449   512   129    0.0000000000
     260   450   512    63    0.0045750000
     260   261   323    63    0.0000000000
     260   261   324   127    0.0000000000
     260   261   386   128    0.0000000000
     260   261   387   192    0.0000000000
     260   261   449   193    0.0000000000
     260   261   450   127    0.0000000000
     260   261   512   128    0.0000000000
     260   323   324   128    0.0000000000
     260   323   386   129    0.0000000000
     260   323   387   193    0.0000000000
     260   323   449   194    0.0000000000
     260   323   450   128    0.0000000000
     260   323   512   129    0.0000000000
     260   324   386    63    0.0000000000
     260   324   387   127    0.0255000000
     260   324   449   128    0.0003000000
     260   324   450   192    0.0000000000
     260   324   512   193    0.0000000000
     260   386   387   128    0.0000000000
     260   386   449   129    0.0000000000
     260   386   450   193    0.0000000000
     260   386   512   194    0.0000000000
     260   387   449    63    0.0192750000
     260   387   450   127    0.0007500000
     260   387   512   128    0.0003750000
     260   449   450   128    0.0001500000
     260   449   512   129    0.0000000000
     260   450   512    63    0.0002250000
     260   261   323    63    0.0022500000
     260   261   324   127    0.0000000000
     260   261   386   128    0.0000000000
     260   261   387   192    0.0000000000
     260   261   449   193    0.0000000000
     260   261   450   127    0.0030750000
     260   261   512   128    0.0008250000
     260   323   324   128    0.0000000000
     260   323   386   129    0.0000000000
     260   323   387   193    0.0000000000
     260   323   449   194    0.0000000000
     260   323   450   128    0.0000750000
     260   323   512   129    0.0000000000
     260   324   386    63    0.0000000000
     260   324   387   127    0.0000000000
     260   324   449   128    0.0000000000
     260   324   450   192    0.0000000000
     260   324   512   193    0.0000000000
     260   386   387   128    0.0000000000
     260   386   449   129    0.0000000000
     260   386   450   193    0.0000000000
     260   386   512   194    0.0000000000
     260   387   449    63    0.0000000000
     260   387   450   127    0.0000000000
     260   387   512   128    0.0000000000
     260   449   450   128    0.0000000000
     260   449   512   129    0.0000000000
     260   450   512    63    0.0001500000
     260   261   323    63    0.0000000000
     260   261   324   127    0.0000000000
     260   261   386   128    0.0000000000
     260   261   387   192    0.0000000000
     260   261   449   193    0.0000000000
     260   261   450   127    0.0000000000
     260   261   512   128    0.0000000000
     260   323   324   128    0.0000000000
     260   323   386   129    0.0000000000
     260   323   387   193    0.0000000000
     260   323   449   194    0.0000000000
     260   323   450   128    0.0000000000
     260   323   512   129    0.0000000000
     260   324   386    63    0.0007500000
     260   324   387   127    0.0000000000
     260   324   449   128    0.0000000000
     260   324   450   192    0.0000000000
     260   324   512   193    0.0000000000
     260   386   387   128    0.0000000000
     260   386   449   129    0.0000000000
     260   386   450   193    0.0000000000
     260   386   512   194    0.0000000000
     260   387   449    63    0.0000000000
     260   387   450   127    0.0000000000
     260   387   512   128    0.0000000000
     260   449   450   128    0.0000000000
     260   449   512   129    0.0000000000
     260   450   512    63    0.0000000000
     260   261   323    63    0.0000000000
     260   261   324   127    0.0000000000
     260   261   386   128    0.0001500000
     260   261   387   192    0.0005250000
     260   261   449   193    0.0000000000
     260   261   450   127    0.0000000000
     260   261   512   128    0.0021750000
     260   323   324   128    0.0000000000
     260   323   386   129    0.0000000000
     260   323   387   193    0.0000000000
     260   323   449   194    0.0000000000
     260   323   450   128    0.0000000000
     260   323   512   129    0.0000000000
     260   324   386    63    0.0000000000
     260   324   387   127    0.0000000000
     260   324   449   128    0.0000000000
     260   324   450   192    0.0000000000
     260   324   512   193    0.0000000000
     260   386   387   128    0.0016500000
     260   386   449   129    0.0000000000
     260   386   450   193    0.0000000000
     260   386   512   194    0.0023250000
     260   387   449    63    0.0000000000
     260   387   450   127    0.0000000000
     260   387   512   128    0.0222000000
     260   449   450   128    0.0000000000
     260   449   512   129    0.0000000000
     260   450   512    63    0.0000000000
     260   261   323    63    0.0000000000
     260   261   324   127    0.0000000000
     260   261   386   128    0.0002250000
     260   261   387   192    0.0000750000
     260   261   449   193    0.0000000000
     260   261   450   127    0.0000000000
     260   261   512   128    0.0000000000
     260   323   324   128    0.0000000000
     260   323   386   129    0.0000000000
     260   323   387   193    0.0000000000
     260   323   449   194    0.0000000000
     260   323   450   128    0.0000000000
     260   323   512   129    0.0000000000
     260   324   386    63    0.0000000000
     260   324   387   127    0.0000000000
     260   324   449   128    0.0000000000
     260   324   450   192    0.0000000000
     260   324   512   193    0.0000000000
     260   386   387   128    0.0000000000
     260   386   449   129    0.0000000000
     260   386   450   193    0.0000000000
     260   386   512   194    0.0000000000
     260   387   449    63    0.0000000000
     260   387   450   127    0.0000000000
     260   387   512   128    0.0000000000
     260   449   450   128    0.0000000000
     260   449   512   129    0.0000000000
     260   450   512    63    0.0000000000
     260   261   323    63    0.0013500000
     260   261   324   127    0.0000000000
     260   261   386   128    0.0000000000
     260   261   387   192    0.0000000000
     260   261   449   193    0.0000000000
     260   261   450   127    0.0000000000
     260   261   512   128    0.0018750000
     260   323   324   128    0.0000000000
     260   323   386   129    0.0000000000
     260   323   387   193    0.0000000000
     260   323   449   194    0.0000000000
     260   323   450   128    0.0000000000
     260   323   512   129    0.0001500000
     260   324   386    63    0.0000000000
     260   324   387   127    0.0000000000
     260   324   449   128    0.0000000000
     260   324   450   192    0.0000000000
     260   324   512   193    0.0000000000
     260   386   387   128    0.0000000000
     260   386   449   129    0.0000000000
     260   386   450   193    0.0000000000
     260   386   512   194    0.0000000000
     260   387   449    63    0.0000000000
     260   387   450   127    0.0000000000
     260   387   512   128    0.0000000000
     260   449   450   128    0.0000000000
     260   449   512   129    0.0000000000
     260   450   512    63    0.0000000000
     260   261   323    63    0.0000000000
     260   261   324   127    0.0000000000
     260   261   386   128    0.0000000000
     260   261   387   192    0.0000000000
     260   261   449   193    0.0000000000
     260   261   450   127    0.0000000000
     260   261   512   128    0.0000000000
     260   323   324   128    0.0000000000
     260   323   386   129    0.0000000000
     260   323   387   193    0.0000000000
     260   323   449   194    0.0000000000
     260   323   450   128    0.0000000000
     260   323   512   129    0.0000000000
     260   324   386    63    0.0000000000
     260   324   387   127    0.0000000000
     260   324   449   128    0.0000000000
     260   324   450   192    0.0000000000
     260   324   512   193    0.0000000000
     260   386   387   128    0.0000000000
     260   386   449   129    0.0000000000
     260   386   450   193    0.0000000000
     260   386   512   194    0.0000000000
     260   387   449    63    0.0000000000
     260   387   450   127    0.0000000000
     260   387   512   128    0.0000000000
     260   449   450   128    0.0003000000
     260   449   512   129    0.0000000000
     260   450   512    63    0.0000000000
     260   261   323    63    0.0000000000
     260   261   324   127    0.0000000000
     260   261   386   128    0.0000000000
     260   261   387   192    0.0000000000
     260   261   449   193    0.0000000000
     260   261   450   127    0.0000000000
     260   261   512   128    0.0000000000
     260   323   324   128    0.0000000000
     260   323   386   129    0.0000000000
     260   323   387   193    0.0000000000
     260   323   449   194    0.0000000000
     260   323   450   128    0.0000000000
     260   323   512   129    0.0000000000
     260   324   386    63    0.0000000000
     260   324   387   127    0.0000000000
     260   324   449   128    0.0000000000
     260   324   450   192    0.0000000000
     260   324   512   193    0.0000000000
     260   386   387   128    0.0000000000
     260   386   449   129    0.0000000000
     260   386   450   193    0.0000000000
     260   386   512   194    0.0000000000
     260   387   449    63    0.0000000000
     260   387   450   127    0.0000000000
     260   387   512   128    0.0000000000
     260   449   450   128    0.0000000000
     260   449   512   129    0.0000000000
     260   450   512    63    0.0000000000
     260   261   323    63    0.0000000000
     260   261   324   127    0.0000000000
     260   261   386   128    0.0000000000
     260   261   387   192    0.0000000000
     260   261   449   193    0.0000000000
     260   261   450   127    0.0000000000
     260   261   512   128    0.0000000000
     260   323   324   128    0.0000000000
     260   323   386   129    0.0000000000
     260   323   387   193    0.0000000000
     260   323   449   194    0.0000000000
     260   323   450   128    0.0000000000
     260   323   512   129    0.0000000000
     260   324   386    63    0.0001500000
     260   324   387   127    0.0000750000
     260   324   449   128    0.0000000000
     260   324   450   192    0.0000000000
     260   324   512   193    0.0000000000
     260   386   387   128    0.0001500000
     260   386   449   129    0.0000000000
     260   386   450   193    0.0000000000
     260   386   512   194    0.0000000000
     260   387   449    63    0.0000000000
     260   387   450   127    0.0000000000
     260   387   512   128    0.0000000000
     260   449   450   128    0.0000000000
     260   449   512   129    0.0000000000
     260   450   512    63    0.0045750000
     260   261   323    63    0.0060000000
     260   261   324   127    0.0000000000
     260   261   386   128    0.0000000000
     260   261   387   192    0.0000000000
     260   261   449   193    0.0000000000
     260   261   450   127    0.0000750000
     260   261   512   128    0.0000000000
     260   323   324   128    0.0000000000
     260   323   386   129    0.0000000000
     260   323   387   193    0.0000000000
     260   323   449   194    0.0000000000
     260   323   450   128    0.0000000000
     260   323   512   129    0.0000000000
     260   324   386    63    0.0000000000
     260   324   387   127    0.0000000000
     260   324   449   128    0.0000000000
     260   324   450   192    0.0000000000
     260   324   512   193    0.0000000000
     260   386   387   128    0.0000000000
     260   386   449   129    0.0000000000
     260   386   450   193    0.0000000000
     260   386   512   194    0.0000000000
     260   387   449    63    0.0000000000
     260   387   450   127    0.0000000000
     260   387   512   128    0.0000000000
     260   449   450   128    0.0010500000
     260   449   512   129    0.0000750000
     260   450   512    63    0.0047250000
     260   261   323    63    0.0000000000
     260   261   324   127    0.0000000000
     260   261   386   128    0.0000000000
     260   261   387   192    0.0000000000
     260   261   449   193    0.0000000000
     260   261   450   127    0.0000000000
     260   261   512   128    0.0000000000
     260   323   324   128    0.0000000000
     260   323   386   129    0.0000000000
     260   323   387   193    0.0000000000
     260   323   449   194    0.0000000000
     260   323   450   128    0.0000000000
     260   323   512   129    0.0000000000
     260   324   386    63    0.0000000000
     260   324   387   127    0.0000000000
     260   324   449   128    0.0000000000
     260   324   450   192    0.0000000000
     260   324   512   193    0.0000000000
     260   386   387   128    0.0000000000
     260   386   449   129    0.0000000000
     260   386   450   193    0.0000000000
     260   386   512   194    0.0000000000
     260   387   449    63    0.0000000000
     260   387   450   127    0.0000000000
     260   387   512   128    0.0000000000
     260   449   450   128    0.0000000000
     260   449   512   129    0.0000000000
     260   450   512    63    0.0000000000
     260   261   323    63    0.0000750000
     260   261   324   127    0.0000000000
     260   261   386   128    0.0000000000
     260   261   387   192    0.0004500000
     260   261   449   193    0.0000000000
     260   261   450   127    0.0118500000
     260   261   512   128    0.0153000000
     260   323   324   128    0.0000000000
     260   323   386   129    0.0000000000
     260   323   387   193    0.0000000000
     260   323   449   194    0.0000000000
     260   323   450   128    0.0000000000
     260   323   512   129    0.0000000000
     260   324   386    63    0.0000000000
     260   324   387   127    0.0000000000
     260   324   449   128    0.0000000000
     260   324   450   192    0.0000000000
     260   324   512   193    0.0000000000
     260   386   387   128    0.0000000000
     260   386   449   129    0.0000000000
     260   386   450   193    0.0000000000
     260   386   512   194    0.0000000000
     260   387   449    63    0.0000000000
     260   387   450   127    0.0006750000
     260   387   512   128    0.0009750000
     260   449   450   128    0.0000000000
     260   449   512   129    0.0000000000
     260   450   512    63    0.0675000000
     260   261   323    63    0.0000000000
     260   261   324   127    0.0000000000
     260   261   386   128    0.0000000000
     260   261   387   192    0.0000000000
     260   261   449   193    0.0000000000
     260   261   450   127    0.0026250000
     260   261   512   128    0.0000000000
     260   323   324   128    0.0000000000
     260   323   386   129    0.0000000000
     260   323   387   193    0.0000000000
     260   323   449   194    0.0000000000
     260   323   450   128    0.0000000000
     260   323   512   129    0.0000000000
     260   324   386    63    0.0000000000
     260   324   387   127    0.0000000000
     260   324   449   128    0.0000000000
     260   324   450   192    0.0000000000
     260   324   512   193    0.0000000000
     260   386   387   128    0.0000000000
     260   386   449   129    0.0000000000
     260   386   450   193    0.0000000000
     260   386   512   194    0.0000000000
     260   387   449    63    0.0000000000
     260   387   450   127    0.0000000000
     260   387   512   128    0.0000000000
     260   449   450   128    0.0000000000
     260   449   512   129    0.0000000000
     260   450   512    63    0.0000000000
