      36    37    43     7    0.0154500000
      36    37    44    15    0.0012000000
      36    37    50    16    0.0000000000
      36    37    51    24    0.0014250000
      36    37    57    25    0.0377250000
      36    37    58    15    0.0981000000
      36    37    64    16    0.1326000000
      36    43    44    16    0.0000750000
      36    43    50    17    0.0000000000
      36    43    51    25    0.0001500000
      36    43    57    26    0.0031500000
      36    43    58    16    0.0079500000
      36    43    64    17    0.0107250000
      36    44    50     7    0.0000750000
      36    44    51    15    0.0000000000
      36    44    57    16    0.0034500000
      36    44    58    24    0.0013500000
      36    44    64    25    0.0018000000
      36    50    51    16    0.0000000000
      36    50    57    17    0.0000000000
      36    50    58    25    0.0000000000
      36    50    64    26    0.0000000000
      36    51    57     7    0.0079500000
      36    51    58    15    0.0010500000
      36    51    64    16    0.0023250000
      36    57    58    16    0.0403500000
      36    57    64    17    0.0711750000
      36    58    64     7    0.1881750000
      36    37    43     7    0.0202500000
      36    37    44    15    0.0042750000
      36    37    50    16    0.0002250000
      36    37    51    24    0.0060000000
      36    37    57    25    0.0014250000
      36    37    58    15    0.0063750000
      36    37    64    16    0.0004500000
      36    43    44    16    0.0003000000
      36    43    50    17    0.0000750000
      36    43    51    25    0.0003750000
      36    43    57    26    0.0001500000
      36    43    58    16    0.0005250000
      36    43    64    17    0.0000750000
      36    44    50     7    0.0071250000
      36    44    51    15    0.5205750000
      36    44    57    16    0.0560250000
      36    44    58    24    0.1209000000
      36    44    64    25    0.0028500000
      36    50    51    16    0.0045000000
      36    50    57    17    0.0006750000
      36    50    58    25    0.0009750000
      36    50    64    26    0.0000750000
      36    51    57     7    0.0448500000
      36    51    58    15    0.1892250000
      36    51    64    16    0.0037500000
      36    57    58    16    0.0327750000
      36    57    64    17    0.0009000000
      36    58    64     7    0.0060000000
      36    37    43     7    0.1807500000
      36    37    44    15    0.0061500000
      36    37    50    16    0.0018750000
      36    37    51    24    0.0119250000
      36    37    57    25    0.0017250000
      36    37    58    15    0.0532500000
      36    37    64    16    0.0069750000
      36    43    44    16    0.0020250000
      36    43    50    17    0.0009000000
      36    43    51    25    0.0048750000
      36    43    57    26    0.0010500000
      36    43    58    16    0.0158250000
      36    43    64    17    0.0023250000
      36    44    50     7    0.0195750000
      36    44    51    15    0.2607000000
      36    44    57    16    0.0405000000
      36    44    58    24    0.0010500000
      36    44    64    25    0.0000750000
      36    50    51    16    0.0345750000
      36    50    57    17    0.0055500000
      36    50    58    25    0.0003000000
      36    50    64    26    0.0000000000
      36    51    57     7    0.1167750000
      36    51    58    15    0.0013500000
      36    51    64    16    0.0002250000
      36    57    58    16    0.0005250000
      36    57    64    17    0.0000750000
      36    58    64     7    0.0692250000
      36    37    43     7    0.0084000000
      36    37    44    15    0.0013500000
      36    37    50    16    0.0033750000
      36    37    51    24    0.0013500000
      36    37    57    25    0.0000000000
      36    37    58    15    0.0039750000
      36    37    64    16    0.0048000000
      36    43    44    16    0.0051750000
      36    43    50    17    0.0087750000
      36    43    51    25    0.0064500000
      36    43    57    26    0.0000000000
      36    43    58    16    0.0099750000
      36    43    64    17    0.0132750000
      36    44    50     7    0.1887750000
      36    44    51    15    0.0383250000
      36    44    57    16    0.0004500000
      36    44    58    24    0.0078000000
      36    44    64    25    0.0116250000
      36    50    51    16    0.0672750000
      36    50    57    17    0.0005250000
      36    50    58    25    0.0144000000
      36    50    64    26    0.0198000000
      36    51    57     7    0.0015000000
      36    51    58    15    0.0540000000
      36    51    64    16    0.0616500000
      36    57    58    16    0.0001500000
      36    57    64    17    0.0003000000
      36    58    64     7    0.5225250000
      36    37    43     7    0.1809000000
      36    37    44    15    0.0027750000
      36    37    50    16    0.0000750000
      36    37    51    24    0.0002250000
      36    37    57    25    0.0039750000
      36    37    58    15    0.0126000000
      36    37    64    16    0.0018000000
      36    43    44    16    0.0011250000
      36    43    50    17    0.0000000000
      36    43    51    25    0.0000000000
      36    43    57    26    0.0016500000
      36    43    58    16    0.0050250000
      36    43    64    17    0.0009000000
      36    44    50     7    0.0026250000
      36    44    51    15    0.0000000000
      36    44    57    16    0.0018750000
      36    44    58    24    0.0018000000
      36    44    64    25    0.0002250000
      36    50    51    16    0.0000000000
      36    50    57    17    0.0000750000
      36    50    58    25    0.0001500000
      36    50    64    26    0.0000750000
      36    51    57     7    0.0072000000
      36    51    58    15    0.0069000000
      36    51    64    16    0.0003750000
      36    57    58    16    0.2244750000
      36    57    64    17    0.0174000000
      36    58    64     7    0.0591000000
      36    37    43     7    0.3105750000
      36    37    44    15    0.0006750000
      36    37    50    16    0.0057750000
      36    37    51    24    0.0000000000
      36    37    57    25    0.0000000000
      36    37    58    15    0.0000000000
      36    37    64    16    0.0000000000
      36    43    44    16    0.0005250000
      36    43    50    17    0.0024750000
      36    43    51    25    0.0000000000
      36    43    57    26    0.0000000000
      36    43    58    16    0.0000000000
      36    43    64    17    0.0000000000
      36    44    50     7    0.0804000000
      36    44    51    15    0.0011250000
      36    44    57    16    0.0002250000
      36    44    58    24    0.0000750000
      36    44    64    25    0.0000000000
      36    50    51    16    0.0027750000
      36    50    57    17    0.0004500000
      36    50    58    25    0.0003000000
      36    50    64    26    0.0002250000
      36    51    57     7    0.0040500000
      36    51    58    15    0.0005250000
      36    51    64    16    0.0001500000
      36    57    58    16    0.0000750000
      36    57    64    17    0.0000750000
      36    58    64     7    0.0818250000
      36    37    43     7    0.0270750000
      36    37    44    15    0.0000750000
      36    37    50    16    0.0000000000
      36    37    51    24    0.0000750000
      36    37    57    25    0.0001500000
      36    37    58    15    0.0035250000
      36    37    64    16    0.0030000000
      36    43    44    16    0.0000750000
      36    43    50    17    0.0000000000
      36    43    51    25    0.0000750000
      36    43    57    26    0.0000000000
      36    43    58    16    0.0009000000
      36    43    64    17    0.0006750000
      36    44    50     7    0.0001500000
      36    44    51    15    0.0990750000
      36    44    57    16    0.0129750000
      36    44    58    24    0.0003750000
      36    44    64    25    0.0003000000
      36    50    51    16    0.0003000000
      36    50    57    17    0.0000000000
      36    50    58    25    0.0000000000
      36    50    64    26    0.0000000000
      36    51    57     7    0.0955500000
      36    51    58    15    0.0021000000
      36    51    64    16    0.0018000000
      36    57    58    16    0.0024000000
      36    57    64    17    0.0022500000
      36    58    64     7    0.0963750000
      36    37    43     7    0.0337500000
      36    37    44    15    0.0003000000
      36    37    50    16    0.0041250000
      36    37    51    24    0.0000000000
      36    37    57    25    0.0000000000
      36    37    58    15    0.0002250000
      36    37    64    16    0.0010500000
      36    43    44    16    0.0001500000
      36    43    50    17    0.0028500000
      36    43    51    25    0.0000000000
      36    43    57    26    0.0000000000
      36    43    58    16    0.0004500000
      36    43    64    17    0.0009750000
      36    44    50     7    0.0127500000
      36    44    51    15    0.0000000000
      36    44    57    16    0.0000000000
      36    44    58    24    0.0002250000
      36    44    64    25    0.0000000000
      36    50    51    16    0.0011250000
      36    50    57    17    0.0001500000
      36    50    58    25    0.0024750000
      36    50    64    26    0.0001500000
      36    51    57     7    0.0008250000
      36    51    58    15    0.0002250000
      36    51    64    16    0.0000000000
      36    57    58    16    0.0000000000
      36    57    64    17    0.0000000000
      36    58    64     7    0.0384000000
      36    37    43     7    0.0416250000
      36    37    44    15    0.0000750000
      36    37    50    16    0.0002250000
      36    37    51    24    0.0002250000
      36    37    57    25    0.0000750000
      36    37    58    15    0.0000000000
      36    37    64    16    0.0004500000
      36    43    44    16    0.0000000000
      36    43    50    17    0.0000000000
      36    43    51    25    0.0000750000
      36    43    57    26    0.0000000000
      36    43    58    16    0.0000000000
      36    43    64    17    0.0000000000
      36    44    50     7    0.0057750000
      36    44    51    15    0.0068250000
      36    44    57    16    0.0022500000
      36    44    58    24    0.0019500000
      36    44    64    25    0.0008250000
      36    50    51    16    0.0159000000
      36    50    57    17    0.0063000000
      36    50    58    25    0.0029250000
      36    50    64    26    0.0020250000
      36    51    57     7    0.0772500000
      36    51    58    15    0.0164250000
      36    51    64    16    0.0108750000
      36    57    58    16    0.0087000000
      36    57    64    17    0.0048000000
      36    58    64     7    0.0647250000
      36    37    43     7    0.0343500000
      36    37    44    15    0.0000750000
      36    37    50    16    0.0000000000
      36    37    51    24    0.0000000000
      36    37    57    25    0.0000000000
      36    37    58    15    0.0008250000
      36    37    64    16    0.0008250000
      36    43    44    16    0.0004500000
      36    43    50    17    0.0001500000
      36    43    51    25    0.0002250000
      36    43    57    26    0.0000000000
      36    43    58    16    0.0023250000
      36    43    64    17    0.0026250000
      36    44    50     7    0.3774750000
      36    44    51    15    0.4615500000
      36    44    57    16    0.0009000000
      36    44    58    24    0.0057750000
      36    44    64    25    0.0010500000
      36    50    51    16    0.2379750000
      36    50    57    17    0.0006750000
      36    50    58    25    0.0045750000
      36    50    64    26    0.0009000000
      36    51    57     7    0.0014250000
      36    51    58    15    0.0078750000
      36    51    64    16    0.0012000000
      36    57    58    16    0.0003000000
      36    57    64    17    0.0000000000
      36    58    64     7    0.0312750000
      36    37    43     7    0.0366750000
      36    37    44    15    0.0258750000
      36    37    50    16    0.0887250000
      36    37    51    24    0.1082250000
      36    37    57    25    0.0009000000
      36    37    58    15    0.0034500000
      36    37    64    16    0.0165750000
      36    43    44    16    0.0021000000
      36    43    50    17    0.0073500000
      36    43    51    25    0.0097500000
      36    43    57    26    0.0001500000
      36    43    58    16    0.0006000000
      36    43    64    17    0.0022500000
      36    44    50     7    0.1038000000
      36    44    51    15    0.1092000000
      36    44    57    16    0.0014250000
      36    44    58    24    0.0004500000
      36    44    64    25    0.0021000000
      36    50    51    16    0.2387250000
      36    50    57    17    0.0024000000
      36    50    58    25    0.0015000000
      36    50    64    26    0.0077250000
      36    51    57     7    0.0070500000
      36    51    58    15    0.0024000000
      36    51    64    16    0.0125250000
      36    57    58    16    0.0003000000
      36    57    64    17    0.0006000000
      36    58    64     7    0.1102500000
      36    37    43     7    0.0760500000
      36    37    44    15    0.0029250000
      36    37    50    16    0.0022500000
      36    37    51    24    0.0065250000
      36    37    57    25    0.0088500000
      36    37    58    15    0.1489500000
      36    37    64    16    0.0822000000
      36    43    44    16    0.0025500000
      36    43    50    17    0.0018750000
      36    43    51    25    0.0016500000
      36    43    57    26    0.0019500000
      36    43    58    16    0.0188250000
      36    43    64    17    0.0104250000
      36    44    50     7    0.0789750000
      36    44    51    15    0.0000750000
      36    44    57    16    0.0000000000
      36    44    58    24    0.0006750000
      36    44    64    25    0.0002250000
      36    50    51    16    0.0000750000
      36    50    57    17    0.0000750000
      36    50    58    25    0.0006750000
      36    50    64    26    0.0002250000
      36    51    57     7    0.0654000000
      36    51    58    15    0.0071250000
      36    51    64    16    0.0032250000
      36    57    58    16    0.0082500000
      36    57    64    17    0.0040500000
      36    58    64     7    0.0634500000
      36    37    43     7    0.0073500000
      36    37    44    15    0.0030000000
      36    37    50    16    0.0000750000
      36    37    51    24    0.0005250000
      36    37    57    25    0.0003750000
      36    37    58    15    0.0008250000
      36    37    64    16    0.0004500000
      36    43    44    16    0.0000000000
      36    43    50    17    0.0000000000
      36    43    51    25    0.0000750000
      36    43    57    26    0.0000000000
      36    43    58    16    0.0000750000
      36    43    64    17    0.0000000000
      36    44    50     7    0.0008250000
      36    44    51    15    0.0000750000
      36    44    57    16    0.0000000000
      36    44    58    24    0.0000000000
      36    44    64    25    0.0001500000
      36    50    51    16    0.0000000000
      36    50    57    17    0.0000000000
      36    50    58    25    0.0000000000
      36    50    64    26    0.0000000000
      36    51    57     7    0.0299250000
      36    51    58    15    0.0327000000
      36    51    64    16    0.0083250000
      36    57    58    16    0.0117000000
      36    57    64    17    0.0024750000
      36    58    64     7    0.0117750000
      36    37    43     7    0.0438750000
      36    37    44    15    0.0600000000
      36    37    50    16    0.0276750000
      36    37    51    24    0.1512750000
      36    37    57    25    0.0003750000
      36    37    58    15    0.1234500000
      36    37    64    16    0.0003750000
      36    43    44    16    0.0038250000
      36    43    50    17    0.0032250000
      36    43    51    25    0.0104250000
      36    43    57    26    0.0000750000
      36    43    58    16    0.0096750000
      36    43    64    17    0.0002250000
      36    44    50     7    0.0051000000
      36    44    51    15    0.1845000000
      36    44    57    16    0.0000750000
      36    44    58    24    0.0535500000
      36    44    64    25    0.0000750000
      36    50    51    16    0.0126750000
      36    50    57    17    0.0000750000
      36    50    58    25    0.0082500000
      36    50    64    26    0.0001500000
      36    51    57     7    0.0004500000
      36    51    58    15    0.2649750000
      36    51    64    16    0.0003750000
      36    57    58    16    0.0005250000
      36    57    64    17    0.0000000000
      36    58    64     7    0.0015000000
      36    37    43     7    0.0264750000
      36    37    44    15    0.0384000000
      36    37    50    16    0.0011250000
      36    37    51    24    0.0006000000
      36    37    57    25    0.0000000000
      36    37    58    15    0.0000000000
      36    37    64    16    0.0000000000
      36    43    44    16    0.0134250000
      36    43    50    17    0.0004500000
      36    43    51    25    0.0001500000
      36    43    57    26    0.0000000000
      36    43    58    16    0.0000750000
      36    43    64    17    0.0000750000
      36    44    50     7    0.0129750000
      36    44    51    15    0.0094500000
      36    44    57    16    0.0000750000
      36    44    58    24    0.0003750000
      36    44    64    25    0.0001500000
      36    50    51    16    0.0000750000
      36    50    57    17    0.0000000000
      36    50    58    25    0.0000000000
      36    50    64    26    0.0000000000
      36    51    57     7    0.0006000000
      36    51    58    15    0.0153750000
      36    51    64    16    0.0038250000
      36    57    58    16    0.0000000000
      36    57    64    17    0.0000750000
      36    58    64     7    0.0002250000
      36    37    43     7    0.1560750000
      36    37    44    15    0.1592250000
      36    37    50    16    0.0157500000
      36    37    51    24    0.0978750000
      36    37    57    25    0.0205500000
      36    37    58    15    0.0120750000
      36    37    64    16    0.0205500000
      36    43    44    16    0.0384750000
      36    43    50    17    0.0048750000
      36    43    51    25    0.0231750000
      36    43    57    26    0.0061500000
      36    43    58    16    0.0026250000
      36    43    64    17    0.0033000000
      36    44    50     7    0.0201000000
      36    44    51    15    0.1152750000
      36    44    57    16    0.0231750000
      36    44    58    24    0.0021750000
      36    44    64    25    0.0041250000
      36    50    51    16    0.0119250000
      36    50    57    17    0.0025500000
      36    50    58    25    0.0001500000
      36    50    64    26    0.0003750000
      36    51    57     7    0.1047750000
      36    51    58    15    0.0046500000
      36    51    64    16    0.0068250000
      36    57    58    16    0.0011250000
      36    57    64    17    0.0009750000
      36    58    64     7    0.0004500000
      36    37    43     7    0.0083250000
      36    37    44    15    0.0207750000
      36    37    50    16    0.2118000000
      36    37    51    24    0.0123750000
      36    37    57    25    0.0207750000
      36    37    58    15    0.0024000000
      36    37    64    16    0.0003750000
      36    43    44    16    0.0002250000
      36    43    50    17    0.0032250000
      36    43    51    25    0.0002250000
      36    43    57    26    0.0005250000
      36    43    58    16    0.0000000000
      36    43    64    17    0.0000000000
      36    44    50     7    0.0173250000
      36    44    51    15    0.0003750000
      36    44    57    16    0.0006000000
      36    44    58    24    0.0000000000
      36    44    64    25    0.0000000000
      36    50    51    16    0.0052500000
      36    50    57    17    0.0083250000
      36    50    58    25    0.0010500000
      36    50    64    26    0.0000000000
      36    51    57     7    0.3574500000
      36    51    58    15    0.0498000000
      36    51    64    16    0.0087750000
      36    57    58    16    0.0448500000
      36    57    64    17    0.0076500000
      36    58    64     7    0.0290250000
      36    37    43     7    0.0070500000
      36    37    44    15    0.3599250000
      36    37    50    16    0.0008250000
      36    37    51    24    0.1241250000
      36    37    57    25    0.0003000000
      36    37    58    15    0.3144750000
      36    37    64    16    0.0345000000
      36    43    44    16    0.0035250000
      36    43    50    17    0.0000750000
      36    43    51    25    0.0017250000
      36    43    57    26    0.0000000000
      36    43    58    16    0.0021750000
      36    43    64    17    0.0008250000
      36    44    50     7    0.0010500000
      36    44    51    15    0.1086750000
      36    44    57    16    0.0003000000
      36    44    58    24    0.1485000000
      36    44    64    25    0.0215250000
      36    50    51    16    0.0009000000
      36    50    57    17    0.0000000000
      36    50    58    25    0.0003750000
      36    50    64    26    0.0003000000
      36    51    57     7    0.0008250000
      36    51    58    15    0.1284000000
      36    51    64    16    0.0434250000
      36    57    58    16    0.0003000000
      36    57    64    17    0.0000750000
      36    58    64     7    0.0215250000
      36    37    43     7    0.4452000000
      36    37    44    15    0.0342750000
      36    37    50    16    0.0067500000
      36    37    51    24    0.0008250000
      36    37    57    25    0.0003000000
      36    37    58    15    0.0101250000
      36    37    64    16    0.0000750000
      36    43    44    16    0.0321000000
      36    43    50    17    0.0066000000
      36    43    51    25    0.0008250000
      36    43    57    26    0.0005250000
      36    43    58    16    0.0132000000
      36    43    64    17    0.0001500000
      36    44    50     7    0.0471000000
      36    44    51    15    0.0007500000
      36    44    57    16    0.0001500000
      36    44    58    24    0.0012750000
      36    44    64    25    0.0000000000
      36    50    51    16    0.0000750000
      36    50    57    17    0.0000000000
      36    50    58    25    0.0003000000
      36    50    64    26    0.0000000000
      36    51    57     7    0.1464000000
      36    51    58    15    0.0144750000
      36    51    64    16    0.0001500000
      36    57    58    16    0.0033750000
      36    57    64    17    0.0000000000
      36    58    64     7    0.0042000000
      36    37    43     7    0.0372000000
      36    37    44    15    0.0179250000
      36    37    50    16    0.0030750000
      36    37    51    24    0.0112500000
      36    37    57    25    0.0026250000
      36    37    58    15    0.0304500000
      36    37    64    16    0.0009000000
      36    43    44    16    0.0044250000
      36    43    50    17    0.0006750000
      36    43    51    25    0.0030000000
      36    43    57    26    0.0001500000
      36    43    58    16    0.0064500000
      36    43    64    17    0.0001500000
      36    44    50     7    0.0027000000
      36    44    51    15    0.0068250000
      36    44    57    16    0.0018750000
      36    44    58    24    0.0081750000
      36    44    64    25    0.0003750000
      36    50    51    16    0.0018750000
      36    50    57    17    0.0002250000
      36    50    58    25    0.0009000000
      36    50    64    26    0.0000750000
      36    51    57     7    0.0708000000
      36    51    58    15    0.0220500000
      36    51    64    16    0.0004500000
      36    57    58    16    0.0046500000
      36    57    64    17    0.0000750000
      36    58    64     7    0.0005250000
      36    37    43     7    0.0163500000
      36    37    44    15    0.0000000000
      36    37    50    16    0.0011250000
      36    37    51    24    0.0035250000
      36    37    57    25    0.0000000000
      36    37    58    15    0.0092250000
      36    37    64    16    0.0002250000
      36    43    44    16    0.0000000000
      36    43    50    17    0.0015750000
      36    43    51    25    0.0028500000
      36    43    57    26    0.0000000000
      36    43    58    16    0.0075750000
      36    43    64    17    0.0003000000
      36    44    50     7    0.0006750000
      36    44    51    15    0.0000000000
      36    44    57    16    0.0000000000
      36    44    58    24    0.0000000000
      36    44    64    25    0.0000000000
      36    50    51    16    0.0014250000
      36    50    57    17    0.0000000000
      36    50    58    25    0.0007500000
      36    50    64    26    0.0000000000
      36    51    57     7    0.0005250000
      36    51    58    15    0.0160500000
      36    51    64    16    0.0004500000
      36    57    58    16    0.0000000000
      36    57    64    17    0.0000000000
      36    58    64     7    0.0045750000
      36    37    43     7    0.0081750000
      36    37    44    15    0.0058500000
      36    37    50    16    0.0000000000
      36    37    51    24    0.0023250000
      36    37    57    25    0.0001500000
      36    37    58    15    0.0043500000
      36    37    64    16    0.0000000000
      36    43    44    16    0.0034500000
      36    43    50    17    0.0000000000
      36    43    51    25    0.0012000000
      36    43    57    26    0.0000750000
      36    43    58    16    0.0036750000
      36    43    64    17    0.0000000000
      36    44    50     7    0.0027750000
      36    44    51    15    0.1698000000
      36    44    57    16    0.0230250000
      36    44    58    24    0.0552750000
      36    44    64    25    0.0010500000
      36    50    51    16    0.0006750000
      36    50    57    17    0.0000750000
      36    50    58    25    0.0001500000
      36    50    64    26    0.0000000000
      36    51    57     7    0.0337500000
      36    51    58    15    0.0456000000
      36    51    64    16    0.0013500000
      36    57    58    16    0.0052500000
      36    57    64    17    0.0001500000
      36    58    64     7    0.0069750000
      36    37    43     7    0.2154000000
      36    37    44    15    0.0048000000
      36    37    50    16    0.0132000000
      36    37    51    24    0.0050250000
      36    37    57    25    0.0026250000
      36    37    58    15    0.4389750000
      36    37    64    16    0.0085500000
      36    43    44    16    0.0026250000
      36    43    50    17    0.0060000000
      36    43    51    25    0.0010500000
      36    43    57    26    0.0003750000
      36    43    58    16    0.0988500000
      36    43    64    17    0.0033000000
      36    44    50     7    0.2356500000
      36    44    51    15    0.0032250000
      36    44    57    16    0.0018000000
      36    44    58    24    0.0038250000
      36    44    64    25    0.0000750000
      36    50    51    16    0.0077250000
      36    50    57    17    0.0044250000
      36    50    58    25    0.0114000000
      36    50    64    26    0.0004500000
      36    51    57     7    0.0483000000
      36    51    58    15    0.0083250000
      36    51    64    16    0.0000750000
      36    57    58    16    0.0045000000
      36    57    64    17    0.0000000000
      36    58    64     7    0.0079500000
      36    37    43     7    0.0409500000
      36    37    44    15    0.0044250000
      36    37    50    16    0.0468750000
      36    37    51    24    0.0153000000
      36    37    57    25    0.0199500000
      36    37    58    15    0.0015000000
      36    37    64    16    0.0000000000
      36    43    44    16    0.0017250000
      36    43    50    17    0.0230250000
      36    43    51    25    0.0075750000
      36    43    57    26    0.0093750000
      36    43    58    16    0.0008250000
      36    43    64    17    0.0000000000
      36    44    50     7    0.0401250000
      36    44    51    15    0.0035250000
      36    44    57    16    0.0036750000
      36    44    58    24    0.0002250000
      36    44    64    25    0.0000000000
      36    50    51    16    0.0410250000
      36    50    57    17    0.0440250000
      36    50    58    25    0.0027750000
      36    50    64    26    0.0000000000
      36    51    57     7    0.5925750000
      36    51    58    15    0.0224250000
      36    51    64    16    0.0003000000
      36    57    58    16    0.0215250000
      36    57    64    17    0.0004500000
      36    58    64     7    0.0024000000
      36    37    43     7    0.0111750000
      36    37    44    15    0.0084000000
      36    37    50    16    0.0057000000
      36    37    51    24    0.1482000000
      36    37    57    25    0.0138750000
      36    37    58    15    0.3648750000
      36    37    64    16    0.1657500000
      36    43    44    16    0.0000750000
      36    43    50    17    0.0000000000
      36    43    51    25    0.0033000000
      36    43    57    26    0.0004500000
      36    43    58    16    0.0075750000
      36    43    64    17    0.0037500000
      36    44    50     7    0.1225500000
      36    44    51    15    0.0170250000
      36    44    57    16    0.0013500000
      36    44    58    24    0.0086250000
      36    44    64    25    0.0053250000
      36    50    51    16    0.0096000000
      36    50    57    17    0.0006750000
      36    50    58    25    0.0053250000
      36    50    64    26    0.0030750000
      36    51    57     7    0.0247500000
      36    51    58    15    0.2224500000
      36    51    64    16    0.1299000000
      36    57    58    16    0.0159000000
      36    57    64    17    0.0102000000
      36    58    64     7    0.2152500000
      36    37    43     7    0.0072750000
      36    37    44    15    0.0020250000
      36    37    50    16    0.0222000000
      36    37    51    24    0.0020250000
      36    37    57    25    0.0018000000
      36    37    58    15    0.0203250000
      36    37    64    16    0.0007500000
      36    43    44    16    0.0000750000
      36    43    50    17    0.0006000000
      36    43    51    25    0.0000000000
      36    43    57    26    0.0000000000
      36    43    58    16    0.0003750000
      36    43    64    17    0.0000000000
      36    44    50     7    0.0101250000
      36    44    51    15    0.0001500000
      36    44    57    16    0.0001500000
      36    44    58    24    0.0000000000
      36    44    64    25    0.0000000000
      36    50    51    16    0.0006000000
      36    50    57    17    0.0003000000
      36    50    58    25    0.0008250000
      36    50    64    26    0.0000000000
      36    51    57     7    0.0028500000
      36    51    58    15    0.0000750000
      36    51    64    16    0.0000000000
      36    57    58    16    0.0003000000
      36    57    64    17    0.0000000000
      36    58    64     7    0.0097500000
      36    37    43     7    0.0058500000
      36    37    44    15    0.0027000000
      36    37    50    16    0.0105750000
      36    37    51    24    0.0587250000
      36    37    57    25    0.0051750000
      36    37    58    15    0.0000000000
      36    37    64    16    0.0000750000
      36    43    44    16    0.0001500000
      36    43    50    17    0.0002250000
      36    43    51    25    0.0017250000
      36    43    57    26    0.0002250000
      36    43    58    16    0.0000000000
      36    43    64    17    0.0000000000
      36    44    50     7    0.0017250000
      36    44    51    15    0.0130500000
      36    44    57    16    0.0006750000
      36    44    58    24    0.0000000000
      36    44    64    25    0.0000000000
      36    50    51    16    0.0453000000
      36    50    57    17    0.0024750000
      36    50    58    25    0.0000000000
      36    50    64    26    0.0000000000
      36    51    57     7    0.0395250000
      36    51    58    15    0.0000750000
      36    51    64    16    0.0003750000
      36    57    58    16    0.0000000000
      36    57    64    17    0.0000000000
      36    58    64     7    0.0354750000
      68    69    83    15    0.0057750000
      68    69    84    31    0.0000750000
      68    69    98    32    0.0000750000
      68    69    99    48    0.0000750000
      68    69   113    49    0.0000000000
      68    69   114    31    0.0000000000
      68    69   128    32    0.0000000000
      68    83    84    32    0.0018750000
      68    83    98    33    0.0002250000
      68    83    99    49    0.0018750000
      68    83   113    50    0.0000000000
      68    83   114    32    0.0011250000
      68    83   128    33    0.0008250000
      68    84    98    15    0.0419250000
      68    84    99    31    0.1162500000
      68    84   113    32    0.0000750000
      68    84   114    48    0.0000000000
      68    84   128    49    0.0000750000
      68    98    99    32    0.0363000000
      68    98   113    33    0.0000000000
      68    98   114    49    0.0000000000
      68    98   128    50    0.0000000000
      68    99   113    15    0.0000000000
      68    99   114    31    0.0000000000
      68    99   128    32    0.0000750000
      68   113   114    32    0.0000000000
      68   113   128    33    0.0000000000
      68   114   128    15    0.0000750000
      68    69    83    15    0.1125750000
      68    69    84    31    0.0000000000
      68    69    98    32    0.0000000000
      68    69    99    48    0.0000750000
      68    69   113    49    0.0000000000
      68    69   114    31    0.0051000000
      68    69   128    32    0.0002250000
      68    83    84    32    0.0000000000
      68    83    98    33    0.0000000000
      68    83    99    49    0.0000000000
      68    83   113    50    0.0000000000
      68    83   114    32    0.0062250000
      68    83   128    33    0.0003000000
      68    84    98    15    0.0002250000
      68    84    99    31    0.0000000000
      68    84   113    32    0.0000000000
      68    84   114    48    0.0000000000
      68    84   128    49    0.0000000000
      68    98    99    32    0.0000000000
      68    98   113    33    0.0000000000
      68    98   114    49    0.0000000000
      68    98   128    50    0.0000000000
      68    99   113    15    0.0000750000
      68    99   114    31    0.0005250000
      68    99   128    32    0.0000000000
      68   113   114    32    0.0000750000
      68   113   128    33    0.0000000000
      68   114   128    15    0.0255000000
      68    69    83    15    0.0002250000
      68    69    84    31    0.0277500000
      68    69    98    32    0.0034500000
      68    69    99    48    0.0001500000
      68    69   113    49    0.0080250000
      68    69   114    31    0.0010500000
      68    69   128    32    0.0590250000
      68    83    84    32    0.0000000000
      68    83    98    33    0.0000000000
      68    83    99    49    0.0000000000
      68    83   113    50    0.0000000000
      68    83   114    32    0.0000000000
      68    83   128    33    0.0000000000
      68    84    98    15    0.0009750000
      68    84    99    31    0.0005250000
      68    84   113    32    0.0027750000
      68    84   114    48    0.0002250000
      68    84   128    49    0.0151500000
      68    98    99    32    0.0000000000
      68    98   113    33    0.0003750000
      68    98   114    49    0.0000000000
      68    98   128    50    0.0012000000
      68    99   113    15    0.0025500000
      68    99   114    31    0.0000000000
      68    99   128    32    0.0004500000
      68   113   114    32    0.0001500000
      68   113   128    33    0.0075000000
      68   114   128    15    0.0045000000
      68    69    83    15    0.0061500000
      68    69    84    31    0.0000000000
      68    69    98    32    0.0000000000
      68    69    99    48    0.0000000000
      68    69   113    49    0.0000000000
      68    69   114    31    0.0000000000
      68    69   128    32    0.0000000000
      68    83    84    32    0.0000000000
      68    83    98    33    0.0000000000
      68    83    99    49    0.0000000000
      68    83   113    50    0.0000000000
      68    83   114    32    0.0000000000
      68    83   128    33    0.0000000000
      68    84    98    15    0.0000000000
      68    84    99    31    0.0000000000
      68    84   113    32    0.0000000000
      68    84   114    48    0.0000000000
      68    84   128    49    0.0000000000
      68    98    99    32    0.0012000000
      68    98   113    33    0.0003750000
      68    98   114    49    0.0000000000
      68    98   128    50    0.0000000000
      68    99   113    15    0.0007500000
      68    99   114    31    0.0003000000
      68    99   128    32    0.0000000000
      68   113   114    32    0.0000000000
      68   113   128    33    0.0000000000
      68   114   128    15    0.0000000000
      68    69    83    15    0.0003000000
      68    69    84    31    0.0009750000
      68    69    98    32    0.0000750000
      68    69    99    48    0.0000000000
      68    69   113    49    0.0058500000
      68    69   114    31    0.0000750000
      68    69   128    32    0.0000000000
      68    83    84    32    0.0000000000
      68    83    98    33    0.0000000000
      68    83    99    49    0.0000000000
      68    83   113    50    0.0004500000
      68    83   114    32    0.0000000000
      68    83   128    33    0.0000000000
      68    84    98    15    0.0000750000
      68    84    99    31    0.0002250000
      68    84   113    32    0.0030750000
      68    84   114    48    0.0000000000
      68    84   128    49    0.0000000000
      68    98    99    32    0.0000000000
      68    98   113    33    0.0000750000
      68    98   114    49    0.0000000000
      68    98   128    50    0.0000000000
      68    99   113    15    0.0092250000
      68    99   114    31    0.0002250000
      68    99   128    32    0.0000000000
      68   113   114    32    0.0021750000
      68   113   128    33    0.0001500000
      68   114   128    15    0.0000000000
      68    69    83    15    0.0026250000
      68    69    84    31    0.0012000000
      68    69    98    32    0.0000000000
      68    69    99    48    0.0001500000
      68    69   113    49    0.0000000000
      68    69   114    31    0.0011250000
      68    69   128    32    0.0000000000
      68    83    84    32    0.0000000000
      68    83    98    33    0.0000000000
      68    83    99    49    0.0000000000
      68    83   113    50    0.0000000000
      68    83   114    32    0.0000000000
      68    83   128    33    0.0000000000
      68    84    98    15    0.0003000000
      68    84    99    31    0.0354750000
      68    84   113    32    0.0008250000
      68    84   114    48    0.0365250000
      68    84   128    49    0.0000000000
      68    98    99    32    0.0000750000
      68    98   113    33    0.0000000000
      68    98   114    49    0.0001500000
      68    98   128    50    0.0000000000
      68    99   113    15    0.0000750000
      68    99   114    31    0.0229500000
      68    99   128    32    0.0000750000
      68   113   114    32    0.0003750000
      68   113   128    33    0.0000000000
      68   114   128    15    0.0000000000
      68    69    83    15    0.0116250000
      68    69    84    31    0.0138750000
      68    69    98    32    0.0004500000
      68    69    99    48    0.0003000000
      68    69   113    49    0.0008250000
      68    69   114    31    0.0242250000
      68    69   128    32    0.0237000000
      68    83    84    32    0.0036000000
      68    83    98    33    0.0000750000
      68    83    99    49    0.0001500000
      68    83   113    50    0.0008250000
      68    83   114    32    0.0074250000
      68    83   128    33    0.0085500000
      68    84    98    15    0.0002250000
      68    84    99    31    0.0002250000
      68    84   113    32    0.0008250000
      68    84   114    48    0.0111000000
      68    84   128    49    0.0118500000
      68    98    99    32    0.0000000000
      68    98   113    33    0.0000000000
      68    98   114    49    0.0001500000
      68    98   128    50    0.0001500000
      68    99   113    15    0.0000750000
      68    99   114    31    0.0004500000
      68    99   128    32    0.0005250000
      68   113   114    32    0.0023250000
      68   113   128    33    0.0024000000
      68   114   128    15    0.0590250000
      68    69    83    15    0.0000750000
      68    69    84    31    0.0002250000
      68    69    98    32    0.0001500000
      68    69    99    48    0.0000000000
      68    69   113    49    0.0000000000
      68    69   114    31    0.0018000000
      68    69   128    32    0.0001500000
      68    83    84    32    0.0000750000
      68    83    98    33    0.0000750000
      68    83    99    49    0.0000000000
      68    83   113    50    0.0000000000
      68    83   114    32    0.0017250000
      68    83   128    33    0.0000750000
      68    84    98    15    0.3849750000
      68    84    99    31    0.0000000000
      68    84   113    32    0.0002250000
      68    84   114    48    0.0419250000
      68    84   128    49    0.0015000000
      68    98    99    32    0.0000000000
      68    98   113    33    0.0001500000
      68    98   114    49    0.0291000000
      68    98   128    50    0.0010500000
      68    99   113    15    0.0805500000
      68    99   114    31    0.0000000000
      68    99   128    32    0.0000000000
      68   113   114    32    0.0016500000
      68   113   128    33    0.0001500000
      68   114   128    15    0.0149250000
      68    69    83    15    0.0523500000
      68    69    84    31    0.0267750000
      68    69    98    32    0.0011250000
      68    69    99    48    0.0009750000
      68    69   113    49    0.0000000000
      68    69   114    31    0.0387000000
      68    69   128    32    0.0004500000
      68    83    84    32    0.0327000000
      68    83    98    33    0.0004500000
      68    83    99    49    0.0014250000
      68    83   113    50    0.0000000000
      68    83   114    32    0.0437250000
      68    83   128    33    0.0007500000
      68    84    98    15    0.0030750000
      68    84    99    31    0.0068250000
      68    84   113    32    0.0000750000
      68    84   114    48    0.0858750000
      68    84   128    49    0.0016500000
      68    98    99    32    0.0000750000
      68    98   113    33    0.0000000000
      68    98   114    49    0.0023250000
      68    98   128    50    0.0000000000
      68    99   113    15    0.0000000000
      68    99   114    31    0.0118500000
      68    99   128    32    0.0001500000
      68   113   114    32    0.0004500000
      68   113   128    33    0.0000000000
      68   114   128    15    0.0076500000
      68    69    83    15    0.0006750000
      68    69    84    31    0.0162000000
      68    69    98    32    0.0008250000
      68    69    99    48    0.0091500000
      68    69   113    49    0.0001500000
      68    69   114    31    0.0064500000
      68    69   128    32    0.0063000000
      68    83    84    32    0.0001500000
      68    83    98    33    0.0000000000
      68    83    99    49    0.0001500000
      68    83   113    50    0.0000000000
      68    83   114    32    0.0002250000
      68    83   128    33    0.0000000000
      68    84    98    15    0.0192750000
      68    84    99    31    0.1111500000
      68    84   113    32    0.0018750000
      68    84   114    48    0.0111000000
      68    84   128    49    0.0171000000
      68    98    99    32    0.0039000000
      68    98   113    33    0.0000750000
      68    98   114    49    0.0003000000
      68    98   128    50    0.0003000000
      68    99   113    15    0.0017250000
      68    99   114    31    0.0082500000
      68    99   128    32    0.0118500000
      68   113   114    32    0.0000750000
      68   113   128    33    0.0004500000
      68   114   128    15    0.0144000000
     132   133   163    31    0.0065250000
     132   133   164    63    0.0000000000
     132   133   194    64    0.0005250000
     132   133   195    96    0.0000000000
     132   133   225    97    0.0000000000
     132   133   226    63    0.0003750000
     132   133   256    64    0.0000000000
     132   163   164    64    0.0001500000
     132   163   194    65    0.0013500000
     132   163   195    97    0.0000000000
     132   163   225    98    0.0000000000
     132   163   226    64    0.0027000000
     132   163   256    65    0.0000000000
     132   164   194    31    0.0000750000
     132   164   195    63    0.0000000000
     132   164   225    64    0.0000000000
     132   164   226    96    0.0002250000
     132   164   256    97    0.0000000000
     132   194   195    64    0.0000000000
     132   194   225    65    0.0000750000
     132   194   226    97    0.0135000000
     132   194   256    98    0.0000000000
     132   195   225    31    0.0000000000
     132   195   226    63    0.0000000000
     132   195   256    64    0.0000000000
     132   225   226    64    0.0000000000
     132   225   256    65    0.0000000000
     132   226   256    31    0.0000000000
     132   133   163    31    0.0000750000
     132   133   164    63    0.0000000000
     132   133   194    64    0.0000000000
     132   133   195    96    0.0000000000
     132   133   225    97    0.0000000000
     132   133   226    63    0.0000000000
     132   133   256    64    0.0000000000
     132   163   164    64    0.0000000000
     132   163   194    65    0.0000000000
     132   163   195    97    0.0000000000
     132   163   225    98    0.0000000000
     132   163   226    64    0.0009000000
     132   163   256    65    0.0000000000
     132   164   194    31    0.0000750000
     132   164   195    63    0.0000000000
     132   164   225    64    0.0000000000
     132   164   226    96    0.0000000000
     132   164   256    97    0.0000000000
     132   194   195    64    0.0000000000
     132   194   225    65    0.0000000000
     132   194   226    97    0.0060750000
     132   194   256    98    0.0003750000
     132   195   225    31    0.0000000000
     132   195   226    63    0.0000000000
     132   195   256    64    0.0000000000
     132   225   226    64    0.0000750000
     132   225   256    65    0.0000000000
     132   226   256    31    0.0258000000
     132   133   163    31    0.0000000000
     132   133   164    63    0.0000000000
     132   133   194    64    0.0000000000
     132   133   195    96    0.0000000000
     132   133   225    97    0.0000000000
     132   133   226    63    0.0000000000
     132   133   256    64    0.0000000000
     132   163   164    64    0.0006750000
     132   163   194    65    0.0000000000
     132   163   195    97    0.0000000000
     132   163   225    98    0.0000000000
     132   163   226    64    0.0000000000
     132   163   256    65    0.0000000000
     132   164   194    31    0.0003000000
     132   164   195    63    0.0000000000
     132   164   225    64    0.0000000000
     132   164   226    96    0.0000750000
     132   164   256    97    0.0000000000
     132   194   195    64    0.0000000000
     132   194   225    65    0.0000000000
     132   194   226    97    0.0000000000
     132   194   256    98    0.0000000000
     132   195   225    31    0.0000000000
     132   195   226    63    0.0000750000
     132   195   256    64    0.0000000000
     132   225   226    64    0.0038250000
     132   225   256    65    0.0000000000
     132   226   256    31    0.0010500000
     132   133   163    31    0.0000000000
     132   133   164    63    0.0000000000
     132   133   194    64    0.0000000000
     132   133   195    96    0.0000000000
     132   133   225    97    0.0000000000
     132   133   226    63    0.0000000000
     132   133   256    64    0.0000000000
     132   163   164    64    0.0000000000
     132   163   194    65    0.0000000000
     132   163   195    97    0.0006000000
     132   163   225    98    0.0000000000
     132   163   226    64    0.0000000000
     132   163   256    65    0.0000750000
     132   164   194    31    0.0000000000
     132   164   195    63    0.0002250000
     132   164   225    64    0.0000000000
     132   164   226    96    0.0000000000
     132   164   256    97    0.0000750000
     132   194   195    64    0.0000000000
     132   194   225    65    0.0000000000
     132   194   226    97    0.0000000000
     132   194   256    98    0.0000000000
     132   195   225    31    0.0000000000
     132   195   226    63    0.0007500000
     132   195   256    64    0.0021750000
     132   225   226    64    0.0000000000
     132   225   256    65    0.0000000000
     132   226   256    31    0.0002250000
     132   133   163    31    0.0000000000
     132   133   164    63    0.0000000000
     132   133   194    64    0.0000000000
     132   133   195    96    0.0003000000
     132   133   225    97    0.0000750000
     132   133   226    63    0.0002250000
     132   133   256    64    0.0000000000
     132   163   164    64    0.0000000000
     132   163   194    65    0.0000000000
     132   163   195    97    0.0000750000
     132   163   225    98    0.0000000000
     132   163   226    64    0.0000750000
     132   163   256    65    0.0000000000
     132   164   194    31    0.0000000000
     132   164   195    63    0.0000750000
     132   164   225    64    0.0000000000
     132   164   226    96    0.0000750000
     132   164   256    97    0.0000000000
     132   194   195    64    0.0000000000
     132   194   225    65    0.0000000000
     132   194   226    97    0.0000000000
     132   194   256    98    0.0000000000
     132   195   225    31    0.0018750000
     132   195   226    63    0.0336000000
     132   195   256    64    0.0018750000
     132   225   226    64    0.0015000000
     132   225   256    65    0.0003750000
     132   226   256    31    0.0033000000
     132   133   163    31    0.0000000000
     132   133   164    63    0.0000000000
     132   133   194    64    0.0000750000
     132   133   195    96    0.0000000000
     132   133   225    97    0.0000000000
     132   133   226    63    0.0000000000
     132   133   256    64    0.0000000000
     132   163   164    64    0.0000000000
     132   163   194    65    0.0000750000
     132   163   195    97    0.0000000000
     132   163   225    98    0.0000000000
     132   163   226    64    0.0000000000
     132   163   256    65    0.0000000000
     132   164   194    31    0.0027750000
     132   164   195    63    0.0000000000
     132   164   225    64    0.0000000000
     132   164   226    96    0.0001500000
     132   164   256    97    0.0001500000
     132   194   195    64    0.0016500000
     132   194   225    65    0.0018000000
     132   194   226    97    0.0016500000
     132   194   256    98    0.0108750000
     132   195   225    31    0.0000000000
     132   195   226    63    0.0001500000
     132   195   256    64    0.0005250000
     132   225   226    64    0.0000750000
     132   225   256    65    0.0006000000
     132   226   256    31    0.0131250000
     132   133   163    31    0.0000000000
     132   133   164    63    0.0285750000
     132   133   194    64    0.0000000000
     132   133   195    96    0.0060750000
     132   133   225    97    0.0009750000
     132   133   226    63    0.0057750000
     132   133   256    64    0.1560750000
     132   163   164    64    0.0000000000
     132   163   194    65    0.0000000000
     132   163   195    97    0.0000000000
     132   163   225    98    0.0000000000
     132   163   226    64    0.0000000000
     132   163   256    65    0.0000000000
     132   164   194    31    0.0000000000
     132   164   195    63    0.0530250000
     132   164   225    64    0.0069000000
     132   164   226    96    0.0002250000
     132   164   256    97    0.0081000000
     132   194   195    64    0.0000000000
     132   194   225    65    0.0000000000
     132   194   226    97    0.0000000000
     132   194   256    98    0.0000000000
     132   195   225    31    0.0018750000
     132   195   226    63    0.0000000000
     132   195   256    64    0.0023250000
     132   225   226    64    0.0000000000
     132   225   256    65    0.0004500000
     132   226   256    31    0.0039000000
     132   133   163    31    0.0000000000
     132   133   164    63    0.0000000000
     132   133   194    64    0.0000000000
     132   133   195    96    0.0000000000
     132   133   225    97    0.0000000000
     132   133   226    63    0.0000000000
     132   133   256    64    0.0000000000
     132   163   164    64    0.0002250000
     132   163   194    65    0.0000000000
     132   163   195    97    0.0000000000
     132   163   225    98    0.0000000000
     132   163   226    64    0.0000000000
     132   163   256    65    0.0000000000
     132   164   194    31    0.0000000000
     132   164   195    63    0.0000000000
     132   164   225    64    0.0000750000
     132   164   226    96    0.0003000000
     132   164   256    97    0.0000000000
     132   194   195    64    0.0000000000
     132   194   225    65    0.0000000000
     132   194   226    97    0.0000000000
     132   194   256    98    0.0000000000
     132   195   225    31    0.0000000000
     132   195   226    63    0.0000000000
     132   195   256    64    0.0000000000
     132   225   226    64    0.0329250000
     132   225   256    65    0.0000000000
     132   226   256    31    0.0000000000
     132   133   163    31    0.0000000000
     132   133   164    63    0.0081750000
     132   133   194    64    0.0015750000
     132   133   195    96    0.0005250000
     132   133   225    97    0.0000000000
     132   133   226    63    0.0000000000
     132   133   256    64    0.0000000000
     132   163   164    64    0.0000000000
     132   163   194    65    0.0000000000
     132   163   195    97    0.0000000000
     132   163   225    98    0.0000000000
     132   163   226    64    0.0000000000
     132   163   256    65    0.0000000000
     132   164   194    31    0.1521750000
     132   164   195    63    0.0454500000
     132   164   225    64    0.0000750000
     132   164   226    96    0.0004500000
     132   164   256    97    0.0000750000
     132   194   195    64    0.0122250000
     132   194   225    65    0.0000000000
     132   194   226    97    0.0001500000
     132   194   256    98    0.0002250000
     132   195   225    31    0.0000000000
     132   195   226    63    0.0003000000
     132   195   256    64    0.0000000000
     132   225   226    64    0.0000000000
     132   225   256    65    0.0000000000
     132   226   256    31    0.0003750000
     132   133   163    31    0.0817500000
     132   133   164    63    0.0000000000
     132   133   194    64    0.0000000000
     132   133   195    96    0.0000750000
     132   133   225    97    0.0066750000
     132   133   226    63    0.0000000000
     132   133   256    64    0.0000750000
     132   163   164    64    0.0000000000
     132   163   194    65    0.0000000000
     132   163   195    97    0.0000000000
     132   163   225    98    0.0053250000
     132   163   226    64    0.0000000000
     132   163   256    65    0.0002250000
     132   164   194    31    0.0000000000
     132   164   195    63    0.0000000000
     132   164   225    64    0.0000000000
     132   164   226    96    0.0000000000
     132   164   256    97    0.0000000000
     132   194   195    64    0.0000000000
     132   194   225    65    0.0000000000
     132   194   226    97    0.0000000000
     132   194   256    98    0.0000000000
     132   195   225    31    0.0042000000
     132   195   226    63    0.0000000000
     132   195   256    64    0.0000000000
     132   225   226    64    0.0000000000
     132   225   256    65    0.0005250000
     132   226   256    31    0.0000000000
     196   197   243    47    0.0000750000
     196   197   244    95    0.0000750000
     196   197   290    96    0.0000750000
     196   197   291   144    0.0000000000
     196   197   337   145    0.0000000000
     196   197   338    95    0.0000000000
     196   197   384    96    0.0000000000
     196   243   244    96    0.0000750000
     196   243   290    97    0.0000750000
     196   243   291   145    0.0000000000
     196   243   337   146    0.0000000000
     196   243   338    96    0.0000000000
     196   243   384    97    0.0000000000
     196   244   290    47    0.0000000000
     196   244   291    95    0.0000000000
     196   244   337    96    0.0000000000
     196   244   338   144    0.0000000000
     196   244   384   145    0.0000000000
     196   290   291    96    0.0000000000
     196   290   337    97    0.0000000000
     196   290   338   145    0.0000000000
     196   290   384   146    0.0000000000
     196   291   337    47    0.0000000000
     196   291   338    95    0.0000000000
     196   291   384    96    0.0000000000
     196   337   338    96    0.0000000000
     196   337   384    97    0.0000000000
     196   338   384    47    0.0000750000
     196   197   243    47    0.0001500000
     196   197   244    95    0.0000000000
     196   197   290    96    0.0000000000
     196   197   291   144    0.0000000000
     196   197   337   145    0.0000000000
     196   197   338    95    0.0000000000
     196   197   384    96    0.0000000000
     196   243   244    96    0.0000000000
     196   243   290    97    0.0000000000
     196   243   291   145    0.0000000000
     196   243   337   146    0.0000000000
     196   243   338    96    0.0000000000
     196   243   384    97    0.0000000000
     196   244   290    47    0.0000000000
     196   244   291    95    0.0000000000
     196   244   337    96    0.0000000000
     196   244   338   144    0.0000000000
     196   244   384   145    0.0000000000
     196   290   291    96    0.0000000000
     196   290   337    97    0.0000000000
     196   290   338   145    0.0000000000
     196   290   384   146    0.0000000000
     196   291   337    47    0.0002250000
     196   291   338    95    0.0000000000
     196   291   384    96    0.0000000000
     196   337   338    96    0.0000000000
     196   337   384    97    0.0000000000
     196   338   384    47    0.6449250000
     196   197   243    47    0.0000000000
     196   197   244    95    0.0003750000
     196   197   290    96    0.0002250000
     196   197   291   144    0.0034500000
     196   197   337   145    0.0061500000
     196   197   338    95    0.0000000000
     196   197   384    96    0.0213000000
     196   243   244    96    0.0000000000
     196   243   290    97    0.0000000000
     196   243   291   145    0.0000000000
     196   243   337   146    0.0000000000
     196   243   338    96    0.0000000000
     196   243   384    97    0.0000000000
     196   244   290    47    0.0000000000
     196   244   291    95    0.0001500000
     196   244   337    96    0.0001500000
     196   244   338   144    0.0000000000
     196   244   384   145    0.0009750000
     196   290   291    96    0.0000750000
     196   290   337    97    0.0000750000
     196   290   338   145    0.0000000000
     196   290   384   146    0.0002250000
     196   291   337    47    0.0212250000
     196   291   338    95    0.0000000000
     196   291   384    96    0.0219000000
     196   337   338    96    0.0000000000
     196   337   384    97    0.0500250000
     196   338   384    47    0.0001500000
     196   197   243    47    0.0003750000
     196   197   244    95    0.0000000000
     196   197   290    96    0.0000000000
     196   197   291   144    0.0000000000
     196   197   337   145    0.0000000000
     196   197   338    95    0.0000000000
     196   197   384    96    0.0000000000
     196   243   244    96    0.0000000000
     196   243   290    97    0.0000000000
     196   243   291   145    0.0000000000
     196   243   337   146    0.0000000000
     196   243   338    96    0.0000000000
     196   243   384    97    0.0000000000
     196   244   290    47    0.0000000000
     196   244   291    95    0.0000000000
     196   244   337    96    0.0000000000
     196   244   338   144    0.0000000000
     196   244   384   145    0.0000000000
     196   290   291    96    0.0000000000
     196   290   337    97    0.0000000000
     196   290   338   145    0.0000000000
     196   290   384   146    0.0000000000
     196   291   337    47    0.0000000000
     196   291   338    95    0.0017250000
     196   291   384    96    0.0383250000
     196   337   338    96    0.0000000000
     196   337   384    97    0.0000000000
     196   338   384    47    0.0134250000
     196   197   243    47    0.0000000000
     196   197   244    95    0.0000000000
     196   197   290    96    0.0000000000
     196   197   291   144    0.0000000000
     196   197   337   145    0.0000000000
     196   197   338    95    0.0000000000
     196   197   384    96    0.0000000000
     196   243   244    96    0.0000000000
     196   243   290    97    0.0000000000
     196   243   291   145    0.0000000000
     196   243   337   146    0.0000000000
     196   243   338    96    0.0000000000
     196   243   384    97    0.0000000000
     196   244   290    47    0.0000000000
     196   244   291    95    0.0000000000
     196   244   337    96    0.0000000000
     196   244   338   144    0.0000000000
     196   244   384   145    0.0000000000
     196   290   291    96    0.0000000000
     196   290   337    97    0.0000000000
     196   290   338   145    0.0000000000
     196   290   384   146    0.0000750000
     196   291   337    47    0.0000000000
     196   291   338    95    0.0000000000
     196   291   384    96    0.0000000000
     196   337   338    96    0.0000000000
     196   337   384    97    0.0003000000
     196   338   384    47    0.0062250000
     196   197   243    47    0.0000000000
     196   197   244    95    0.0000000000
     196   197   290    96    0.0000000000
     196   197   291   144    0.0000000000
     196   197   337   145    0.0000000000
     196   197   338    95    0.0000000000
     196   197   384    96    0.0000000000
     196   243   244    96    0.0000750000
     196   243   290    97    0.0028500000
     196   243   291   145    0.0000000000
     196   243   337   146    0.0201750000
     196   243   338    96    0.0044250000
     196   243   384    97    0.0048750000
     196   244   290    47    0.0000000000
     196   244   291    95    0.0000000000
     196   244   337    96    0.0001500000
     196   244   338   144    0.0000000000
     196   244   384   145    0.0000000000
     196   290   291    96    0.0000000000
     196   290   337    97    0.0058500000
     196   290   338   145    0.0003750000
     196   290   384   146    0.0004500000
     196   291   337    47    0.0000000000
     196   291   338    95    0.0000000000
     196   291   384    96    0.0000000000
     196   337   338    96    0.0033000000
     196   337   384    97    0.0047250000
     196   338   384    47    0.0021000000
     196   197   243    47    0.0123750000
     196   197   244    95    0.0222000000
     196   197   290    96    0.0001500000
     196   197   291   144    0.0000000000
     196   197   337   145    0.0000000000
     196   197   338    95    0.0000000000
     196   197   384    96    0.0000000000
     196   243   244    96    0.0810750000
     196   243   290    97    0.0001500000
     196   243   291   145    0.0000000000
     196   243   337   146    0.0000000000
     196   243   338    96    0.0000000000
     196   243   384    97    0.0000000000
     196   244   290    47    0.0006750000
     196   244   291    95    0.0000000000
     196   244   337    96    0.0000000000
     196   244   338   144    0.0000000000
     196   244   384   145    0.0000000000
     196   290   291    96    0.0000000000
     196   290   337    97    0.0000000000
     196   290   338   145    0.0000000000
     196   290   384   146    0.0000000000
     196   291   337    47    0.0000000000
     196   291   338    95    0.0000000000
     196   291   384    96    0.0000000000
     196   337   338    96    0.0000000000
     196   337   384    97    0.0000000000
     196   338   384    47    0.0000000000
     196   197   243    47    0.0001500000
     196   197   244    95    0.0000000000
     196   197   290    96    0.0000000000
     196   197   291   144    0.0000000000
     196   197   337   145    0.0000000000
     196   197   338    95    0.0000000000
     196   197   384    96    0.0000000000
     196   243   244    96    0.0000000000
     196   243   290    97    0.0003000000
     196   243   291   145    0.0000750000
     196   243   337   146    0.0137250000
     196   243   338    96    0.0018000000
     196   243   384    97    0.0008250000
     196   244   290    47    0.0000000000
     196   244   291    95    0.0000000000
     196   244   337    96    0.0000000000
     196   244   338   144    0.0000000000
     196   244   384   145    0.0000000000
     196   290   291    96    0.0000000000
     196   290   337    97    0.0001500000
     196   290   338   145    0.0000000000
     196   290   384   146    0.0000000000
     196   291   337    47    0.0018750000
     196   291   338    95    0.0000750000
     196   291   384    96    0.0000000000
     196   337   338    96    0.0025500000
     196   337   384    97    0.0018750000
     196   338   384    47    0.0001500000
     196   197   243    47    0.0000000000
     196   197   244    95    0.0000000000
     196   197   290    96    0.0000000000
     196   197   291   144    0.0001500000
     196   197   337   145    0.0000000000
     196   197   338    95    0.0000000000
     196   197   384    96    0.0000000000
     196   243   244    96    0.0000000000
     196   243   290    97    0.0000000000
     196   243   291   145    0.0000750000
     196   243   337   146    0.0000000000
     196   243   338    96    0.0000000000
     196   243   384    97    0.0000000000
     196   244   290    47    0.0000000000
     196   244   291    95    0.0000000000
     196   244   337    96    0.0000000000
     196   244   338   144    0.0000000000
     196   244   384   145    0.0000000000
     196   290   291    96    0.0003000000
     196   290   337    97    0.0000750000
     196   290   338   145    0.0000000000
     196   290   384   146    0.0000000000
     196   291   337    47    0.0113250000
     196   291   338    95    0.0000000000
     196   291   384    96    0.0004500000
     196   337   338    96    0.0000000000
     196   337   384    97    0.0000000000
     196   338   384    47    0.0000000000
     196   197   243    47    0.0000000000
     196   197   244    95    0.0000000000
     196   197   290    96    0.0000000000
     196   197   291   144    0.0000000000
     196   197   337   145    0.0000000000
     196   197   338    95    0.0000000000
     196   197   384    96    0.0000000000
     196   243   244    96    0.0000000000
     196   243   290    97    0.0000000000
     196   243   291   145    0.0000000000
     196   243   337   146    0.0000000000
     196   243   338    96    0.0000000000
     196   243   384    97    0.0000000000
     196   244   290    47    0.0001500000
     196   244   291    95    0.0000000000
     196   244   337    96    0.0000000000
     196   244   338   144    0.0000000000
     196   244   384   145    0.0000000000
     196   290   291    96    0.0000000000
     196   290   337    97    0.0000000000
     196   290   338   145    0.0000000000
     196   290   384   146    0.0000000000
     196   291   337    47    0.0000000000
     196   291   338    95    0.0000000000
     196   291   384    96    0.0000000000
     196   337   338    96    0.0000000000
     196   337   384    97    0.0000000000
     196   338   384    47    0.0000000000
     260   261   323    63    0.0000000000
     260   261   324   127    0.0000000000
     260   261   386   128    0.0000000000
     260   261   387   192    0.0000000000
     260   261   449   193    0.0000000000
     260   261   450   127    0.0000000000
     260   261   512   128    0.0000000000
     260   323   324   128    0.0000000000
     260   323   386   129    0.0000000000
     260   323   387   193    0.0000000000
     260   323   449   194    0.0000000000
     260   323   450   128    0.0000000000
     260   323   512   129    0.0000000000
     260   324   386    63    0.0000000000
     260   324   387   127    0.0000000000
     260   324   449   128    0.0000000000
     260   324   450   192    0.0000000000
     260   324   512   193    0.0000000000
     260   386   387   128    0.0000000000
     260   386   449   129    0.0000000000
     260   386   450   193    0.0000000000
     260   386   512   194    0.0000000000
     260   387   449    63    0.0000000000
     260   387   450   127    0.0000000000
     260   387   512   128    0.0000000000
     260   449   450   128    0.0000000000
     260   449   512   129    0.0000000000
     260   450   512    63    0.0000000000
     260   261   323    63    0.0012000000
     260   261   324   127    0.0219000000
     260   261   386   128    0.0815250000
     260   261   387   192    0.0000000000
     260   261   449   193    0.0000000000
     260   261   450   127    0.0000000000
     260   261   512   128    0.0000000000
     260   323   324   128    0.0000000000
     260   323   386   129    0.0000750000
     260   323   387   193    0.0000000000
     260   323   449   194    0.0000000000
     260   323   450   128    0.0000000000
     260   323   512   129    0.0000000000
     260   324   386    63    0.1058250000
     260   324   387   127    0.0000000000
     260   324   449   128    0.0000000000
     260   324   450   192    0.0000000000
     260   324   512   193    0.0000000000
     260   386   387   128    0.0000000000
     260   386   449   129    0.0000000000
     260   386   450   193    0.0000000000
     260   386   512   194    0.0000000000
     260   387   449    63    0.0000000000
     260   387   450   127    0.0000000000
     260   387   512   128    0.0000000000
     260   449   450   128    0.0000000000
     260   449   512   129    0.0000000000
     260   450   512    63    0.0000000000
     260   261   323    63    0.0000000000
     260   261   324   127    0.0000000000
     260   261   386   128    0.0000000000
     260   261   387   192    0.0000000000
     260   261   449   193    0.0000000000
     260   261   450   127    0.0000000000
     260   261   512   128    0.0000000000
     260   323   324   128    0.0000000000
     260   323   386   129    0.0000000000
     260   323   387   193    0.0000000000
     260   323   449   194    0.0000000000
     260   323   450   128    0.0000000000
     260   323   512   129    0.0000000000
     260   324   386    63    0.0000000000
     260   324   387   127    0.0000000000
     260   324   449   128    0.0000000000
     260   324   450   192    0.0000000000
     260   324   512   193    0.0000000000
     260   386   387   128    0.0003750000
     260   386   449   129    0.0000000000
     260   386   450   193    0.0000000000
     260   386   512   194    0.0000000000
     260   387   449    63    0.0043500000
     260   387   450   127    0.0019500000
     260   387   512   128    0.0000000000
     260   449   450   128    0.0000000000
     260   449   512   129    0.0000000000
     260   450   512    63    0.0000000000
     260   261   323    63    0.0000000000
     260   261   324   127    0.0000000000
     260   261   386   128    0.0000000000
     260   261   387   192    0.0000000000
     260   261   449   193    0.0000000000
     260   261   450   127    0.0000000000
     260   261   512   128    0.0000000000
     260   323   324   128    0.0000750000
     260   323   386   129    0.0000000000
     260   323   387   193    0.0000000000
     260   323   449   194    0.0000000000
     260   323   450   128    0.0000000000
     260   323   512   129    0.0000000000
     260   324   386    63    0.0001500000
     260   324   387   127    0.0000750000
     260   324   449   128    0.0000000000
     260   324   450   192    0.0000000000
     260   324   512   193    0.0000000000
     260   386   387   128    0.0000000000
     260   386   449   129    0.0000000000
     260   386   450   193    0.0000000000
     260   386   512   194    0.0000000000
     260   387   449    63    0.0000000000
     260   387   450   127    0.0000000000
     260   387   512   128    0.0000000000
     260   449   450   128    0.0000000000
     260   449   512   129    0.0000000000
     260   450   512    63    0.0000000000
     260   261   323    63    0.0000000000
     260   261   324   127    0.0000000000
     260   261   386   128    0.0000000000
     260   261   387   192    0.0000000000
     260   261   449   193    0.0000000000
     260   261   450   127    0.0000000000
     260   261   512   128    0.0000000000
     260   323   324   128    0.0000000000
     260   323   386   129    0.0000000000
     260   323   387   193    0.0000000000
     260   323   449   194    0.0000000000
     260   323   450   128    0.0000000000
     260   323   512   129    0.0000000000
     260   324   386    63    0.0000000000
     260   324   387   127    0.0000000000
     260   324   449   128    0.0000000000
     260   324   450   192    0.0000000000
     260   324   512   193    0.0000000000
     260   386   387   128    0.0000000000
     260   386   449   129    0.0000000000
     260   386   450   193    0.0000000000
     260   386   512   194    0.0000000000
     260   387   449    63    0.0008250000
     260   387   450   127    0.0000000000
     260   387   512   128    0.0000000000
     260   449   450   128    0.0000000000
     260   449   512   129    0.0000000000
     260   450   512    63    0.0000000000
     260   261   323    63    0.0000000000
     260   261   324   127    0.0000750000
     260   261   386   128    0.0003750000
     260   261   387   192    0.0009000000
     260   261   449   193    0.0000000000
     260   261   450   127    0.0001500000
     260   261   512   128    0.0000000000
     260   323   324   128    0.0000000000
     260   323   386   129    0.0000000000
     260   323   387   193    0.0000000000
     260   323   449   194    0.0000000000
     260   323   450   128    0.0000000000
     260   323   512   129    0.0000000000
     260   324   386    63    0.0052500000
     260   324   387   127    0.0257250000
     260   324   449   128    0.0000000000
     260   324   450   192    0.0012000000
     260   324   512   193    0.0000000000
     260   386   387   128    0.0213750000
     260   386   449   129    0.0000000000
     260   386   450   193    0.0012000000
     260   386   512   194    0.0000000000
     260   387   449    63    0.0000000000
     260   387   450   127    0.0108750000
     260   387   512   128    0.0000000000
     260   449   450   128    0.0000000000
     260   449   512   129    0.0000000000
     260   450   512    63    0.0001500000
     260   261   323    63    0.0021000000
     260   261   324   127    0.0000000000
     260   261   386   128    0.0000000000
     260   261   387   192    0.0000000000
     260   261   449   193    0.0000000000
     260   261   450   127    0.0127500000
     260   261   512   128    0.0021000000
     260   323   324   128    0.0000000000
     260   323   386   129    0.0000000000
     260   323   387   193    0.0003000000
     260   323   449   194    0.0000000000
     260   323   450   128    0.0055500000
     260   323   512   129    0.0011250000
     260   324   386    63    0.0000000000
     260   324   387   127    0.0000000000
     260   324   449   128    0.0000000000
     260   324   450   192    0.0000000000
     260   324   512   193    0.0000000000
     260   386   387   128    0.0000000000
     260   386   449   129    0.0000000000
     260   386   450   193    0.0000000000
     260   386   512   194    0.0000000000
     260   387   449    63    0.0009750000
     260   387   450   127    0.0002250000
     260   387   512   128    0.0002250000
     260   449   450   128    0.0000000000
     260   449   512   129    0.0000000000
     260   450   512    63    0.0046500000
     260   261   323    63    0.0000000000
     260   261   324   127    0.0000000000
     260   261   386   128    0.0000000000
     260   261   387   192    0.0000000000
     260   261   449   193    0.0000000000
     260   261   450   127    0.1259250000
     260   261   512   128    0.0708000000
     260   323   324   128    0.0000000000
     260   323   386   129    0.0000000000
     260   323   387   193    0.0000000000
     260   323   449   194    0.0000000000
     260   323   450   128    0.0000000000
     260   323   512   129    0.0000000000
     260   324   386    63    0.0000000000
     260   324   387   127    0.0000000000
     260   324   449   128    0.0000000000
     260   324   450   192    0.0000000000
     260   324   512   193    0.0000000000
     260   386   387   128    0.0000000000
     260   386   449   129    0.0000000000
     260   386   450   193    0.0000000000
     260   386   512   194    0.0000000000
     260   387   449    63    0.0000000000
     260   387   450   127    0.0000000000
     260   387   512   128    0.0000000000
     260   449   450   128    0.0000000000
     260   449   512   129    0.0000000000
     260   450   512    63    0.4890750000
     260   261   323    63    0.0000000000
     260   261   324   127    0.0000000000
     260   261   386   128    0.0000000000
     260   261   387   192    0.0000000000
     260   261   449   193    0.0000000000
     260   261   450   127    0.0000000000
     260   261   512   128    0.0000000000
     260   323   324   128    0.0000000000
     260   323   386   129    0.0000000000
     260   323   387   193    0.0000000000
     260   323   449   194    0.0000000000
     260   323   450   128    0.0000000000
     260   323   512   129    0.0000000000
     260   324   386    63    0.0003000000
     260   324   387   127    0.0000000000
     260   324   449   128    0.0000000000
     260   324   450   192    0.0000000000
     260   324   512   193    0.0000000000
     260   386   387   128    0.0000000000
     260   386   449   129    0.0055500000
     260   386   450   193    0.0000000000
     260   386   512   194    0.0000000000
     260   387   449    63    0.0007500000
     260   387   450   127    0.0000000000
     260   387   512   128    0.0000000000
     260   449   450   128    0.0000000000
     260   449   512   129    0.0000000000
     260   450   512    63    0.0000000000
     260   261   323    63    0.0000000000
     260   261   324   127    0.0000000000
     260   261   386   128    0.0000000000
     260   261   387   192    0.0000000000
     260   261   449   193    0.0000000000
     260   261   450   127    0.0000000000
     260   261   512   128    0.0000000000
     260   323   324   128    0.0000000000
     260   323   386   129    0.0000000000
     260   323   387   193    0.0000000000
     260   323   449   194    0.0000000000
     260   323   450   128    0.0000000000
     260   323   512   129    0.0000000000
     260   324   386    63    0.0000000000
     260   324   387   127    0.0000000000
     260   324   449   128    0.0000000000
     260   324   450   192    0.0000000000
     260   324   512   193    0.0000000000
     260   386   387   128    0.0000000000
     260   386   449   129    0.0000000000
     260   386   450   193    0.0000000000
     260   386   512   194    0.0000000000
     260   387   449    63    0.0000000000
     260   387   450   127    0.0000000000
     260   387   512   128    0.0000000000
     260   449   450   128    0.0000000000
     260   449   512   129    0.0000000000
     260   450   512    63    0.0000000000
     260   261   323    63    0.0199500000
     260   261   324   127    0.0004500000
     260   261   386   128    0.0000000000
     260   261   387   192    0.0000000000
     260   261   449   193    0.0000000000
     260   261   450   127    0.0000000000
     260   261   512   128    0.0006000000
     260   323   324   128    0.0054000000
     260   323   386   129    0.0000000000
     260   323   387   193    0.0000000000
     260   323   449   194    0.0000000000
     260   323   450   128    0.0000000000
     260   323   512   129    0.0048750000
     260   324   386    63    0.0000000000
     260   324   387   127    0.0000000000
     260   324   449   128    0.0000000000
     260   324   450   192    0.0000000000
     260   324   512   193    0.0002250000
     260   386   387   128    0.0000000000
     260   386   449   129    0.0000000000
     260   386   450   193    0.0000000000
     260   386   512   194    0.0000000000
     260   387   449    63    0.0000000000
     260   387   450   127    0.0000000000
     260   387   512   128    0.0000000000
     260   449   450   128    0.0000000000
     260   449   512   129    0.0000000000
     260   450   512    63    0.0000000000
     260   261   323    63    0.0000000000
     260   261   324   127    0.0000000000
     260   261   386   128    0.0000000000
     260   261   387   192    0.0000000000
     260   261   449   193    0.0000000000
     260   261   450   127    0.0000000000
     260   261   512   128    0.0000000000
     260   323   324   128    0.0000000000
     260   323   386   129    0.0000000000
     260   323   387   193    0.0000000000
     260   323   449   194    0.0000000000
     260   323   450   128    0.0011250000
     260   323   512   129    0.0000000000
     260   324   386    63    0.0000750000
     260   324   387   127    0.0000000000
     260   324   449   128    0.0000000000
     260   324   450   192    0.0000000000
     260   324   512   193    0.0000000000
     260   386   387   128    0.0000000000
     260   386   449   129    0.0000000000
     260   386   450   193    0.0000000000
     260   386   512   194    0.0000000000
     260   387   449    63    0.0003000000
     260   387   450   127    0.0000000000
     260   387   512   128    0.0000000000
     260   449   450   128    0.0000000000
     260   449   512   129    0.0000000000
     260   450   512    63    0.0000000000
     260   261   323    63    0.3747000000
     260   261   324   127    0.0000000000
     260   261   386   128    0.0000000000
     260   261   387   192    0.2780250000
     260   261   449   193    0.0039750000
     260   261   450   127    0.1393500000
     260   261   512   128    0.0002250000
     260   323   324   128    0.0000000000
     260   323   386   129    0.0000000000
     260   323   387   193    0.1748250000
     260   323   449   194    0.0020250000
     260   323   450   128    0.0867000000
     260   323   512   129    0.0001500000
     260   324   386    63    0.0053250000
     260   324   387   127    0.0000000000
     260   324   449   128    0.0000000000
     260   324   450   192    0.0000000000
     260   324   512   193    0.0000000000
     260   386   387   128    0.0000750000
     260   386   449   129    0.0000000000
     260   386   450   193    0.0000750000
     260   386   512   194    0.0000000000
     260   387   449    63    0.0117000000
     260   387   450   127    0.3519000000
     260   387   512   128    0.0006750000
     260   449   450   128    0.0053250000
     260   449   512   129    0.0000000000
     260   450   512    63    0.0003750000
     260   261   323    63    0.0000000000
     260   261   324   127    0.0020250000
     260   261   386   128    0.0000750000
     260   261   387   192    0.0002250000
     260   261   449   193    0.0000000000
     260   261   450   127    0.0336750000
     260   261   512   128    0.0174000000
     260   323   324   128    0.0000000000
     260   323   386   129    0.0000000000
     260   323   387   193    0.0000000000
     260   323   449   194    0.0000000000
     260   323   450   128    0.0000000000
     260   323   512   129    0.0000000000
     260   324   386    63    0.0160500000
     260   324   387   127    0.0493500000
     260   324   449   128    0.0000000000
     260   324   450   192    0.0003000000
     260   324   512   193    0.0001500000
     260   386   387   128    0.0011250000
     260   386   449   129    0.0000000000
     260   386   450   193    0.0000000000
     260   386   512   194    0.0000000000
     260   387   449    63    0.0000000000
     260   387   450   127    0.0000000000
     260   387   512   128    0.0000000000
     260   449   450   128    0.0000000000
     260   449   512   129    0.0000000000
     260   450   512    63    0.3990000000
