      36    37    43     7    0.0695250000
      36    37    44    15    0.0828750000
      36    37    50    16    0.0318750000
      36    37    51    24    0.0000000000
      36    37    57    25    0.0000000000
      36    37    58    15    0.0042750000
      36    37    64    16    0.0002250000
      36    43    44    16    0.0075000000
      36    43    50    17    0.0029250000
      36    43    51    25    0.0000000000
      36    43    57    26    0.0000000000
      36    43    58    16    0.0042750000
      36    43    64    17    0.0000750000
      36    44    50     7    0.1786500000
      36    44    51    15    0.0000000000
      36    44    57    16    0.0000000000
      36    44    58    24    0.0004500000
      36    44    64    25    0.0000000000
      36    50    51    16    0.0000000000
      36    50    57    17    0.0000000000
      36    50    58    25    0.0001500000
      36    50    64    26    0.0000000000
      36    51    57     7    0.0072750000
      36    51    58    15    0.0001500000
      36    51    64    16    0.0000000000
      36    57    58    16    0.0000750000
      36    57    64    17    0.0000000000
      36    58    64     7    0.0040500000
      36    37    43     7    0.1291500000
      36    37    44    15    0.0005250000
      36    37    50    16    0.0002250000
      36    37    51    24    0.0020250000
      36    37    57    25    0.0000750000
      36    37    58    15    0.0018750000
      36    37    64    16    0.0013500000
      36    43    44    16    0.0000750000
      36    43    50    17    0.0000750000
      36    43    51    25    0.0010500000
      36    43    57    26    0.0001500000
      36    43    58    16    0.0015750000
      36    43    64    17    0.0010500000
      36    44    50     7    0.1648500000
      36    44    51    15    0.0002250000
      36    44    57    16    0.0000000000
      36    44    58    24    0.0000750000
      36    44    64    25    0.0000750000
      36    50    51    16    0.0001500000
      36    50    57    17    0.0000000000
      36    50    58    25    0.0000000000
      36    50    64    26    0.0000750000
      36    51    57     7    0.0129750000
      36    51    58    15    0.0006750000
      36    51    64    16    0.0005250000
      36    57    58    16    0.0000750000
      36    57    64    17    0.0000000000
      36    58    64     7    0.0071250000
      36    37    43     7    0.0465000000
      36    37    44    15    0.0357750000
      36    37    50    16    0.0507000000
      36    37    51    24    0.0561000000
      36    37    57    25    0.0012750000
      36    37    58    15    0.5150250000
      36    37    64    16    0.0130500000
      36    43    44    16    0.0063000000
      36    43    50    17    0.0097500000
      36    43    51    25    0.0108000000
      36    43    57    26    0.0006750000
      36    43    58    16    0.0733500000
      36    43    64    17    0.0066750000
      36    44    50     7    0.0168750000
      36    44    51    15    0.0137250000
      36    44    57    16    0.0001500000
      36    44    58    24    0.0177000000
      36    44    64    25    0.0014250000
      36    50    51    16    0.0306000000
      36    50    57    17    0.0003000000
      36    50    58    25    0.0266250000
      36    50    64    26    0.0018750000
      36    51    57     7    0.0142500000
      36    51    58    15    0.0282000000
      36    51    64    16    0.0024000000
      36    57    58    16    0.0006000000
      36    57    64    17    0.0000750000
      36    58    64     7    0.0190500000
      36    37    43     7    0.0055500000
      36    37    44    15    0.0000000000
      36    37    50    16    0.0000000000
      36    37    51    24    0.0001500000
      36    37    57    25    0.0000750000
      36    37    58    15    0.4194000000
      36    37    64    16    0.0404250000
      36    43    44    16    0.0000000000
      36    43    50    17    0.0000000000
      36    43    51    25    0.0000000000
      36    43    57    26    0.0000000000
      36    43    58    16    0.0025500000
      36    43    64    17    0.0009750000
      36    44    50     7    0.0249000000
      36    44    51    15    0.0015750000
      36    44    57    16    0.0006750000
      36    44    58    24    0.0000000000
      36    44    64    25    0.0000000000
      36    50    51    16    0.0003000000
      36    50    57    17    0.0000750000
      36    50    58    25    0.0000000000
      36    50    64    26    0.0000000000
      36    51    57     7    0.0174750000
      36    51    58    15    0.0001500000
      36    51    64    16    0.0002250000
      36    57    58    16    0.0000750000
      36    57    64    17    0.0002250000
      36    58    64     7    0.0261000000
      36    37    43     7    0.0005250000
      36    37    44    15    0.0060000000
      36    37    50    16    0.0003750000
      36    37    51    24    0.0000000000
      36    37    57    25    0.0000000000
      36    37    58    15    0.0023250000
      36    37    64    16    0.0008250000
      36    43    44    16    0.0126750000
      36    43    50    17    0.0006750000
      36    43    51    25    0.0001500000
      36    43    57    26    0.0000000000
      36    43    58    16    0.0027000000
      36    43    64    17    0.0004500000
      36    44    50     7    0.0340500000
      36    44    51    15    0.0075750000
      36    44    57    16    0.0000000000
      36    44    58    24    0.0348750000
      36    44    64    25    0.0075000000
      36    50    51    16    0.0009000000
      36    50    57    17    0.0000000000
      36    50    58    25    0.0030750000
      36    50    64    26    0.0004500000
      36    51    57     7    0.0007500000
      36    51    58    15    0.0030000000
      36    51    64    16    0.0008250000
      36    57    58    16    0.0000000000
      36    57    64    17    0.0000000000
      36    58    64     7    0.0192000000
      36    37    43     7    0.0050250000
      36    37    44    15    0.1776750000
      36    37    50    16    0.0202500000
      36    37    51    24    0.0287250000
      36    37    57    25    0.0001500000
      36    37    58    15    0.0091500000
      36    37    64    16    0.0063750000
      36    43    44    16    0.0060000000
      36    43    50    17    0.0008250000
      36    43    51    25    0.0008250000
      36    43    57    26    0.0000000000
      36    43    58    16    0.0003750000
      36    43    64    17    0.0003750000
      36    44    50     7    0.0501000000
      36    44    51    15    0.0639000000
      36    44    57    16    0.0004500000
      36    44    58    24    0.0146250000
      36    44    64    25    0.0088500000
      36    50    51    16    0.0073500000
      36    50    57    17    0.0000000000
      36    50    58    25    0.0015750000
      36    50    64    26    0.0012000000
      36    51    57     7    0.0019500000
      36    51    58    15    0.0441750000
      36    51    64    16    0.0348750000
      36    57    58    16    0.0003000000
      36    57    64    17    0.0003750000
      36    58    64     7    0.0302250000
      36    37    43     7    0.0042000000
      36    37    44    15    0.0017250000
      36    37    50    16    0.0095250000
      36    37    51    24    0.0004500000
      36    37    57    25    0.0006000000
      36    37    58    15    0.0000000000
      36    37    64    16    0.0230250000
      36    43    44    16    0.0015750000
      36    43    50    17    0.0026250000
      36    43    51    25    0.0000000000
      36    43    57    26    0.0000000000
      36    43    58    16    0.0000000000
      36    43    64    17    0.0000750000
      36    44    50     7    0.0228750000
      36    44    51    15    0.0000750000
      36    44    57    16    0.0000000000
      36    44    58    24    0.0000000000
      36    44    64    25    0.0000750000
      36    50    51    16    0.0000750000
      36    50    57    17    0.0002250000
      36    50    58    25    0.0000000000
      36    50    64    26    0.0014250000
      36    51    57     7    0.0011250000
      36    51    58    15    0.0000000000
      36    51    64    16    0.0044250000
      36    57    58    16    0.0000000000
      36    57    64    17    0.0048750000
      36    58    64     7    0.0003750000
      36    37    43     7    0.0083250000
      36    37    44    15    0.0051750000
      36    37    50    16    0.0116250000
      36    37    51    24    0.0000000000
      36    37    57    25    0.0000000000
      36    37    58    15    0.0054750000
      36    37    64    16    0.0000750000
      36    43    44    16    0.0001500000
      36    43    50    17    0.0007500000
      36    43    51    25    0.0000000000
      36    43    57    26    0.0000000000
      36    43    58    16    0.0003750000
      36    43    64    17    0.0000000000
      36    44    50     7    0.0275250000
      36    44    51    15    0.0000750000
      36    44    57    16    0.0000750000
      36    44    58    24    0.0006750000
      36    44    64    25    0.0000000000
      36    50    51    16    0.0000750000
      36    50    57    17    0.0000750000
      36    50    58    25    0.0024000000
      36    50    64    26    0.0000000000
      36    51    57     7    0.3052500000
      36    51    58    15    0.0003000000
      36    51    64    16    0.0000000000
      36    57    58    16    0.0003750000
      36    57    64    17    0.0000000000
      36    58    64     7    0.0003000000
      36    37    43     7    0.0010500000
      36    37    44    15    0.0000750000
      36    37    50    16    0.0000000000
      36    37    51    24    0.0001500000
      36    37    57    25    0.0000000000
      36    37    58    15    0.0066750000
      36    37    64    16    0.0000750000
      36    43    44    16    0.0006000000
      36    43    50    17    0.0000000000
      36    43    51    25    0.0009750000
      36    43    57    26    0.0000000000
      36    43    58    16    0.0649500000
      36    43    64    17    0.0015750000
      36    44    50     7    0.0062250000
      36    44    51    15    0.1783500000
      36    44    57    16    0.0003750000
      36    44    58    24    0.0057000000
      36    44    64    25    0.0000000000
      36    50    51    16    0.0144000000
      36    50    57    17    0.0000000000
      36    50    58    25    0.0006000000
      36    50    64    26    0.0000000000
      36    51    57     7    0.0004500000
      36    51    58    15    0.0120750000
      36    51    64    16    0.0000750000
      36    57    58    16    0.0003000000
      36    57    64    17    0.0000750000
      36    58    64     7    0.0130500000
      36    37    43     7    0.0000000000
      36    37    44    15    0.0000000000
      36    37    50    16    0.0000000000
      36    37    51    24    0.0011250000
      36    37    57    25    0.0010500000
      36    37    58    15    0.0002250000
      36    37    64    16    0.0021000000
      36    43    44    16    0.0000000000
      36    43    50    17    0.0000000000
      36    43    51    25    0.0000750000
      36    43    57    26    0.0000000000
      36    43    58    16    0.0000000000
      36    43    64    17    0.0000000000
      36    44    50     7    0.0060750000
      36    44    51    15    0.0000000000
      36    44    57    16    0.0001500000
      36    44    58    24    0.0000000000
      36    44    64    25    0.0000000000
      36    50    51    16    0.0000000000
      36    50    57    17    0.0000750000
      36    50    58    25    0.0000000000
      36    50    64    26    0.0000000000
      36    51    57     7    0.0284250000
      36    51    58    15    0.0011250000
      36    51    64    16    0.0048750000
      36    57    58    16    0.0018000000
      36    57    64    17    0.0072000000
      36    58    64     7    0.0043500000
      36    37    43     7    0.0273750000
      36    37    44    15    0.0223500000
      36    37    50    16    0.0060750000
      36    37    51    24    0.0159000000
      36    37    57    25    0.0002250000
      36    37    58    15    0.0417750000
      36    37    64    16    0.0000000000
      36    43    44    16    0.0438750000
      36    43    50    17    0.0142500000
      36    43    51    25    0.0294750000
      36    43    57    26    0.0004500000
      36    43    58    16    0.0726000000
      36    43    64    17    0.0000750000
      36    44    50     7    0.0534750000
      36    44    51    15    0.1149750000
      36    44    57    16    0.0028500000
      36    44    58    24    0.0864000000
      36    44    64    25    0.0000750000
      36    50    51    16    0.0336000000
      36    50    57    17    0.0015000000
      36    50    58    25    0.0363750000
      36    50    64    26    0.0000000000
      36    51    57     7    0.0072000000
      36    51    58    15    0.1512000000
      36    51    64    16    0.0000750000
      36    57    58    16    0.0035250000
      36    57    64    17    0.0000000000
      36    58    64     7    0.0003000000
      36    37    43     7    0.0066750000
      36    37    44    15    0.0015000000
      36    37    50    16    0.0001500000
      36    37    51    24    0.0068250000
      36    37    57    25    0.0001500000
      36    37    58    15    0.0009000000
      36    37    64    16    0.0038250000
      36    43    44    16    0.0000000000
      36    43    50    17    0.0000000000
      36    43    51    25    0.0000000000
      36    43    57    26    0.0000000000
      36    43    58    16    0.0000000000
      36    43    64    17    0.0001500000
      36    44    50     7    0.0008250000
      36    44    51    15    0.0702000000
      36    44    57    16    0.0007500000
      36    44    58    24    0.0000000000
      36    44    64    25    0.0000000000
      36    50    51    16    0.0025500000
      36    50    57    17    0.0000750000
      36    50    58    25    0.0000000000
      36    50    64    26    0.0000000000
      36    51    57     7    0.0045000000
      36    51    58    15    0.0000000000
      36    51    64    16    0.0000000000
      36    57    58    16    0.0000000000
      36    57    64    17    0.0000000000
      36    58    64     7    0.0126750000
      36    37    43     7    0.4407750000
      36    37    44    15    0.0074250000
      36    37    50    16    0.0150000000
      36    37    51    24    0.0024000000
      36    37    57    25    0.0003000000
      36    37    58    15    0.0003000000
      36    37    64    16    0.0004500000
      36    43    44    16    0.0075000000
      36    43    50    17    0.0141750000
      36    43    51    25    0.0027000000
      36    43    57    26    0.0006000000
      36    43    58    16    0.0002250000
      36    43    64    17    0.0005250000
      36    44    50     7    0.0637500000
      36    44    51    15    0.0009750000
      36    44    57    16    0.0002250000
      36    44    58    24    0.0000000000
      36    44    64    25    0.0000000000
      36    50    51    16    0.0009000000
      36    50    57    17    0.0003750000
      36    50    58    25    0.0000000000
      36    50    64    26    0.0000000000
      36    51    57     7    0.0475500000
      36    51    58    15    0.0149250000
      36    51    64    16    0.0216000000
      36    57    58    16    0.0021000000
      36    57    64    17    0.0029250000
      36    58    64     7    0.2976000000
      36    37    43     7    0.3371250000
      36    37    44    15    0.0102000000
      36    37    50    16    0.0000750000
      36    37    51    24    0.1563750000
      36    37    57    25    0.2458500000
      36    37    58    15    0.0953250000
      36    37    64    16    0.0580500000
      36    43    44    16    0.0075000000
      36    43    50    17    0.0000750000
      36    43    51    25    0.1614000000
      36    43    57    26    0.1966500000
      36    43    58    16    0.0822000000
      36    43    64    17    0.0528000000
      36    44    50     7    0.0002250000
      36    44    51    15    0.0156000000
      36    44    57    16    0.0112500000
      36    44    58    24    0.0037500000
      36    44    64    25    0.0027750000
      36    50    51    16    0.0001500000
      36    50    57    17    0.0001500000
      36    50    58    25    0.0001500000
      36    50    64    26    0.0000000000
      36    51    57     7    0.3988500000
      36    51    58    15    0.1091250000
      36    51    64    16    0.0678750000
      36    57    58    16    0.0871500000
      36    57    64    17    0.0563250000
      36    58    64     7    0.2583750000
      36    37    43     7    0.0039750000
      36    37    44    15    0.0011250000
      36    37    50    16    0.0003750000
      36    37    51    24    0.0007500000
      36    37    57    25    0.0012750000
      36    37    58    15    0.0066750000
      36    37    64    16    0.0033750000
      36    43    44    16    0.0003750000
      36    43    50    17    0.0002250000
      36    43    51    25    0.0001500000
      36    43    57    26    0.0003000000
      36    43    58    16    0.0027750000
      36    43    64    17    0.0017250000
      36    44    50     7    0.0309750000
      36    44    51    15    0.0023250000
      36    44    57    16    0.0021750000
      36    44    58    24    0.0044250000
      36    44    64    25    0.0020250000
      36    50    51    16    0.0012750000
      36    50    57    17    0.0012000000
      36    50    58    25    0.0024000000
      36    50    64    26    0.0011250000
      36    51    57     7    0.2647500000
      36    51    58    15    0.0150000000
      36    51    64    16    0.0078000000
      36    57    58    16    0.0104250000
      36    57    64    17    0.0055500000
      36    58    64     7    0.0592500000
      36    37    43     7    0.0097500000
      36    37    44    15    0.0330750000
      36    37    50    16    0.0251250000
      36    37    51    24    0.0467250000
      36    37    57    25    0.0083250000
      36    37    58    15    0.0242250000
      36    37    64    16    0.0315000000
      36    43    44    16    0.0007500000
      36    43    50    17    0.0003000000
      36    43    51    25    0.0004500000
      36    43    57    26    0.0001500000
      36    43    58    16    0.0003000000
      36    43    64    17    0.0002250000
      36    44    50     7    0.4614000000
      36    44    51    15    0.1477500000
      36    44    57    16    0.0219750000
      36    44    58    24    0.0084750000
      36    44    64    25    0.0114000000
      36    50    51    16    0.1065000000
      36    50    57    17    0.0184500000
      36    50    58    25    0.0060750000
      36    50    64    26    0.0103500000
      36    51    57     7    0.0504000000
      36    51    58    15    0.0219750000
      36    51    64    16    0.0309000000
      36    57    58    16    0.0048000000
      36    57    64    17    0.0065250000
      36    58    64     7    0.0271500000
      36    37    43     7    0.3711750000
      36    37    44    15    0.1875750000
      36    37    50    16    0.0144750000
      36    37    51    24    0.0118500000
      36    37    57    25    0.0000750000
      36    37    58    15    0.0342000000
      36    37    64    16    0.0006750000
      36    43    44    16    0.0852000000
      36    43    50    17    0.0070500000
      36    43    51    25    0.0052500000
      36    43    57    26    0.0001500000
      36    43    58    16    0.0165750000
      36    43    64    17    0.0004500000
      36    44    50     7    0.0153000000
      36    44    51    15    0.0124500000
      36    44    57    16    0.0003000000
      36    44    58    24    0.0222750000
      36    44    64    25    0.0007500000
      36    50    51    16    0.0016500000
      36    50    57    17    0.0000000000
      36    50    58    25    0.0022500000
      36    50    64    26    0.0001500000
      36    51    57     7    0.0011250000
      36    51    58    15    0.0447000000
      36    51    64    16    0.0011250000
      36    57    58    16    0.0009000000
      36    57    64    17    0.0000000000
      36    58    64     7    0.0126750000
      36    37    43     7    0.0072000000
      36    37    44    15    0.0354000000
      36    37    50    16    0.0154500000
      36    37    51    24    0.0003750000
      36    37    57    25    0.0001500000
      36    37    58    15    0.0578250000
      36    37    64    16    0.0030000000
      36    43    44    16    0.0021750000
      36    43    50    17    0.0008250000
      36    43    51    25    0.0000000000
      36    43    57    26    0.0000000000
      36    43    58    16    0.0023250000
      36    43    64    17    0.0001500000
      36    44    50     7    0.0045750000
      36    44    51    15    0.0000750000
      36    44    57    16    0.0000000000
      36    44    58    24    0.0081750000
      36    44    64    25    0.0006000000
      36    50    51    16    0.0000000000
      36    50    57    17    0.0000000000
      36    50    58    25    0.0031500000
      36    50    64    26    0.0001500000
      36    51    57     7    0.0087750000
      36    51    58    15    0.0006000000
      36    51    64    16    0.0001500000
      36    57    58    16    0.0000000000
      36    57    64    17    0.0000000000
      36    58    64     7    0.0066000000
      36    37    43     7    0.0403500000
      36    37    44    15    0.0070500000
      36    37    50    16    0.2401500000
      36    37    51    24    0.0353250000
      36    37    57    25    0.0245250000
      36    37    58    15    0.0006000000
      36    37    64    16    0.0291750000
      36    43    44    16    0.0003750000
      36    43    50    17    0.0366000000
      36    43    51    25    0.0030000000
      36    43    57    26    0.0021000000
      36    43    58    16    0.0000000000
      36    43    64    17    0.0042000000
      36    44    50     7    0.0066750000
      36    44    51    15    0.0007500000
      36    44    57    16    0.0006000000
      36    44    58    24    0.0000000000
      36    44    64    25    0.0004500000
      36    50    51    16    0.0347250000
      36    50    57    17    0.0227250000
      36    50    58    25    0.0004500000
      36    50    64    26    0.0272250000
      36    51    57     7    0.0232500000
      36    51    58    15    0.0003000000
      36    51    64    16    0.0171000000
      36    57    58    16    0.0003000000
      36    57    64    17    0.0136500000
      36    58    64     7    0.0155250000
      36    37    43     7    0.0415500000
      36    37    44    15    0.1683000000
      36    37    50    16    0.0490500000
      36    37    51    24    0.0018750000
      36    37    57    25    0.0003000000
      36    37    58    15    0.0000000000
      36    37    64    16    0.0002250000
      36    43    44    16    0.0162750000
      36    43    50    17    0.0048000000
      36    43    51    25    0.0001500000
      36    43    57    26    0.0000000000
      36    43    58    16    0.0000000000
      36    43    64    17    0.0001500000
      36    44    50     7    0.0741000000
      36    44    51    15    0.0020250000
      36    44    57    16    0.0001500000
      36    44    58    24    0.0000000000
      36    44    64    25    0.0002250000
      36    50    51    16    0.0004500000
      36    50    57    17    0.0001500000
      36    50    58    25    0.0000000000
      36    50    64    26    0.0000000000
      36    51    57     7    0.0928500000
      36    51    58    15    0.0000750000
      36    51    64    16    0.0001500000
      36    57    58    16    0.0000750000
      36    57    64    17    0.0000000000
      36    58    64     7    0.0018000000
      36    37    43     7    0.0421500000
      36    37    44    15    0.0003000000
      36    37    50    16    0.0000750000
      36    37    51    24    0.0012000000
      36    37    57    25    0.0021750000
      36    37    58    15    0.0162000000
      36    37    64    16    0.0126750000
      36    43    44    16    0.0020250000
      36    43    50    17    0.0000000000
      36    43    51    25    0.0035250000
      36    43    57    26    0.0043500000
      36    43    58    16    0.0304500000
      36    43    64    17    0.0267750000
      36    44    50     7    0.0225000000
      36    44    51    15    0.0059250000
      36    44    57    16    0.0072000000
      36    44    58    24    0.0028500000
      36    44    64    25    0.0056250000
      36    50    51    16    0.0003000000
      36    50    57    17    0.0006000000
      36    50    58    25    0.0003750000
      36    50    64    26    0.0005250000
      36    51    57     7    0.1953750000
      36    51    58    15    0.0080250000
      36    51    64    16    0.0102000000
      36    57    58    16    0.0087750000
      36    57    64    17    0.0144750000
      36    58    64     7    0.1176750000
      36    37    43     7    0.2257500000
      36    37    44    15    0.0389250000
      36    37    50    16    0.0003000000
      36    37    51    24    0.0001500000
      36    37    57    25    0.0000000000
      36    37    58    15    0.0252750000
      36    37    64    16    0.0234000000
      36    43    44    16    0.0142500000
      36    43    50    17    0.0001500000
      36    43    51    25    0.0001500000
      36    43    57    26    0.0000000000
      36    43    58    16    0.0093750000
      36    43    64    17    0.0090000000
      36    44    50     7    0.0075000000
      36    44    51    15    0.0016500000
      36    44    57    16    0.0000750000
      36    44    58    24    0.0024750000
      36    44    64    25    0.0024000000
      36    50    51    16    0.0000000000
      36    50    57    17    0.0000000000
      36    50    58    25    0.0000000000
      36    50    64    26    0.0000000000
      36    51    57     7    0.0013500000
      36    51    58    15    0.0005250000
      36    51    64    16    0.0005250000
      36    57    58    16    0.0000750000
      36    57    64    17    0.0000750000
      36    58    64     7    0.6609750000
      36    37    43     7    0.0028500000
      36    37    44    15    0.0189750000
      36    37    50    16    0.0216000000
      36    37    51    24    0.0327750000
      36    37    57    25    0.0003750000
      36    37    58    15    0.0574500000
      36    37    64    16    0.0033750000
      36    43    44    16    0.0000000000
      36    43    50    17    0.0000750000
      36    43    51    25    0.0000750000
      36    43    57    26    0.0000000000
      36    43    58    16    0.0001500000
      36    43    64    17    0.0000000000
      36    44    50     7    0.5992500000
      36    44    51    15    0.2931750000
      36    44    57    16    0.0045000000
      36    44    58    24    0.1257000000
      36    44    64    25    0.0084750000
      36    50    51    16    0.1923000000
      36    50    57    17    0.0037500000
      36    50    58    25    0.1639500000
      36    50    64    26    0.0112500000
      36    51    57     7    0.0036750000
      36    51    58    15    0.3774750000
      36    51    64    16    0.0262500000
      36    57    58    16    0.0027000000
      36    57    64    17    0.0001500000
      36    58    64     7    0.0282750000
      36    37    43     7    0.0557250000
      36    37    44    15    0.0132000000
      36    37    50    16    0.0064500000
      36    37    51    24    0.0116250000
      36    37    57    25    0.0017250000
      36    37    58    15    0.0000750000
      36    37    64    16    0.0000000000
      36    43    44    16    0.0376500000
      36    43    50    17    0.0211500000
      36    43    51    25    0.0374250000
      36    43    57    26    0.0056250000
      36    43    58    16    0.0002250000
      36    43    64    17    0.0000750000
      36    44    50     7    0.0720750000
      36    44    51    15    0.2704500000
      36    44    57    16    0.0312750000
      36    44    58    24    0.0037500000
      36    44    64    25    0.0006750000
      36    50    51    16    0.1170750000
      36    50    57    17    0.0153750000
      36    50    58    25    0.0020250000
      36    50    64    26    0.0002250000
      36    51    57     7    0.0828000000
      36    51    58    15    0.0105000000
      36    51    64    16    0.0013500000
      36    57    58    16    0.0065250000
      36    57    64    17    0.0009000000
      36    58    64     7    0.0011250000
      36    37    43     7    0.0018000000
      36    37    44    15    0.1779000000
      36    37    50    16    0.1227000000
      36    37    51    24    0.0706500000
      36    37    57    25    0.0414750000
      36    37    58    15    0.1016250000
      36    37    64    16    0.0404250000
      36    43    44    16    0.0008250000
      36    43    50    17    0.0005250000
      36    43    51    25    0.0001500000
      36    43    57    26    0.0000000000
      36    43    58    16    0.0005250000
      36    43    64    17    0.0002250000
      36    44    50     7    0.2170500000
      36    44    51    15    0.0707250000
      36    44    57    16    0.0393750000
      36    44    58    24    0.0407250000
      36    44    64    25    0.0177750000
      36    50    51    16    0.0854250000
      36    50    57    17    0.0570750000
      36    50    58    25    0.0364500000
      36    50    64    26    0.0169500000
      36    51    57     7    0.3105750000
      36    51    58    15    0.0417750000
      36    51    64    16    0.0222000000
      36    57    58    16    0.0205500000
      36    57    64    17    0.0108750000
      36    58    64     7    0.1929750000
      36    37    43     7    0.7048500000
      36    37    44    15    0.0036750000
      36    37    50    16    0.0036750000
      36    37    51    24    0.0311250000
      36    37    57    25    0.0012000000
      36    37    58    15    0.1508250000
      36    37    64    16    0.0096000000
      36    43    44    16    0.0036000000
      36    43    50    17    0.0037500000
      36    43    51    25    0.0338250000
      36    43    57    26    0.0014250000
      36    43    58    16    0.1244250000
      36    43    64    17    0.0105750000
      36    44    50     7    0.0982500000
      36    44    51    15    0.0083250000
      36    44    57    16    0.0002250000
      36    44    58    24    0.0041250000
      36    44    64    25    0.0004500000
      36    50    51    16    0.0088500000
      36    50    57    17    0.0000750000
      36    50    58    25    0.0048750000
      36    50    64    26    0.0003000000
      36    51    57     7    0.0123000000
      36    51    58    15    0.0378000000
      36    51    64    16    0.0026250000
      36    57    58    16    0.0018000000
      36    57    64    17    0.0000750000
      36    58    64     7    0.0477000000
      36    37    43     7    0.0043500000
      36    37    44    15    0.0000750000
      36    37    50    16    0.0002250000
      36    37    51    24    0.0000000000
      36    37    57    25    0.0000750000
      36    37    58    15    0.0000750000
      36    37    64    16    0.0000750000
      36    43    44    16    0.0003000000
      36    43    50    17    0.0012750000
      36    43    51    25    0.0000000000
      36    43    57    26    0.0001500000
      36    43    58    16    0.0000750000
      36    43    64    17    0.0000750000
      36    44    50     7    0.0070500000
      36    44    51    15    0.0000000000
      36    44    57    16    0.0006750000
      36    44    58    24    0.0003750000
      36    44    64    25    0.0003750000
      36    50    51    16    0.0009750000
      36    50    57    17    0.0047250000
      36    50    58    25    0.0025500000
      36    50    64    26    0.0020250000
      36    51    57     7    0.1245750000
      36    51    58    15    0.0387750000
      36    51    64    16    0.0268500000
      36    57    58    16    0.1253250000
      36    57    64    17    0.1357500000
      36    58    64     7    0.3048750000
      68    69    83    15    0.0054000000
      68    69    84    31    0.0000000000
      68    69    98    32    0.0000000000
      68    69    99    48    0.0000000000
      68    69   113    49    0.0000000000
      68    69   114    31    0.0003000000
      68    69   128    32    0.0000000000
      68    83    84    32    0.0000000000
      68    83    98    33    0.0000000000
      68    83    99    49    0.0000000000
      68    83   113    50    0.0000000000
      68    83   114    32    0.0005250000
      68    83   128    33    0.0000000000
      68    84    98    15    0.0053250000
      68    84    99    31    0.0000000000
      68    84   113    32    0.0000000000
      68    84   114    48    0.0000000000
      68    84   128    49    0.0000000000
      68    98    99    32    0.0000000000
      68    98   113    33    0.0000000000
      68    98   114    49    0.0000000000
      68    98   128    50    0.0000000000
      68    99   113    15    0.0127500000
      68    99   114    31    0.0003750000
      68    99   128    32    0.0000000000
      68   113   114    32    0.0003750000
      68   113   128    33    0.0000000000
      68   114   128    15    0.0004500000
      68    69    83    15    0.0016500000
      68    69    84    31    0.0074250000
      68    69    98    32    0.0039750000
      68    69    99    48    0.0015750000
      68    69   113    49    0.0003000000
      68    69   114    31    0.2466750000
      68    69   128    32    0.0096750000
      68    83    84    32    0.0002250000
      68    83    98    33    0.0000750000
      68    83    99    49    0.0000000000
      68    83   113    50    0.0000000000
      68    83   114    32    0.0006000000
      68    83   128    33    0.0000000000
      68    84    98    15    0.0032250000
      68    84    99    31    0.0001500000
      68    84   113    32    0.0000000000
      68    84   114    48    0.0022500000
      68    84   128    49    0.0000750000
      68    98    99    32    0.0000750000
      68    98   113    33    0.0000000000
      68    98   114    49    0.0012750000
      68    98   128    50    0.0000000000
      68    99   113    15    0.0071250000
      68    99   114    31    0.0018000000
      68    99   128    32    0.0000000000
      68   113   114    32    0.0001500000
      68   113   128    33    0.0000000000
      68   114   128    15    0.0101250000
      68    69    83    15    0.0000750000
      68    69    84    31    0.0011250000
      68    69    98    32    0.0000000000
      68    69    99    48    0.0000000000
      68    69   113    49    0.0000000000
      68    69   114    31    0.0015000000
      68    69   128    32    0.0004500000
      68    83    84    32    0.0000000000
      68    83    98    33    0.0000000000
      68    83    99    49    0.0000000000
      68    83   113    50    0.0000000000
      68    83   114    32    0.0000000000
      68    83   128    33    0.0000000000
      68    84    98    15    0.0003000000
      68    84    99    31    0.0000750000
      68    84   113    32    0.0002250000
      68    84   114    48    0.0019500000
      68    84   128    49    0.0004500000
      68    98    99    32    0.0000000000
      68    98   113    33    0.0000000000
      68    98   114    49    0.0001500000
      68    98   128    50    0.0000000000
      68    99   113    15    0.0003000000
      68    99   114    31    0.0001500000
      68    99   128    32    0.0000000000
      68   113   114    32    0.0008250000
      68   113   128    33    0.0003750000
      68   114   128    15    0.0006000000
      68    69    83    15    0.0001500000
      68    69    84    31    0.0000000000
      68    69    98    32    0.0000000000
      68    69    99    48    0.0000000000
      68    69   113    49    0.0000000000
      68    69   114    31    0.0353250000
      68    69   128    32    0.0000000000
      68    83    84    32    0.0000000000
      68    83    98    33    0.0000750000
      68    83    99    49    0.0000000000
      68    83   113    50    0.0000000000
      68    83   114    32    0.0023250000
      68    83   128    33    0.0000000000
      68    84    98    15    0.0000750000
      68    84    99    31    0.0000000000
      68    84   113    32    0.0000000000
      68    84   114    48    0.0001500000
      68    84   128    49    0.0000000000
      68    98    99    32    0.0000000000
      68    98   113    33    0.0000000000
      68    98   114    49    0.0007500000
      68    98   128    50    0.0000000000
      68    99   113    15    0.0018750000
      68    99   114    31    0.0000000000
      68    99   128    32    0.0000000000
      68   113   114    32    0.0000000000
      68   113   128    33    0.0000000000
      68   114   128    15    0.0000000000
      68    69    83    15    0.0000000000
      68    69    84    31    0.0017250000
      68    69    98    32    0.0000750000
      68    69    99    48    0.0011250000
      68    69   113    49    0.0004500000
      68    69   114    31    0.0001500000
      68    69   128    32    0.0006750000
      68    83    84    32    0.0001500000
      68    83    98    33    0.0000000000
      68    83    99    49    0.0000000000
      68    83   113    50    0.0000000000
      68    83   114    32    0.0000000000
      68    83   128    33    0.0000000000
      68    84    98    15    0.0012000000
      68    84    99    31    0.2129250000
      68    84   113    32    0.0332250000
      68    84   114    48    0.0087000000
      68    84   128    49    0.0577500000
      68    98    99    32    0.0015750000
      68    98   113    33    0.0000750000
      68    98   114    49    0.0000000000
      68    98   128    50    0.0006000000
      68    99   113    15    0.0527250000
      68    99   114    31    0.0100500000
      68    99   128    32    0.0695250000
      68   113   114    32    0.0015750000
      68   113   128    33    0.0105000000
      68   114   128    15    0.0225000000
      68    69    83    15    0.0001500000
      68    69    84    31    0.0002250000
      68    69    98    32    0.0000000000
      68    69    99    48    0.0054750000
      68    69   113    49    0.0011250000
      68    69   114    31    0.0020250000
      68    69   128    32    0.0003000000
      68    83    84    32    0.0000000000
      68    83    98    33    0.0000000000
      68    83    99    49    0.0001500000
      68    83   113    50    0.0000000000
      68    83   114    32    0.0000750000
      68    83   128    33    0.0000000000
      68    84    98    15    0.0000000000
      68    84    99    31    0.0048000000
      68    84   113    32    0.0079500000
      68    84   114    48    0.0017250000
      68    84   128    49    0.0000750000
      68    98    99    32    0.0002250000
      68    98   113    33    0.0003750000
      68    98   114    49    0.0002250000
      68    98   128    50    0.0000000000
      68    99   113    15    0.0281250000
      68    99   114    31    0.1227750000
      68    99   128    32    0.0051750000
      68   113   114    32    0.0093000000
      68   113   128    33    0.0004500000
      68   114   128    15    0.0015750000
      68    69    83    15    0.0034500000
      68    69    84    31    0.0191250000
      68    69    98    32    0.0024750000
      68    69    99    48    0.0170250000
      68    69   113    49    0.0000000000
      68    69   114    31    0.0850500000
      68    69   128    32    0.0000750000
      68    83    84    32    0.0001500000
      68    83    98    33    0.0000000000
      68    83    99    49    0.0002250000
      68    83   113    50    0.0000000000
      68    83   114    32    0.0009750000
      68    83   128    33    0.0000000000
      68    84    98    15    0.0017250000
      68    84    99    31    0.0019500000
      68    84   113    32    0.0000000000
      68    84   114    48    0.0056250000
      68    84   128    49    0.0000000000
      68    98    99    32    0.0000750000
      68    98   113    33    0.0000750000
      68    98   114    49    0.0006750000
      68    98   128    50    0.0000000000
      68    99   113    15    0.0005250000
      68    99   114    31    0.0297750000
      68    99   128    32    0.0000750000
      68   113   114    32    0.0004500000
      68   113   128    33    0.0000000000
      68   114   128    15    0.0003000000
      68    69    83    15    0.0001500000
      68    69    84    31    0.0000750000
      68    69    98    32    0.0138750000
      68    69    99    48    0.0101250000
      68    69   113    49    0.0002250000
      68    69   114    31    0.0723750000
      68    69   128    32    0.0002250000
      68    83    84    32    0.0000000000
      68    83    98    33    0.0000750000
      68    83    99    49    0.0000750000
      68    83   113    50    0.0000000000
      68    83   114    32    0.0001500000
      68    83   128    33    0.0000000000
      68    84    98    15    0.0000000000
      68    84    99    31    0.0000000000
      68    84   113    32    0.0000000000
      68    84   114    48    0.0000000000
      68    84   128    49    0.0000000000
      68    98    99    32    0.0149250000
      68    98   113    33    0.0007500000
      68    98   114    49    0.0558750000
      68    98   128    50    0.0005250000
      68    99   113    15    0.0032250000
      68    99   114    31    0.0557250000
      68    99   128    32    0.0006750000
      68   113   114    32    0.0023250000
      68   113   128    33    0.0000000000
      68   114   128    15    0.0045000000
      68    69    83    15    0.0078750000
      68    69    84    31    0.0009000000
      68    69    98    32    0.0014250000
      68    69    99    48    0.0005250000
      68    69   113    49    0.0019500000
      68    69   114    31    0.0000750000
      68    69   128    32    0.0000000000
      68    83    84    32    0.0420000000
      68    83    98    33    0.0633000000
      68    83    99    49    0.0311250000
      68    83   113    50    0.1300500000
      68    83   114    32    0.0028500000
      68    83   128    33    0.0021750000
      68    84    98    15    0.0913500000
      68    84    99    31    0.0111750000
      68    84   113    32    0.0420750000
      68    84   114    48    0.0007500000
      68    84   128    49    0.0005250000
      68    98    99    32    0.0156000000
      68    98   113    33    0.0587250000
      68    98   114    49    0.0015000000
      68    98   128    50    0.0004500000
      68    99   113    15    0.0408750000
      68    99   114    31    0.0005250000
      68    99   128    32    0.0005250000
      68   113   114    32    0.0024750000
      68   113   128    33    0.0021000000
      68   114   128    15    0.0000000000
      68    69    83    15    0.0001500000
      68    69    84    31    0.0004500000
      68    69    98    32    0.0004500000
      68    69    99    48    0.0012750000
      68    69   113    49    0.0000000000
      68    69   114    31    0.0563250000
      68    69   128    32    0.0035250000
      68    83    84    32    0.0000000000
      68    83    98    33    0.0000000000
      68    83    99    49    0.0000000000
      68    83   113    50    0.0000000000
      68    83   114    32    0.0002250000
      68    83   128    33    0.0000000000
      68    84    98    15    0.0834000000
      68    84    99    31    0.0926250000
      68    84   113    32    0.0027750000
      68    84   114    48    0.0019500000
      68    84   128    49    0.0000750000
      68    98    99    32    0.1293750000
      68    98   113    33    0.0047250000
      68    98   114    49    0.0020250000
      68    98   128    50    0.0002250000
      68    99   113    15    0.0158250000
      68    99   114    31    0.0069000000
      68    99   128    32    0.0006750000
      68   113   114    32    0.0004500000
      68   113   128    33    0.0000750000
      68   114   128    15    0.0159750000
     132   133   163    31    0.0000000000
     132   133   164    63    0.0000000000
     132   133   194    64    0.0007500000
     132   133   195    96    0.0003000000
     132   133   225    97    0.0000000000
     132   133   226    63    0.0002250000
     132   133   256    64    0.0000000000
     132   163   164    64    0.0000000000
     132   163   194    65    0.0000000000
     132   163   195    97    0.0000000000
     132   163   225    98    0.0000000000
     132   163   226    64    0.0000000000
     132   163   256    65    0.0000000000
     132   164   194    31    0.0009000000
     132   164   195    63    0.0005250000
     132   164   225    64    0.0000000000
     132   164   226    96    0.0000000000
     132   164   256    97    0.0000000000
     132   194   195    64    0.0768000000
     132   194   225    65    0.0000000000
     132   194   226    97    0.0136500000
     132   194   256    98    0.0000000000
     132   195   225    31    0.0000000000
     132   195   226    63    0.0076500000
     132   195   256    64    0.0000000000
     132   225   226    64    0.0000000000
     132   225   256    65    0.0000000000
     132   226   256    31    0.0000000000
     132   133   163    31    0.0001500000
     132   133   164    63    0.0004500000
     132   133   194    64    0.0000000000
     132   133   195    96    0.0149250000
     132   133   225    97    0.0001500000
     132   133   226    63    0.0000000000
     132   133   256    64    0.0000000000
     132   163   164    64    0.0000000000
     132   163   194    65    0.0000000000
     132   163   195    97    0.0000000000
     132   163   225    98    0.0000000000
     132   163   226    64    0.0000000000
     132   163   256    65    0.0000000000
     132   164   194    31    0.0000000000
     132   164   195    63    0.0003000000
     132   164   225    64    0.0000000000
     132   164   226    96    0.0000000000
     132   164   256    97    0.0000000000
     132   194   195    64    0.0000000000
     132   194   225    65    0.0000000000
     132   194   226    97    0.0000000000
     132   194   256    98    0.0000000000
     132   195   225    31    0.0016500000
     132   195   226    63    0.0000000000
     132   195   256    64    0.0000000000
     132   225   226    64    0.0000000000
     132   225   256    65    0.0000000000
     132   226   256    31    0.0000000000
     132   133   163    31    0.0016500000
     132   133   164    63    0.0006000000
     132   133   194    64    0.0000000000
     132   133   195    96    0.0000000000
     132   133   225    97    0.0000000000
     132   133   226    63    0.0043500000
     132   133   256    64    0.0000000000
     132   163   164    64    0.0000750000
     132   163   194    65    0.0000000000
     132   163   195    97    0.0000000000
     132   163   225    98    0.0000000000
     132   163   226    64    0.0004500000
     132   163   256    65    0.0000000000
     132   164   194    31    0.0000000000
     132   164   195    63    0.0000000000
     132   164   225    64    0.0000000000
     132   164   226    96    0.0000750000
     132   164   256    97    0.0000000000
     132   194   195    64    0.0000000000
     132   194   225    65    0.0000000000
     132   194   226    97    0.0000000000
     132   194   256    98    0.0000000000
     132   195   225    31    0.0000000000
     132   195   226    63    0.0000000000
     132   195   256    64    0.0000000000
     132   225   226    64    0.0000000000
     132   225   256    65    0.0000000000
     132   226   256    31    0.0000000000
     132   133   163    31    0.0005250000
     132   133   164    63    0.0000000000
     132   133   194    64    0.0000000000
     132   133   195    96    0.0001500000
     132   133   225    97    0.0000000000
     132   133   226    63    0.0006000000
     132   133   256    64    0.0040500000
     132   163   164    64    0.0000000000
     132   163   194    65    0.0000000000
     132   163   195    97    0.0000000000
     132   163   225    98    0.0000000000
     132   163   226    64    0.0000000000
     132   163   256    65    0.0000000000
     132   164   194    31    0.0000000000
     132   164   195    63    0.3143250000
     132   164   225    64    0.0000000000
     132   164   226    96    0.0042000000
     132   164   256    97    0.0114750000
     132   194   195    64    0.0000000000
     132   194   225    65    0.0000000000
     132   194   226    97    0.0000000000
     132   194   256    98    0.0000000000
     132   195   225    31    0.0000000000
     132   195   226    63    0.0059250000
     132   195   256    64    0.0193500000
     132   225   226    64    0.0000000000
     132   225   256    65    0.0000000000
     132   226   256    31    0.0851250000
     132   133   163    31    0.0000000000
     132   133   164    63    0.0010500000
     132   133   194    64    0.0003750000
     132   133   195    96    0.0000750000
     132   133   225    97    0.0023250000
     132   133   226    63    0.0001500000
     132   133   256    64    0.0000000000
     132   163   164    64    0.0000000000
     132   163   194    65    0.0000000000
     132   163   195    97    0.0000000000
     132   163   225    98    0.0000000000
     132   163   226    64    0.0000000000
     132   163   256    65    0.0000000000
     132   164   194    31    0.0002250000
     132   164   195    63    0.0000000000
     132   164   225    64    0.0012750000
     132   164   226    96    0.0000000000
     132   164   256    97    0.0000000000
     132   194   195    64    0.0000000000
     132   194   225    65    0.0002250000
     132   194   226    97    0.0000000000
     132   194   256    98    0.0000000000
     132   195   225    31    0.0001500000
     132   195   226    63    0.0000000000
     132   195   256    64    0.0000000000
     132   225   226    64    0.0000750000
     132   225   256    65    0.0000000000
     132   226   256    31    0.0000000000
     132   133   163    31    0.0000000000
     132   133   164    63    0.0002250000
     132   133   194    64    0.0000000000
     132   133   195    96    0.0135750000
     132   133   225    97    0.0017250000
     132   133   226    63    0.0000000000
     132   133   256    64    0.0000750000
     132   163   164    64    0.0000000000
     132   163   194    65    0.0000000000
     132   163   195    97    0.0000000000
     132   163   225    98    0.0000000000
     132   163   226    64    0.0000000000
     132   163   256    65    0.0000000000
     132   164   194    31    0.0000000000
     132   164   195    63    0.0094500000
     132   164   225    64    0.0012000000
     132   164   226    96    0.0000000000
     132   164   256    97    0.0000000000
     132   194   195    64    0.0000000000
     132   194   225    65    0.0000000000
     132   194   226    97    0.0000000000
     132   194   256    98    0.0000000000
     132   195   225    31    0.0484500000
     132   195   226    63    0.0000000000
     132   195   256    64    0.0001500000
     132   225   226    64    0.0000000000
     132   225   256    65    0.0000000000
     132   226   256    31    0.0000000000
     132   133   163    31    0.0000000000
     132   133   164    63    0.0000000000
     132   133   194    64    0.0000000000
     132   133   195    96    0.0000000000
     132   133   225    97    0.0000000000
     132   133   226    63    0.0000000000
     132   133   256    64    0.0000000000
     132   163   164    64    0.0000000000
     132   163   194    65    0.0000000000
     132   163   195    97    0.0000000000
     132   163   225    98    0.0000000000
     132   163   226    64    0.0000000000
     132   163   256    65    0.0000000000
     132   164   194    31    0.0000000000
     132   164   195    63    0.0372750000
     132   164   225    64    0.0016500000
     132   164   226    96    0.0000000000
     132   164   256    97    0.0000000000
     132   194   195    64    0.0000000000
     132   194   225    65    0.0000000000
     132   194   226    97    0.0000000000
     132   194   256    98    0.0000000000
     132   195   225    31    0.0002250000
     132   195   226    63    0.0000000000
     132   195   256    64    0.0000000000
     132   225   226    64    0.0000000000
     132   225   256    65    0.0000000000
     132   226   256    31    0.0108000000
     132   133   163    31    0.0006000000
     132   133   164    63    0.1050750000
     132   133   194    64    0.0011250000
     132   133   195    96    0.0026250000
     132   133   225    97    0.0017250000
     132   133   226    63    0.0000000000
     132   133   256    64    0.0000000000
     132   163   164    64    0.0032250000
     132   163   194    65    0.0005250000
     132   163   195    97    0.0008250000
     132   163   225    98    0.0002250000
     132   163   226    64    0.0000000000
     132   163   256    65    0.0000000000
     132   164   194    31    0.0084000000
     132   164   195    63    0.0192750000
     132   164   225    64    0.0093750000
     132   164   226    96    0.0000000000
     132   164   256    97    0.0000750000
     132   194   195    64    0.0064500000
     132   194   225    65    0.0035250000
     132   194   226    97    0.0000000000
     132   194   256    98    0.0000000000
     132   195   225    31    0.3067500000
     132   195   226    63    0.0012000000
     132   195   256    64    0.0000750000
     132   225   226    64    0.0006750000
     132   225   256    65    0.0000000000
     132   226   256    31    0.0000000000
     132   133   163    31    0.0057000000
     132   133   164    63    0.0000000000
     132   133   194    64    0.0014250000
     132   133   195    96    0.0243750000
     132   133   225    97    0.0003750000
     132   133   226    63    0.0013500000
     132   133   256    64    0.0018000000
     132   163   164    64    0.0000000000
     132   163   194    65    0.0000000000
     132   163   195    97    0.0005250000
     132   163   225    98    0.0000000000
     132   163   226    64    0.0000750000
     132   163   256    65    0.0000000000
     132   164   194    31    0.0000000000
     132   164   195    63    0.0001500000
     132   164   225    64    0.0000000000
     132   164   226    96    0.0000000000
     132   164   256    97    0.0000000000
     132   194   195    64    0.0062250000
     132   194   225    65    0.0002250000
     132   194   226    97    0.0000750000
     132   194   256    98    0.0002250000
     132   195   225    31    0.0020250000
     132   195   226    63    0.0310500000
     132   195   256    64    0.0310500000
     132   225   226    64    0.0000750000
     132   225   256    65    0.0000000000
     132   226   256    31    0.0049500000
     132   133   163    31    0.0693750000
     132   133   164    63    0.0747000000
     132   133   194    64    0.0000750000
     132   133   195    96    0.0000000000
     132   133   225    97    0.1500750000
     132   133   226    63    0.5052000000
     132   133   256    64    0.0000000000
     132   163   164    64    0.0282750000
     132   163   194    65    0.0000750000
     132   163   195    97    0.0000000000
     132   163   225    98    0.0560250000
     132   163   226    64    0.0789000000
     132   163   256    65    0.0000000000
     132   164   194    31    0.0002250000
     132   164   195    63    0.0000000000
     132   164   225    64    0.0462000000
     132   164   226    96    0.0435000000
     132   164   256    97    0.0000000000
     132   194   195    64    0.0000000000
     132   194   225    65    0.0006000000
     132   194   226    97    0.0000750000
     132   194   256    98    0.0000000000
     132   195   225    31    0.0000000000
     132   195   226    63    0.0000000000
     132   195   256    64    0.0000000000
     132   225   226    64    0.0916500000
     132   225   256    65    0.0000000000
     132   226   256    31    0.0000000000
     196   197   243    47    0.0035250000
     196   197   244    95    0.0000000000
     196   197   290    96    0.0000000000
     196   197   291   144    0.0000000000
     196   197   337   145    0.0000000000
     196   197   338    95    0.0044250000
     196   197   384    96    0.0000000000
     196   243   244    96    0.0000000000
     196   243   290    97    0.0000000000
     196   243   291   145    0.0000000000
     196   243   337   146    0.0000000000
     196   243   338    96    0.0059250000
     196   243   384    97    0.0000000000
     196   244   290    47    0.0000000000
     196   244   291    95    0.0000000000
     196   244   337    96    0.0000000000
     196   244   338   144    0.0000000000
     196   244   384   145    0.0000000000
     196   290   291    96    0.0000000000
     196   290   337    97    0.0076500000
     196   290   338   145    0.0000000000
     196   290   384   146    0.0000000000
     196   291   337    47    0.0000750000
     196   291   338    95    0.0000000000
     196   291   384    96    0.0000000000
     196   337   338    96    0.0000750000
     196   337   384    97    0.0000000000
     196   338   384    47    0.0000000000
     196   197   243    47    0.0000000000
     196   197   244    95    0.0000000000
     196   197   290    96    0.0000000000
     196   197   291   144    0.0000750000
     196   197   337   145    0.0000000000
     196   197   338    95    0.0000000000
     196   197   384    96    0.0000000000
     196   243   244    96    0.0000750000
     196   243   290    97    0.0000000000
     196   243   291   145    0.0000750000
     196   243   337   146    0.0000000000
     196   243   338    96    0.0000750000
     196   243   384    97    0.0000000000
     196   244   290    47    0.0121500000
     196   244   291    95    0.0096000000
     196   244   337    96    0.0000000000
     196   244   338   144    0.0000000000
     196   244   384   145    0.0000000000
     196   290   291    96    0.0060750000
     196   290   337    97    0.0000750000
     196   290   338   145    0.0000000000
     196   290   384   146    0.0000000000
     196   291   337    47    0.0011250000
     196   291   338    95    0.0000000000
     196   291   384    96    0.0000000000
     196   337   338    96    0.0000000000
     196   337   384    97    0.0000000000
     196   338   384    47    0.0000000000
     196   197   243    47    0.0001500000
     196   197   244    95    0.0000000000
     196   197   290    96    0.0000000000
     196   197   291   144    0.0000000000
     196   197   337   145    0.0000000000
     196   197   338    95    0.0000000000
     196   197   384    96    0.0000000000
     196   243   244    96    0.0000000000
     196   243   290    97    0.0000000000
     196   243   291   145    0.0000000000
     196   243   337   146    0.0000000000
     196   243   338    96    0.0000000000
     196   243   384    97    0.0000000000
     196   244   290    47    0.0000000000
     196   244   291    95    0.2862750000
     196   244   337    96    0.0006750000
     196   244   338   144    0.0000000000
     196   244   384   145    0.0000000000
     196   290   291    96    0.0000000000
     196   290   337    97    0.0000000000
     196   290   338   145    0.0000000000
     196   290   384   146    0.0000000000
     196   291   337    47    0.0003000000
     196   291   338    95    0.0000000000
     196   291   384    96    0.0000000000
     196   337   338    96    0.0000000000
     196   337   384    97    0.0000000000
     196   338   384    47    0.0037500000
     196   197   243    47    0.0000000000
     196   197   244    95    0.0000000000
     196   197   290    96    0.0000000000
     196   197   291   144    0.0000000000
     196   197   337   145    0.0000000000
     196   197   338    95    0.0000000000
     196   197   384    96    0.0000000000
     196   243   244    96    0.0000000000
     196   243   290    97    0.0000000000
     196   243   291   145    0.0000000000
     196   243   337   146    0.0016500000
     196   243   338    96    0.0165750000
     196   243   384    97    0.0000000000
     196   244   290    47    0.0000000000
     196   244   291    95    0.0000000000
     196   244   337    96    0.0000000000
     196   244   338   144    0.0000000000
     196   244   384   145    0.0000000000
     196   290   291    96    0.0000000000
     196   290   337    97    0.0000000000
     196   290   338   145    0.0000000000
     196   290   384   146    0.0000000000
     196   291   337    47    0.0001500000
     196   291   338    95    0.0004500000
     196   291   384    96    0.0000000000
     196   337   338    96    0.0842250000
     196   337   384    97    0.0001500000
     196   338   384    47    0.0020250000
     196   197   243    47    0.0000000000
     196   197   244    95    0.0000000000
     196   197   290    96    0.0000000000
     196   197   291   144    0.0021750000
     196   197   337   145    0.0001500000
     196   197   338    95    0.0000000000
     196   197   384    96    0.0000000000
     196   243   244    96    0.0000000000
     196   243   290    97    0.0000000000
     196   243   291   145    0.0000000000
     196   243   337   146    0.0000000000
     196   243   338    96    0.0000000000
     196   243   384    97    0.0000000000
     196   244   290    47    0.0000000000
     196   244   291    95    0.0006750000
     196   244   337    96    0.0001500000
     196   244   338   144    0.0000000000
     196   244   384   145    0.0000000000
     196   290   291    96    0.0000000000
     196   290   337    97    0.0000000000
     196   290   338   145    0.0000000000
     196   290   384   146    0.0000000000
     196   291   337    47    0.0408000000
     196   291   338    95    0.0000000000
     196   291   384    96    0.0001500000
     196   337   338    96    0.0000000000
     196   337   384    97    0.0000750000
     196   338   384    47    0.0000000000
     196   197   243    47    0.0000000000
     196   197   244    95    0.0000000000
     196   197   290    96    0.0000000000
     196   197   291   144    0.0000000000
     196   197   337   145    0.0000000000
     196   197   338    95    0.0000000000
     196   197   384    96    0.0000000000
     196   243   244    96    0.0000000000
     196   243   290    97    0.0000000000
     196   243   291   145    0.0000750000
     196   243   337   146    0.0000000000
     196   243   338    96    0.0000750000
     196   243   384    97    0.0000000000
     196   244   290    47    0.0014250000
     196   244   291    95    0.0000000000
     196   244   337    96    0.0000000000
     196   244   338   144    0.0000750000
     196   244   384   145    0.0000000000
     196   290   291    96    0.0000750000
     196   290   337    97    0.0087000000
     196   290   338   145    0.0266250000
     196   290   384   146    0.0000000000
     196   291   337    47    0.0000000000
     196   291   338    95    0.0000000000
     196   291   384    96    0.0000000000
     196   337   338    96    0.0021750000
     196   337   384    97    0.0000000000
     196   338   384    47    0.0000000000
     196   197   243    47    0.0028500000
     196   197   244    95    0.0000000000
     196   197   290    96    0.0000000000
     196   197   291   144    0.0000000000
     196   197   337   145    0.0000000000
     196   197   338    95    0.0000000000
     196   197   384    96    0.0000000000
     196   243   244    96    0.0000000000
     196   243   290    97    0.0000000000
     196   243   291   145    0.0000750000
     196   243   337   146    0.0000000000
     196   243   338    96    0.0000750000
     196   243   384    97    0.0000750000
     196   244   290    47    0.0006000000
     196   244   291    95    0.0000000000
     196   244   337    96    0.0000000000
     196   244   338   144    0.0000000000
     196   244   384   145    0.0000000000
     196   290   291    96    0.0000000000
     196   290   337    97    0.0000000000
     196   290   338   145    0.0000000000
     196   290   384   146    0.0000000000
     196   291   337    47    0.0000000000
     196   291   338    95    0.0000000000
     196   291   384    96    0.0000000000
     196   337   338    96    0.0000000000
     196   337   384    97    0.0000000000
     196   338   384    47    0.0030750000
     196   197   243    47    0.0002250000
     196   197   244    95    0.0000000000
     196   197   290    96    0.0000000000
     196   197   291   144    0.0000000000
     196   197   337   145    0.0000000000
     196   197   338    95    0.0000000000
     196   197   384    96    0.0000000000
     196   243   244    96    0.0000000000
     196   243   290    97    0.0000000000
     196   243   291   145    0.0000000000
     196   243   337   146    0.0000000000
     196   243   338    96    0.0000000000
     196   243   384    97    0.0000000000
     196   244   290    47    0.0000000000
     196   244   291    95    0.0000000000
     196   244   337    96    0.0000000000
     196   244   338   144    0.0000000000
     196   244   384   145    0.0000000000
     196   290   291    96    0.0000000000
     196   290   337    97    0.0000000000
     196   290   338   145    0.0000000000
     196   290   384   146    0.0000000000
     196   291   337    47    0.0000000000
     196   291   338    95    0.0000000000
     196   291   384    96    0.0000000000
     196   337   338    96    0.0000000000
     196   337   384    97    0.0000000000
     196   338   384    47    0.0000000000
     196   197   243    47    0.0000000000
     196   197   244    95    0.0000000000
     196   197   290    96    0.0000000000
     196   197   291   144    0.0000000000
     196   197   337   145    0.0000000000
     196   197   338    95    0.0000000000
     196   197   384    96    0.0000000000
     196   243   244    96    0.0000000000
     196   243   290    97    0.0000000000
     196   243   291   145    0.0000000000
     196   243   337   146    0.0000000000
     196   243   338    96    0.0000000000
     196   243   384    97    0.0000000000
     196   244   290    47    0.0000000000
     196   244   291    95    0.0000000000
     196   244   337    96    0.0000000000
     196   244   338   144    0.0000000000
     196   244   384   145    0.0000000000
     196   290   291    96    0.0000000000
     196   290   337    97    0.0000000000
     196   290   338   145    0.0000000000
     196   290   384   146    0.0000000000
     196   291   337    47    0.0000000000
     196   291   338    95    0.0000000000
     196   291   384    96    0.0000000000
     196   337   338    96    0.0000000000
     196   337   384    97    0.0000000000
     196   338   384    47    0.0000000000
     196   197   243    47    0.0066000000
     196   197   244    95    0.0051000000
     196   197   290    96    0.0061500000
     196   197   291   144    0.0042000000
     196   197   337   145    0.0028500000
     196   197   338    95    0.0000000000
     196   197   384    96    0.0000000000
     196   243   244    96    0.0034500000
     196   243   290    97    0.0040500000
     196   243   291   145    0.0030750000
     196   243   337   146    0.0009750000
     196   243   338    96    0.0000000000
     196   243   384    97    0.0000000000
     196   244   290    47    0.0051000000
     196   244   291    95    0.0075000000
     196   244   337    96    0.0063000000
     196   244   338   144    0.0000000000
     196   244   384   145    0.0000000000
     196   290   291    96    0.0069000000
     196   290   337    97    0.0038250000
     196   290   338   145    0.0000000000
     196   290   384   146    0.0000000000
     196   291   337    47    0.0157500000
     196   291   338    95    0.0000000000
     196   291   384    96    0.0000750000
     196   337   338    96    0.0000000000
     196   337   384    97    0.0001500000
     196   338   384    47    0.0000000000
     260   261   323    63    0.0140250000
     260   261   324   127    0.0000000000
     260   261   386   128    0.0000000000
     260   261   387   192    0.0000000000
     260   261   449   193    0.0000000000
     260   261   450   127    0.0000000000
     260   261   512   128    0.0024750000
     260   323   324   128    0.0000000000
     260   323   386   129    0.0000000000
     260   323   387   193    0.0000000000
     260   323   449   194    0.0000000000
     260   323   450   128    0.0000000000
     260   323   512   129    0.0322500000
     260   324   386    63    0.0000000000
     260   324   387   127    0.0000000000
     260   324   449   128    0.0000000000
     260   324   450   192    0.0000000000
     260   324   512   193    0.0000000000
     260   386   387   128    0.0000000000
     260   386   449   129    0.0000000000
     260   386   450   193    0.0000000000
     260   386   512   194    0.0000000000
     260   387   449    63    0.0000000000
     260   387   450   127    0.0000000000
     260   387   512   128    0.0000000000
     260   449   450   128    0.0000000000
     260   449   512   129    0.0000000000
     260   450   512    63    0.0000000000
     260   261   323    63    0.0000000000
     260   261   324   127    0.0000000000
     260   261   386   128    0.0000000000
     260   261   387   192    0.0000000000
     260   261   449   193    0.0000000000
     260   261   450   127    0.0000000000
     260   261   512   128    0.0000000000
     260   323   324   128    0.0000000000
     260   323   386   129    0.0000000000
     260   323   387   193    0.0000000000
     260   323   449   194    0.0000000000
     260   323   450   128    0.0000000000
     260   323   512   129    0.0000000000
     260   324   386    63    0.0000000000
     260   324   387   127    0.0000000000
     260   324   449   128    0.0000000000
     260   324   450   192    0.0000000000
     260   324   512   193    0.0000000000
     260   386   387   128    0.0000000000
     260   386   449   129    0.0000000000
     260   386   450   193    0.0000000000
     260   386   512   194    0.0000000000
     260   387   449    63    0.0000750000
     260   387   450   127    0.0000000000
     260   387   512   128    0.0000750000
     260   449   450   128    0.0024750000
     260   449   512   129    0.0091500000
     260   450   512    63    0.0021750000
     260   261   323    63    0.0000000000
     260   261   324   127    0.0000000000
     260   261   386   128    0.0000000000
     260   261   387   192    0.0000000000
     260   261   449   193    0.0000000000
     260   261   450   127    0.0000000000
     260   261   512   128    0.0000000000
     260   323   324   128    0.0000000000
     260   323   386   129    0.0000000000
     260   323   387   193    0.0000000000
     260   323   449   194    0.0000000000
     260   323   450   128    0.0000000000
     260   323   512   129    0.0000000000
     260   324   386    63    0.0000000000
     260   324   387   127    0.0000000000
     260   324   449   128    0.0000000000
     260   324   450   192    0.0000000000
     260   324   512   193    0.0000000000
     260   386   387   128    0.0000000000
     260   386   449   129    0.0000000000
     260   386   450   193    0.0000000000
     260   386   512   194    0.0000000000
     260   387   449    63    0.0000000000
     260   387   450   127    0.0000000000
     260   387   512   128    0.0000000000
     260   449   450   128    0.0000000000
     260   449   512   129    0.0000000000
     260   450   512    63    0.0000000000
     260   261   323    63    0.0015750000
     260   261   324   127    0.0000000000
     260   261   386   128    0.0000000000
     260   261   387   192    0.0000000000
     260   261   449   193    0.0000000000
     260   261   450   127    0.0000000000
     260   261   512   128    0.0000000000
     260   323   324   128    0.0000000000
     260   323   386   129    0.0000000000
     260   323   387   193    0.0000000000
     260   323   449   194    0.0000000000
     260   323   450   128    0.0000000000
     260   323   512   129    0.0000000000
     260   324   386    63    0.0110250000
     260   324   387   127    0.0000000000
     260   324   449   128    0.0000000000
     260   324   450   192    0.0000000000
     260   324   512   193    0.0000000000
     260   386   387   128    0.0000000000
     260   386   449   129    0.0000000000
     260   386   450   193    0.0000000000
     260   386   512   194    0.0000000000
     260   387   449    63    0.0000000000
     260   387   450   127    0.0000000000
     260   387   512   128    0.0000000000
     260   449   450   128    0.0029250000
     260   449   512   129    0.0175500000
     260   450   512    63    0.0228750000
     260   261   323    63    0.0000000000
     260   261   324   127    0.0000000000
     260   261   386   128    0.0000000000
     260   261   387   192    0.0000000000
     260   261   449   193    0.0000000000
     260   261   450   127    0.0000000000
     260   261   512   128    0.0000000000
     260   323   324   128    0.0000000000
     260   323   386   129    0.0000000000
     260   323   387   193    0.0000000000
     260   323   449   194    0.0000000000
     260   323   450   128    0.0000000000
     260   323   512   129    0.0000000000
     260   324   386    63    0.0002250000
     260   324   387   127    0.0000000000
     260   324   449   128    0.0000000000
     260   324   450   192    0.0000000000
     260   324   512   193    0.0000000000
     260   386   387   128    0.0000000000
     260   386   449   129    0.0000000000
     260   386   450   193    0.0000000000
     260   386   512   194    0.0000000000
     260   387   449    63    0.0000000000
     260   387   450   127    0.0000750000
     260   387   512   128    0.0000000000
     260   449   450   128    0.0000000000
     260   449   512   129    0.0000000000
     260   450   512    63    0.0000000000
     260   261   323    63    0.0000000000
     260   261   324   127    0.0000000000
     260   261   386   128    0.0000000000
     260   261   387   192    0.0000000000
     260   261   449   193    0.0000000000
     260   261   450   127    0.0002250000
     260   261   512   128    0.0027000000
     260   323   324   128    0.0000000000
     260   323   386   129    0.0000000000
     260   323   387   193    0.0000000000
     260   323   449   194    0.0000000000
     260   323   450   128    0.0000000000
     260   323   512   129    0.0000000000
     260   324   386    63    0.0000000000
     260   324   387   127    0.0000000000
     260   324   449   128    0.0158250000
     260   324   450   192    0.0000000000
     260   324   512   193    0.0000000000
     260   386   387   128    0.0000000000
     260   386   449   129    0.0000000000
     260   386   450   193    0.0000000000
     260   386   512   194    0.0000000000
     260   387   449    63    0.0000750000
     260   387   450   127    0.0000000000
     260   387   512   128    0.0000000000
     260   449   450   128    0.0000000000
     260   449   512   129    0.0000000000
     260   450   512    63    0.0000000000
     260   261   323    63    0.0000000000
     260   261   324   127    0.0000000000
     260   261   386   128    0.0000000000
     260   261   387   192    0.0000000000
     260   261   449   193    0.0000000000
     260   261   450   127    0.0000000000
     260   261   512   128    0.0000000000
     260   323   324   128    0.0001500000
     260   323   386   129    0.0000000000
     260   323   387   193    0.0000000000
     260   323   449   194    0.0000000000
     260   323   450   128    0.0000000000
     260   323   512   129    0.0000000000
     260   324   386    63    0.0000000000
     260   324   387   127    0.0000000000
     260   324   449   128    0.0000000000
     260   324   450   192    0.0000000000
     260   324   512   193    0.0000000000
     260   386   387   128    0.0000000000
     260   386   449   129    0.0000000000
     260   386   450   193    0.0000000000
     260   386   512   194    0.0000000000
     260   387   449    63    0.0000000000
     260   387   450   127    0.0000000000
     260   387   512   128    0.0000000000
     260   449   450   128    0.0000000000
     260   449   512   129    0.0000000000
     260   450   512    63    0.0000000000
     260   261   323    63    0.0000000000
     260   261   324   127    0.0002250000
     260   261   386   128    0.0005250000
     260   261   387   192    0.0000000000
     260   261   449   193    0.0048750000
     260   261   450   127    0.0000000000
     260   261   512   128    0.0000000000
     260   323   324   128    0.0000000000
     260   323   386   129    0.0000000000
     260   323   387   193    0.0000000000
     260   323   449   194    0.0000000000
     260   323   450   128    0.0000000000
     260   323   512   129    0.0000000000
     260   324   386    63    0.0000000000
     260   324   387   127    0.0000000000
     260   324   449   128    0.0000000000
     260   324   450   192    0.0000000000
     260   324   512   193    0.0000000000
     260   386   387   128    0.0000000000
     260   386   449   129    0.0001500000
     260   386   450   193    0.0000000000
     260   386   512   194    0.0000000000
     260   387   449    63    0.0000000000
     260   387   450   127    0.0000000000
     260   387   512   128    0.0000000000
     260   449   450   128    0.0000000000
     260   449   512   129    0.0000000000
     260   450   512    63    0.0000000000
     260   261   323    63    0.0000000000
     260   261   324   127    0.0000000000
     260   261   386   128    0.0000000000
     260   261   387   192    0.0000000000
     260   261   449   193    0.0000000000
     260   261   450   127    0.0000000000
     260   261   512   128    0.0000000000
     260   323   324   128    0.0000000000
     260   323   386   129    0.0000000000
     260   323   387   193    0.0000000000
     260   323   449   194    0.0000000000
     260   323   450   128    0.0000000000
     260   323   512   129    0.0000000000
     260   324   386    63    0.0000000000
     260   324   387   127    0.0000000000
     260   324   449   128    0.0009000000
     260   324   450   192    0.0000000000
     260   324   512   193    0.0000000000
     260   386   387   128    0.0000000000
     260   386   449   129    0.0000000000
     260   386   450   193    0.0000000000
     260   386   512   194    0.0000000000
     260   387   449    63    0.0000000000
     260   387   450   127    0.0000000000
     260   387   512   128    0.0000000000
     260   449   450   128    0.0000000000
     260   449   512   129    0.0000000000
     260   450   512    63    0.0000000000
     260   261   323    63    0.0000000000
     260   261   324   127    0.0007500000
     260   261   386   128    0.0000000000
     260   261   387   192    0.0162750000
     260   261   449   193    0.0037500000
     260   261   450   127    0.0787500000
     260   261   512   128    0.0000000000
     260   323   324   128    0.0000000000
     260   323   386   129    0.0000000000
     260   323   387   193    0.0000000000
     260   323   449   194    0.0000000000
     260   323   450   128    0.0000000000
     260   323   512   129    0.0000000000
     260   324   386    63    0.0000000000
     260   324   387   127    0.0000000000
     260   324   449   128    0.0000000000
     260   324   450   192    0.0002250000
     260   324   512   193    0.0000000000
     260   386   387   128    0.0000000000
     260   386   449   129    0.0000000000
     260   386   450   193    0.0000000000
     260   386   512   194    0.0000000000
     260   387   449    63    0.1817250000
     260   387   450   127    0.1347000000
     260   387   512   128    0.0000750000
     260   449   450   128    0.0528750000
     260   449   512   129    0.0000750000
     260   450   512    63    0.0000750000
     260   261   323    63    0.0000000000
     260   261   324   127    0.0000750000
     260   261   386   128    0.0000000000
     260   261   387   192    0.0000000000
     260   261   449   193    0.0000000000
     260   261   450   127    0.0000000000
     260   261   512   128    0.0000000000
     260   323   324   128    0.0000000000
     260   323   386   129    0.0000000000
     260   323   387   193    0.0000000000
     260   323   449   194    0.0000000000
     260   323   450   128    0.0000000000
     260   323   512   129    0.0000000000
     260   324   386    63    0.0000000000
     260   324   387   127    0.0000000000
     260   324   449   128    0.0000000000
     260   324   450   192    0.0000000000
     260   324   512   193    0.0001500000
     260   386   387   128    0.0000000000
     260   386   449   129    0.0000000000
     260   386   450   193    0.0000000000
     260   386   512   194    0.0000000000
     260   387   449    63    0.0000000000
     260   387   450   127    0.0000000000
     260   387   512   128    0.0000000000
     260   449   450   128    0.0000000000
     260   449   512   129    0.0000000000
     260   450   512    63    0.0000000000
     260   261   323    63    0.0000000000
     260   261   324   127    0.0000000000
     260   261   386   128    0.0000000000
     260   261   387   192    0.0000000000
     260   261   449   193    0.0000000000
     260   261   450   127    0.0000000000
     260   261   512   128    0.0000000000
     260   323   324   128    0.0000000000
     260   323   386   129    0.0000000000
     260   323   387   193    0.0000000000
     260   323   449   194    0.0000000000
     260   323   450   128    0.0000000000
     260   323   512   129    0.0000000000
     260   324   386    63    0.0000000000
     260   324   387   127    0.0000000000
     260   324   449   128    0.0000000000
     260   324   450   192    0.0000000000
     260   324   512   193    0.0000000000
     260   386   387   128    0.0000000000
     260   386   449   129    0.0000000000
     260   386   450   193    0.0000000000
     260   386   512   194    0.0000000000
     260   387   449    63    0.0009000000
     260   387   450   127    0.0000000000
     260   387   512   128    0.0000000000
     260   449   450   128    0.0000000000
     260   449   512   129    0.0000000000
     260   450   512    63    0.0000000000
     260   261   323    63    0.0000000000
     260   261   324   127    0.0000000000
     260   261   386   128    0.0000000000
     260   261   387   192    0.0000000000
     260   261   449   193    0.0000000000
     260   261   450   127    0.0000000000
     260   261   512   128    0.0000000000
     260   323   324   128    0.0000000000
     260   323   386   129    0.0000000000
     260   323   387   193    0.0000000000
     260   323   449   194    0.0000000000
     260   323   450   128    0.0000000000
     260   323   512   129    0.0000000000
     260   324   386    63    0.0000000000
     260   324   387   127    0.0000000000
     260   324   449   128    0.0000000000
     260   324   450   192    0.0000000000
     260   324   512   193    0.0000000000
     260   386   387   128    0.0000000000
     260   386   449   129    0.0000000000
     260   386   450   193    0.0000000000
     260   386   512   194    0.0000000000
     260   387   449    63    0.0000000000
     260   387   450   127    0.0000000000
     260   387   512   128    0.0000000000
     260   449   450   128    0.0000000000
     260   449   512   129    0.0000000000
     260   450   512    63    0.0001500000
     260   261   323    63    0.0000000000
     260   261   324   127    0.0000000000
     260   261   386   128    0.0024000000
     260   261   387   192    0.0002250000
     260   261   449   193    0.0000000000
     260   261   450   127    0.0000000000
     260   261   512   128    0.0000000000
     260   323   324   128    0.0000000000
     260   323   386   129    0.0000000000
     260   323   387   193    0.0000000000
     260   323   449   194    0.0000000000
     260   323   450   128    0.0000000000
     260   323   512   129    0.0000000000
     260   324   386    63    0.0000750000
     260   324   387   127    0.0000000000
     260   324   449   128    0.0000000000
     260   324   450   192    0.0000000000
     260   324   512   193    0.0000000000
     260   386   387   128    0.0001500000
     260   386   449   129    0.0000000000
     260   386   450   193    0.0000000000
     260   386   512   194    0.0000000000
     260   387   449    63    0.0019500000
     260   387   450   127    0.0000750000
     260   387   512   128    0.0000000000
     260   449   450   128    0.0000000000
     260   449   512   129    0.0000000000
     260   450   512    63    0.0000000000
