      36    37    43     7    0.1029750000
      36    37    44    15    0.0350250000
      36    37    50    16    0.0416250000
      36    37    51    24    0.0008250000
      36    37    57    25    0.0048000000
      36    37    58    15    0.0041250000
      36    37    64    16    0.0073500000
      36    43    44    16    0.0123750000
      36    43    50    17    0.0155250000
      36    43    51    25    0.0003000000
      36    43    57    26    0.0015000000
      36    43    58    16    0.0013500000
      36    43    64    17    0.0025500000
      36    44    50     7    0.1681500000
      36    44    51    15    0.0025500000
      36    44    57    16    0.0204750000
      36    44    58    24    0.0143250000
      36    44    64    25    0.0270750000
      36    50    51    16    0.0036750000
      36    50    57    17    0.0240000000
      36    50    58    25    0.0206250000
      36    50    64    26    0.0349500000
      36    51    57     7    0.0135750000
      36    51    58    15    0.0051000000
      36    51    64    16    0.0044250000
      36    57    58    16    0.0387000000
      36    57    64    17    0.0382500000
      36    58    64     7    0.1563000000
      36    37    43     7    0.0056250000
      36    37    44    15    0.0313500000
      36    37    50    16    0.0002250000
      36    37    51    24    0.0012000000
      36    37    57    25    0.0004500000
      36    37    58    15    0.0031500000
      36    37    64    16    0.0023250000
      36    43    44    16    0.0015750000
      36    43    50    17    0.0000000000
      36    43    51    25    0.0000000000
      36    43    57    26    0.0000750000
      36    43    58    16    0.0000750000
      36    43    64    17    0.0000750000
      36    44    50     7    0.0044250000
      36    44    51    15    0.0309000000
      36    44    57    16    0.0105750000
      36    44    58    24    0.0337500000
      36    44    64    25    0.0035250000
      36    50    51    16    0.0007500000
      36    50    57    17    0.0000000000
      36    50    58    25    0.0005250000
      36    50    64    26    0.0000000000
      36    51    57     7    0.0200250000
      36    51    58    15    0.0167250000
      36    51    64    16    0.0011250000
      36    57    58    16    0.0062250000
      36    57    64    17    0.0006000000
      36    58    64     7    0.0020250000
      36    37    43     7    0.0059250000
      36    37    44    15    0.0001500000
      36    37    50    16    0.0000000000
      36    37    51    24    0.0001500000
      36    37    57    25    0.0000000000
      36    37    58    15    0.0000000000
      36    37    64    16    0.0000750000
      36    43    44    16    0.0000750000
      36    43    50    17    0.0000000000
      36    43    51    25    0.0000000000
      36    43    57    26    0.0000000000
      36    43    58    16    0.0000000000
      36    43    64    17    0.0000000000
      36    44    50     7    0.0002250000
      36    44    51    15    0.0026250000
      36    44    57    16    0.0000000000
      36    44    58    24    0.0000750000
      36    44    64    25    0.0000000000
      36    50    51    16    0.0000000000
      36    50    57    17    0.0000000000
      36    50    58    25    0.0000000000
      36    50    64    26    0.0000000000
      36    51    57     7    0.0475500000
      36    51    58    15    0.0058500000
      36    51    64    16    0.0011250000
      36    57    58    16    0.0005250000
      36    57    64    17    0.0001500000
      36    58    64     7    0.1231500000
      36    37    43     7    0.0590250000
      36    37    44    15    0.0015750000
      36    37    50    16    0.0001500000
      36    37    51    24    0.0018000000
      36    37    57    25    0.0001500000
      36    37    58    15    0.0014250000
      36    37    64    16    0.0024750000
      36    43    44    16    0.0009750000
      36    43    50    17    0.0002250000
      36    43    51    25    0.0006750000
      36    43    57    26    0.0000750000
      36    43    58    16    0.0006000000
      36    43    64    17    0.0003000000
      36    44    50     7    0.0941250000
      36    44    51    15    0.5762250000
      36    44    57    16    0.0649500000
      36    44    58    24    0.0013500000
      36    44    64    25    0.0021750000
      36    50    51    16    0.0555750000
      36    50    57    17    0.0171750000
      36    50    58    25    0.0000000000
      36    50    64    26    0.0006000000
      36    51    57     7    0.0882750000
      36    51    58    15    0.0021750000
      36    51    64    16    0.0029250000
      36    57    58    16    0.0008250000
      36    57    64    17    0.0010500000
      36    58    64     7    0.0719250000
      36    37    43     7    0.0045000000
      36    37    44    15    0.0000000000
      36    37    50    16    0.0009000000
      36    37    51    24    0.0000750000
      36    37    57    25    0.0000750000
      36    37    58    15    0.0000750000
      36    37    64    16    0.0000000000
      36    43    44    16    0.0000000000
      36    43    50    17    0.0036750000
      36    43    51    25    0.0000000000
      36    43    57    26    0.0000000000
      36    43    58    16    0.0000750000
      36    43    64    17    0.0000000000
      36    44    50     7    0.0009000000
      36    44    51    15    0.0000000000
      36    44    57    16    0.0000000000
      36    44    58    24    0.0000000000
      36    44    64    25    0.0000000000
      36    50    51    16    0.0003000000
      36    50    57    17    0.0011250000
      36    50    58    25    0.0012750000
      36    50    64    26    0.0000000000
      36    51    57     7    0.0624000000
      36    51    58    15    0.0608250000
      36    51    64    16    0.0003000000
      36    57    58    16    0.1422750000
      36    57    64    17    0.0006000000
      36    58    64     7    0.0028500000
      36    37    43     7    0.0006000000
      36    37    44    15    0.1218000000
      36    37    50    16    0.0320250000
      36    37    51    24    0.0066750000
      36    37    57    25    0.0150750000
      36    37    58    15    0.1768500000
      36    37    64    16    0.0004500000
      36    43    44    16    0.0012750000
      36    43    50    17    0.0004500000
      36    43    51    25    0.0000000000
      36    43    57    26    0.0000750000
      36    43    58    16    0.0009750000
      36    43    64    17    0.0000000000
      36    44    50     7    0.1833000000
      36    44    51    15    0.0377250000
      36    44    57    16    0.0795000000
      36    44    58    24    0.2489250000
      36    44    64    25    0.0014250000
      36    50    51    16    0.0128250000
      36    50    57    17    0.0570000000
      36    50    58    25    0.1320000000
      36    50    64    26    0.0014250000
      36    51    57     7    0.0207000000
      36    51    58    15    0.0320250000
      36    51    64    16    0.0000000000
      36    57    58    16    0.0654750000
      36    57    64    17    0.0004500000
      36    58    64     7    0.0012000000
      36    37    43     7    0.0022500000
      36    37    44    15    0.1412250000
      36    37    50    16    0.0023250000
      36    37    51    24    0.0446250000
      36    37    57    25    0.0042000000
      36    37    58    15    0.0016500000
      36    37    64    16    0.0004500000
      36    43    44    16    0.0018000000
      36    43    50    17    0.0000000000
      36    43    51    25    0.0002250000
      36    43    57    26    0.0000000000
      36    43    58    16    0.0000750000
      36    43    64    17    0.0000000000
      36    44    50     7    0.0028500000
      36    44    51    15    0.0555750000
      36    44    57    16    0.0048000000
      36    44    58    24    0.0018750000
      36    44    64    25    0.0005250000
      36    50    51    16    0.0101250000
      36    50    57    17    0.0008250000
      36    50    58    25    0.0000000000
      36    50    64    26    0.0000000000
      36    51    57     7    0.0645000000
      36    51    58    15    0.0006000000
      36    51    64    16    0.0001500000
      36    57    58    16    0.0000750000
      36    57    64    17    0.0000000000
      36    58    64     7    0.0584250000
      36    37    43     7    0.0854250000
      36    37    44    15    0.0004500000
      36    37    50    16    0.0000000000
      36    37    51    24    0.0000000000
      36    37    57    25    0.0000000000
      36    37    58    15    0.0062250000
      36    37    64    16    0.0055500000
      36    43    44    16    0.0000750000
      36    43    50    17    0.0000000000
      36    43    51    25    0.0000000000
      36    43    57    26    0.0000000000
      36    43    58    16    0.0016500000
      36    43    64    17    0.0021000000
      36    44    50     7    0.0025500000
      36    44    51    15    0.0499500000
      36    44    57    16    0.0174000000
      36    44    58    24    0.0000000000
      36    44    64    25    0.0000000000
      36    50    51    16    0.0003750000
      36    50    57    17    0.0001500000
      36    50    58    25    0.0000000000
      36    50    64    26    0.0000000000
      36    51    57     7    0.0180750000
      36    51    58    15    0.0000750000
      36    51    64    16    0.0000000000
      36    57    58    16    0.0000000000
      36    57    64    17    0.0000000000
      36    58    64     7    0.0108000000
      36    37    43     7    0.0000000000
      36    37    44    15    0.0003000000
      36    37    50    16    0.0000750000
      36    37    51    24    0.0423000000
      36    37    57    25    0.0054750000
      36    37    58    15    0.2264250000
      36    37    64    16    0.0093750000
      36    43    44    16    0.0000000000
      36    43    50    17    0.0000000000
      36    43    51    25    0.0000000000
      36    43    57    26    0.0000000000
      36    43    58    16    0.0000000000
      36    43    64    17    0.0000000000
      36    44    50     7    0.0000000000
      36    44    51    15    0.0015000000
      36    44    57    16    0.0000750000
      36    44    58    24    0.0007500000
      36    44    64    25    0.0000750000
      36    50    51    16    0.0002250000
      36    50    57    17    0.0000750000
      36    50    58    25    0.0003000000
      36    50    64    26    0.0000000000
      36    51    57     7    0.0308250000
      36    51    58    15    0.1662750000
      36    51    64    16    0.0091500000
      36    57    58    16    0.0258750000
      36    57    64    17    0.0010500000
      36    58    64     7    0.0218250000
      36    37    43     7    0.0105750000
      36    37    44    15    0.6249750000
      36    37    50    16    0.0129000000
      36    37    51    24    0.0000000000
      36    37    57    25    0.0003750000
      36    37    58    15    0.0026250000
      36    37    64    16    0.0033000000
      36    43    44    16    0.0114750000
      36    43    50    17    0.0005250000
      36    43    51    25    0.0000000000
      36    43    57    26    0.0000000000
      36    43    58    16    0.0004500000
      36    43    64    17    0.0003750000
      36    44    50     7    0.0153000000
      36    44    51    15    0.0000750000
      36    44    57    16    0.0003000000
      36    44    58    24    0.0025500000
      36    44    64    25    0.0035250000
      36    50    51    16    0.0000000000
      36    50    57    17    0.0005250000
      36    50    58    25    0.0000000000
      36    50    64    26    0.0001500000
      36    51    57     7    0.0081750000
      36    51    58    15    0.0000000000
      36    51    64    16    0.0000000000
      36    57    58    16    0.0000750000
      36    57    64    17    0.0000000000
      36    58    64     7    0.0347250000
      36    37    43     7    0.2997000000
      36    37    44    15    0.0007500000
      36    37    50    16    0.0000000000
      36    37    51    24    0.0008250000
      36    37    57    25    0.0003750000
      36    37    58    15    0.0011250000
      36    37    64    16    0.0000750000
      36    43    44    16    0.0009000000
      36    43    50    17    0.0000000000
      36    43    51    25    0.0006000000
      36    43    57    26    0.0002250000
      36    43    58    16    0.0012750000
      36    43    64    17    0.0001500000
      36    44    50     7    0.0021750000
      36    44    51    15    0.1920000000
      36    44    57    16    0.0561750000
      36    44    58    24    0.0039750000
      36    44    64    25    0.0003750000
      36    50    51    16    0.0008250000
      36    50    57    17    0.0002250000
      36    50    58    25    0.0000000000
      36    50    64    26    0.0000000000
      36    51    57     7    0.0822750000
      36    51    58    15    0.0096750000
      36    51    64    16    0.0006750000
      36    57    58    16    0.0034500000
      36    57    64    17    0.0003750000
      36    58    64     7    0.0362250000
      36    37    43     7    0.0355500000
      36    37    44    15    0.0077250000
      36    37    50    16    0.0106500000
      36    37    51    24    0.0037500000
      36    37    57    25    0.0070500000
      36    37    58    15    0.0243750000
      36    37    64    16    0.0009000000
      36    43    44    16    0.0008250000
      36    43    50    17    0.0013500000
      36    43    51    25    0.0004500000
      36    43    57    26    0.0006750000
      36    43    58    16    0.0036000000
      36    43    64    17    0.0001500000
      36    44    50     7    0.0009750000
      36    44    51    15    0.0006750000
      36    44    57    16    0.0006000000
      36    44    58    24    0.0011250000
      36    44    64    25    0.0000750000
      36    50    51    16    0.0004500000
      36    50    57    17    0.0011250000
      36    50    58    25    0.0015750000
      36    50    64    26    0.0001500000
      36    51    57     7    0.0079500000
      36    51    58    15    0.0036000000
      36    51    64    16    0.0002250000
      36    57    58    16    0.0065250000
      36    57    64    17    0.0004500000
      36    58    64     7    0.0093000000
      36    37    43     7    0.0163500000
      36    37    44    15    0.0126750000
      36    37    50    16    0.0001500000
      36    37    51    24    0.0051750000
      36    37    57    25    0.0030000000
      36    37    58    15    0.1689000000
      36    37    64    16    0.0015000000
      36    43    44    16    0.0045750000
      36    43    50    17    0.0000000000
      36    43    51    25    0.0014250000
      36    43    57    26    0.0016500000
      36    43    58    16    0.0578250000
      36    43    64    17    0.0006000000
      36    44    50     7    0.0006000000
      36    44    51    15    0.0533250000
      36    44    57    16    0.0289500000
      36    44    58    24    0.0417750000
      36    44    64    25    0.0004500000
      36    50    51    16    0.0000750000
      36    50    57    17    0.0000750000
      36    50    58    25    0.0003000000
      36    50    64    26    0.0000000000
      36    51    57     7    0.0239250000
      36    51    58    15    0.0171750000
      36    51    64    16    0.0001500000
      36    57    58    16    0.0109500000
      36    57    64    17    0.0001500000
      36    58    64     7    0.0045000000
      36    37    43     7    0.1432500000
      36    37    44    15    0.0004500000
      36    37    50    16    0.0002250000
      36    37    51    24    0.0005250000
      36    37    57    25    0.0000000000
      36    37    58    15    0.0007500000
      36    37    64    16    0.0014250000
      36    43    44    16    0.0003000000
      36    43    50    17    0.0002250000
      36    43    51    25    0.0008250000
      36    43    57    26    0.0000000000
      36    43    58    16    0.0005250000
      36    43    64    17    0.0015750000
      36    44    50     7    0.2226750000
      36    44    51    15    0.3095250000
      36    44    57    16    0.0143250000
      36    44    58    24    0.0002250000
      36    44    64    25    0.0005250000
      36    50    51    16    0.1409250000
      36    50    57    17    0.0061500000
      36    50    58    25    0.0000750000
      36    50    64    26    0.0002250000
      36    51    57     7    0.0216000000
      36    51    58    15    0.0005250000
      36    51    64    16    0.0006750000
      36    57    58    16    0.0000750000
      36    57    64    17    0.0001500000
      36    58    64     7    0.0158250000
      36    37    43     7    0.1713000000
      36    37    44    15    0.0009000000
      36    37    50    16    0.0008250000
      36    37    51    24    0.0001500000
      36    37    57    25    0.0000000000
      36    37    58    15    0.0012750000
      36    37    64    16    0.0022500000
      36    43    44    16    0.0016500000
      36    43    50    17    0.0011250000
      36    43    51    25    0.0001500000
      36    43    57    26    0.0000000000
      36    43    58    16    0.0015000000
      36    43    64    17    0.0042750000
      36    44    50     7    0.0286500000
      36    44    51    15    0.0005250000
      36    44    57    16    0.0000000000
      36    44    58    24    0.0000000000
      36    44    64    25    0.0001500000
      36    50    51    16    0.0010500000
      36    50    57    17    0.0000000000
      36    50    58    25    0.0000750000
      36    50    64    26    0.0000750000
      36    51    57     7    0.0035250000
      36    51    58    15    0.0123000000
      36    51    64    16    0.0191250000
      36    57    58    16    0.0000750000
      36    57    64    17    0.0002250000
      36    58    64     7    0.3688500000
      36    37    43     7    0.0035250000
      36    37    44    15    0.4455000000
      36    37    50    16    0.0119250000
      36    37    51    24    0.0017250000
      36    37    57    25    0.0000750000
      36    37    58    15    0.0023250000
      36    37    64    16    0.0013500000
      36    43    44    16    0.0020250000
      36    43    50    17    0.0002250000
      36    43    51    25    0.0000000000
      36    43    57    26    0.0000000000
      36    43    58    16    0.0000000000
      36    43    64    17    0.0000000000
      36    44    50     7    0.0122250000
      36    44    51    15    0.0021000000
      36    44    57    16    0.0004500000
      36    44    58    24    0.0021750000
      36    44    64    25    0.0015000000
      36    50    51    16    0.0001500000
      36    50    57    17    0.0000750000
      36    50    58    25    0.0000000000
      36    50    64    26    0.0000750000
      36    51    57     7    0.0090750000
      36    51    58    15    0.0011250000
      36    51    64    16    0.0006000000
      36    57    58    16    0.0000750000
      36    57    64    17    0.0000000000
      36    58    64     7    0.3129750000
      36    37    43     7    0.0015750000
      36    37    44    15    0.0000750000
      36    37    50    16    0.0000000000
      36    37    51    24    0.0000000000
      36    37    57    25    0.0000000000
      36    37    58    15    0.0000000000
      36    37    64    16    0.0000000000
      36    43    44    16    0.0000000000
      36    43    50    17    0.0000000000
      36    43    51    25    0.0000750000
      36    43    57    26    0.0000750000
      36    43    58    16    0.0000000000
      36    43    64    17    0.0000000000
      36    44    50     7    0.0011250000
      36    44    51    15    0.0014250000
      36    44    57    16    0.0012750000
      36    44    58    24    0.0000000000
      36    44    64    25    0.0000000000
      36    50    51    16    0.0000750000
      36    50    57    17    0.0000750000
      36    50    58    25    0.0000000000
      36    50    64    26    0.0000000000
      36    51    57     7    0.0895500000
      36    51    58    15    0.0002250000
      36    51    64    16    0.0000000000
      36    57    58    16    0.0000750000
      36    57    64    17    0.0000000000
      36    58    64     7    0.0088500000
      36    37    43     7    0.0111750000
      36    37    44    15    0.0000750000
      36    37    50    16    0.0000750000
      36    37    51    24    0.0000000000
      36    37    57    25    0.0000000000
      36    37    58    15    0.0009750000
      36    37    64    16    0.0012000000
      36    43    44    16    0.0000750000
      36    43    50    17    0.0001500000
      36    43    51    25    0.0000000000
      36    43    57    26    0.0000000000
      36    43    58    16    0.0016500000
      36    43    64    17    0.0020250000
      36    44    50     7    0.0005250000
      36    44    51    15    0.0000000000
      36    44    57    16    0.0000000000
      36    44    58    24    0.0000000000
      36    44    64    25    0.0000750000
      36    50    51    16    0.0000000000
      36    50    57    17    0.0000000000
      36    50    58    25    0.0000000000
      36    50    64    26    0.0000000000
      36    51    57     7    0.0070500000
      36    51    58    15    0.0000000000
      36    51    64    16    0.0000000000
      36    57    58    16    0.0000000000
      36    57    64    17    0.0000000000
      36    58    64     7    0.2388750000
      36    37    43     7    0.0204000000
      36    37    44    15    0.0188250000
      36    37    50    16    0.0077250000
      36    37    51    24    0.0000750000
      36    37    57    25    0.0000750000
      36    37    58    15    0.0005250000
      36    37    64    16    0.0018000000
      36    43    44    16    0.0148500000
      36    43    50    17    0.0069000000
      36    43    51    25    0.0000000000
      36    43    57    26    0.0000750000
      36    43    58    16    0.0001500000
      36    43    64    17    0.0014250000
      36    44    50     7    0.0743250000
      36    44    51    15    0.0004500000
      36    44    57    16    0.0003750000
      36    44    58    24    0.0005250000
      36    44    64    25    0.0018750000
      36    50    51    16    0.0003000000
      36    50    57    17    0.0003000000
      36    50    58    25    0.0000750000
      36    50    64    26    0.0004500000
      36    51    57     7    0.0368250000
      36    51    58    15    0.0000000000
      36    51    64    16    0.0000000000
      36    57    58    16    0.0000000000
      36    57    64    17    0.0000000000
      36    58    64     7    0.0218250000
      36    37    43     7    0.0106500000
      36    37    44    15    0.0293250000
      36    37    50    16    0.0677250000
      36    37    51    24    0.0558750000
      36    37    57    25    0.0230250000
      36    37    58    15    0.1789500000
      36    37    64    16    0.0004500000
      36    43    44    16    0.0009000000
      36    43    50    17    0.0015750000
      36    43    51    25    0.0012750000
      36    43    57    26    0.0005250000
      36    43    58    16    0.0032250000
      36    43    64    17    0.0000000000
      36    44    50     7    0.1326000000
      36    44    51    15    0.0411750000
      36    44    57    16    0.0156750000
      36    44    58    24    0.0127500000
      36    44    64    25    0.0000750000
      36    50    51    16    0.0837000000
      36    50    57    17    0.0348750000
      36    50    58    25    0.0295500000
      36    50    64    26    0.0000750000
      36    51    57     7    0.0534000000
      36    51    58    15    0.0313500000
      36    51    64    16    0.0000750000
      36    57    58    16    0.0147000000
      36    57    64    17    0.0001500000
      36    58    64     7    0.0015000000
      36    37    43     7    0.0163500000
      36    37    44    15    0.0000750000
      36    37    50    16    0.0000750000
      36    37    51    24    0.0021750000
      36    37    57    25    0.0034500000
      36    37    58    15    0.0077250000
      36    37    64    16    0.0217500000
      36    43    44    16    0.0001500000
      36    43    50    17    0.0001500000
      36    43    51    25    0.0001500000
      36    43    57    26    0.0001500000
      36    43    58    16    0.0003000000
      36    43    64    17    0.0011250000
      36    44    50     7    0.7230750000
      36    44    51    15    0.0000000000
      36    44    57    16    0.0002250000
      36    44    58    24    0.0000000000
      36    44    64    25    0.0000000000
      36    50    51    16    0.0000000000
      36    50    57    17    0.0002250000
      36    50    58    25    0.0000000000
      36    50    64    26    0.0000000000
      36    51    57     7    0.0827250000
      36    51    58    15    0.0015000000
      36    51    64    16    0.0033750000
      36    57    58    16    0.0025500000
      36    57    64    17    0.0057750000
      36    58    64     7    0.0185250000
      36    37    43     7    0.0205500000
      36    37    44    15    0.2065500000
      36    37    50    16    0.0381000000
      36    37    51    24    0.1427250000
      36    37    57    25    0.0002250000
      36    37    58    15    0.1878750000
      36    37    64    16    0.0048000000
      36    43    44    16    0.0120000000
      36    43    50    17    0.0023250000
      36    43    51    25    0.0099000000
      36    43    57    26    0.0000000000
      36    43    58    16    0.0107250000
      36    43    64    17    0.0003000000
      36    44    50     7    0.0850500000
      36    44    51    15    0.3126000000
      36    44    57    16    0.0003000000
      36    44    58    24    0.1926000000
      36    44    64    25    0.0029250000
      36    50    51    16    0.0556500000
      36    50    57    17    0.0000000000
      36    50    58    25    0.0351750000
      36    50    64    26    0.0006750000
      36    51    57     7    0.0003750000
      36    51    58    15    0.3745500000
      36    51    64    16    0.0043500000
      36    57    58    16    0.0002250000
      36    57    64    17    0.0000000000
      36    58    64     7    0.0072000000
      36    37    43     7    0.3147000000
      36    37    44    15    0.0654750000
      36    37    50    16    0.0004500000
      36    37    51    24    0.0032250000
      36    37    57    25    0.0000000000
      36    37    58    15    0.0063750000
      36    37    64    16    0.0002250000
      36    43    44    16    0.0943500000
      36    43    50    17    0.0003000000
      36    43    51    25    0.0046500000
      36    43    57    26    0.0000750000
      36    43    58    16    0.0102000000
      36    43    64    17    0.0004500000
      36    44    50     7    0.0029250000
      36    44    51    15    0.0051750000
      36    44    57    16    0.0001500000
      36    44    58    24    0.0110250000
      36    44    64    25    0.0001500000
      36    50    51    16    0.0000750000
      36    50    57    17    0.0000000000
      36    50    58    25    0.0000750000
      36    50    64    26    0.0000000000
      36    51    57     7    0.0057750000
      36    51    58    15    0.2916000000
      36    51    64    16    0.0048000000
      36    57    58    16    0.0110250000
      36    57    64    17    0.0002250000
      36    58    64     7    0.0130500000
      36    37    43     7    0.0102000000
      36    37    44    15    0.0339000000
      36    37    50    16    0.0012750000
      36    37    51    24    0.0328500000
      36    37    57    25    0.0475500000
      36    37    58    15    0.3132750000
      36    37    64    16    0.0297750000
      36    43    44    16    0.0008250000
      36    43    50    17    0.0000750000
      36    43    51    25    0.0003000000
      36    43    57    26    0.0016500000
      36    43    58    16    0.0050250000
      36    43    64    17    0.0004500000
      36    44    50     7    0.0098250000
      36    44    51    15    0.0440250000
      36    44    57    16    0.0824250000
      36    44    58    24    0.1006500000
      36    44    64    25    0.0070500000
      36    50    51    16    0.0007500000
      36    50    57    17    0.0025500000
      36    50    58    25    0.0038250000
      36    50    64    26    0.0004500000
      36    51    57     7    0.0588000000
      36    51    58    15    0.1020750000
      36    51    64    16    0.0057750000
      36    57    58    16    0.1506000000
      36    57    64    17    0.0084750000
      36    58    64     7    0.0440250000
      36    37    43     7    0.0431250000
      36    37    44    15    0.0177750000
      36    37    50    16    0.0000750000
      36    37    51    24    0.0007500000
      36    37    57    25    0.0002250000
      36    37    58    15    0.0000000000
      36    37    64    16    0.0000000000
      36    43    44    16    0.1000500000
      36    43    50    17    0.0001500000
      36    43    51    25    0.0047250000
      36    43    57    26    0.0021000000
      36    43    58    16    0.0001500000
      36    43    64    17    0.0000750000
      36    44    50     7    0.0003000000
      36    44    51    15    0.0150750000
      36    44    57    16    0.0064500000
      36    44    58    24    0.0003750000
      36    44    64    25    0.0001500000
      36    50    51    16    0.0001500000
      36    50    57    17    0.0000750000
      36    50    58    25    0.0000000000
      36    50    64    26    0.0000000000
      36    51    57     7    0.0421500000
      36    51    58    15    0.0009000000
      36    51    64    16    0.0004500000
      36    57    58    16    0.0005250000
      36    57    64    17    0.0002250000
      36    58    64     7    0.2681250000
      36    37    43     7    0.0563250000
      36    37    44    15    0.0024000000
      36    37    50    16    0.0003000000
      36    37    51    24    0.0012750000
      36    37    57    25    0.0030000000
      36    37    58    15    0.0816000000
      36    37    64    16    0.0452250000
      36    43    44    16    0.0003750000
      36    43    50    17    0.0000000000
      36    43    51    25    0.0001500000
      36    43    57    26    0.0004500000
      36    43    58    16    0.0158250000
      36    43    64    17    0.0086250000
      36    44    50     7    0.1533000000
      36    44    51    15    0.0021750000
      36    44    57    16    0.0065250000
      36    44    58    24    0.0007500000
      36    44    64    25    0.0003000000
      36    50    51    16    0.0006750000
      36    50    57    17    0.0015750000
      36    50    58    25    0.0003000000
      36    50    64    26    0.0000750000
      36    51    57     7    0.1296750000
      36    51    58    15    0.0005250000
      36    51    64    16    0.0002250000
      36    57    58    16    0.0021000000
      36    57    64    17    0.0011250000
      36    58    64     7    0.0669750000
      36    37    43     7    0.0157500000
      36    37    44    15    0.0000000000
      36    37    50    16    0.0000000000
      36    37    51    24    0.0000000000
      36    37    57    25    0.0000000000
      36    37    58    15    0.0000000000
      36    37    64    16    0.0000000000
      36    43    44    16    0.0000750000
      36    43    50    17    0.0000750000
      36    43    51    25    0.0000000000
      36    43    57    26    0.0000750000
      36    43    58    16    0.0000000000
      36    43    64    17    0.0000000000
      36    44    50     7    0.2519250000
      36    44    51    15    0.0120750000
      36    44    57    16    0.0315750000
      36    44    58    24    0.0004500000
      36    44    64    25    0.0003750000
      36    50    51    16    0.0195750000
      36    50    57    17    0.0576000000
      36    50    58    25    0.0011250000
      36    50    64    26    0.0006750000
      36    51    57     7    0.0923250000
      36    51    58    15    0.0010500000
      36    51    64    16    0.0006750000
      36    57    58    16    0.0028500000
      36    57    64    17    0.0013500000
      36    58    64     7    0.0053250000
      68    69    83    15    0.0138000000
      68    69    84    31    0.0000000000
      68    69    98    32    0.0000000000
      68    69    99    48    0.0000000000
      68    69   113    49    0.0000000000
      68    69   114    31    0.0000000000
      68    69   128    32    0.0000750000
      68    83    84    32    0.0000000000
      68    83    98    33    0.0000000000
      68    83    99    49    0.0000000000
      68    83   113    50    0.0000000000
      68    83   114    32    0.0000000000
      68    83   128    33    0.0000000000
      68    84    98    15    0.0006750000
      68    84    99    31    0.0000750000
      68    84   113    32    0.0000000000
      68    84   114    48    0.0000000000
      68    84   128    49    0.0000000000
      68    98    99    32    0.0006750000
      68    98   113    33    0.0000750000
      68    98   114    49    0.0000000000
      68    98   128    50    0.0000000000
      68    99   113    15    0.0002250000
      68    99   114    31    0.0000000000
      68    99   128    32    0.0000750000
      68   113   114    32    0.0000000000
      68   113   128    33    0.0000000000
      68   114   128    15    0.0015000000
      68    69    83    15    0.0036750000
      68    69    84    31    0.0135000000
      68    69    98    32    0.1227000000
      68    69    99    48    0.0029250000
      68    69   113    49    0.0332250000
      68    69   114    31    0.1850250000
      68    69   128    32    0.0074250000
      68    83    84    32    0.0000000000
      68    83    98    33    0.0010500000
      68    83    99    49    0.0000750000
      68    83   113    50    0.0003000000
      68    83   114    32    0.0015750000
      68    83   128    33    0.0000000000
      68    84    98    15    0.0197250000
      68    84    99    31    0.0004500000
      68    84   113    32    0.0014250000
      68    84   114    48    0.0038250000
      68    84   128    49    0.0003750000
      68    98    99    32    0.0028500000
      68    98   113    33    0.0147000000
      68    98   114    49    0.0358500000
      68    98   128    50    0.0030750000
      68    99   113    15    0.0010500000
      68    99   114    31    0.0012000000
      68    99   128    32    0.0000750000
      68   113   114    32    0.0100500000
      68   113   128    33    0.0011250000
      68   114   128    15    0.0115500000
      68    69    83    15    0.0000000000
      68    69    84    31    0.0000750000
      68    69    98    32    0.0000000000
      68    69    99    48    0.0000000000
      68    69   113    49    0.0000000000
      68    69   114    31    0.0009000000
      68    69   128    32    0.0003000000
      68    83    84    32    0.0000000000
      68    83    98    33    0.0000000000
      68    83    99    49    0.0000000000
      68    83   113    50    0.0000000000
      68    83   114    32    0.0000000000
      68    83   128    33    0.0000000000
      68    84    98    15    0.0336750000
      68    84    99    31    0.0009750000
      68    84   113    32    0.0001500000
      68    84   114    48    0.0094500000
      68    84   128    49    0.0026250000
      68    98    99    32    0.0000750000
      68    98   113    33    0.0000000000
      68    98   114    49    0.0012750000
      68    98   128    50    0.0001500000
      68    99   113    15    0.0009000000
      68    99   114    31    0.0008250000
      68    99   128    32    0.0000000000
      68   113   114    32    0.0001500000
      68   113   128    33    0.0000000000
      68   114   128    15    0.0282750000
      68    69    83    15    0.0000750000
      68    69    84    31    0.0000000000
      68    69    98    32    0.0000000000
      68    69    99    48    0.0000000000
      68    69   113    49    0.0000000000
      68    69   114    31    0.0000000000
      68    69   128    32    0.0001500000
      68    83    84    32    0.0000000000
      68    83    98    33    0.0000000000
      68    83    99    49    0.0000000000
      68    83   113    50    0.0000000000
      68    83   114    32    0.0000000000
      68    83   128    33    0.0000000000
      68    84    98    15    0.0003000000
      68    84    99    31    0.0170250000
      68    84   113    32    0.0248250000
      68    84   114    48    0.0000000000
      68    84   128    49    0.0002250000
      68    98    99    32    0.0000750000
      68    98   113    33    0.0003000000
      68    98   114    49    0.0000000000
      68    98   128    50    0.0000000000
      68    99   113    15    0.0040500000
      68    99   114    31    0.0000000000
      68    99   128    32    0.0000000000
      68   113   114    32    0.0000000000
      68   113   128    33    0.0006750000
      68   114   128    15    0.0000000000
      68    69    83    15    0.0000000000
      68    69    84    31    0.0000000000
      68    69    98    32    0.0000000000
      68    69    99    48    0.0000750000
      68    69   113    49    0.0000000000
      68    69   114    31    0.0000000000
      68    69   128    32    0.0000000000
      68    83    84    32    0.0000000000
      68    83    98    33    0.0000000000
      68    83    99    49    0.0003000000
      68    83   113    50    0.0000000000
      68    83   114    32    0.0006750000
      68    83   128    33    0.0002250000
      68    84    98    15    0.0010500000
      68    84    99    31    0.0292500000
      68    84   113    32    0.0002250000
      68    84   114    48    0.0000000000
      68    84   128    49    0.0000000000
      68    98    99    32    0.0222750000
      68    98   113    33    0.0000750000
      68    98   114    49    0.0000000000
      68    98   128    50    0.0000000000
      68    99   113    15    0.0036750000
      68    99   114    31    0.0001500000
      68    99   128    32    0.0000750000
      68   113   114    32    0.0000000000
      68   113   128    33    0.0000000000
      68   114   128    15    0.0001500000
      68    69    83    15    0.0007500000
      68    69    84    31    0.0026250000
      68    69    98    32    0.0000000000
      68    69    99    48    0.0003000000
      68    69   113    49    0.0000000000
      68    69   114    31    0.0054000000
      68    69   128    32    0.0000000000
      68    83    84    32    0.0003000000
      68    83    98    33    0.0000000000
      68    83    99    49    0.0000000000
      68    83   113    50    0.0000000000
      68    83   114    32    0.0003000000
      68    83   128    33    0.0000000000
      68    84    98    15    0.0024750000
      68    84    99    31    0.0758250000
      68    84   113    32    0.0107250000
      68    84   114    48    0.0035250000
      68    84   128    49    0.0000000000
      68    98    99    32    0.0001500000
      68    98   113    33    0.0000000000
      68    98   114    49    0.0000000000
      68    98   128    50    0.0000000000
      68    99   113    15    0.0315750000
      68    99   114    31    0.0003000000
      68    99   128    32    0.0000000000
      68   113   114    32    0.0000000000
      68   113   128    33    0.0000000000
      68   114   128    15    0.0001500000
      68    69    83    15    0.1049250000
      68    69    84    31    0.5619000000
      68    69    98    32    0.0036000000
      68    69    99    48    0.0846750000
      68    69   113    49    0.1022250000
      68    69   114    31    0.0066000000
      68    69   128    32    0.0038250000
      68    83    84    32    0.0717000000
      68    83    98    33    0.0014250000
      68    83    99    49    0.0316500000
      68    83   113    50    0.0308250000
      68    83   114    32    0.0035250000
      68    83   128    33    0.0018000000
      68    84    98    15    0.0043500000
      68    84    99    31    0.1239000000
      68    84   113    32    0.1129500000
      68    84   114    48    0.0072000000
      68    84   128    49    0.0040500000
      68    98    99    32    0.0110250000
      68    98   113    33    0.0084750000
      68    98   114    49    0.0002250000
      68    98   128    50    0.0000000000
      68    99   113    15    0.4301250000
      68    99   114    31    0.0020250000
      68    99   128    32    0.0012000000
      68   113   114    32    0.0021000000
      68   113   128    33    0.0014250000
      68   114   128    15    0.0121500000
      68    69    83    15    0.0000000000
      68    69    84    31    0.0000000000
      68    69    98    32    0.0007500000
      68    69    99    48    0.0021000000
      68    69   113    49    0.0000000000
      68    69   114    31    0.0042750000
      68    69   128    32    0.0021750000
      68    83    84    32    0.0000000000
      68    83    98    33    0.0000750000
      68    83    99    49    0.0000750000
      68    83   113    50    0.0000000000
      68    83   114    32    0.0000750000
      68    83   128    33    0.0000000000
      68    84    98    15    0.0003750000
      68    84    99    31    0.0003750000
      68    84   113    32    0.0000000000
      68    84   114    48    0.0001500000
      68    84   128    49    0.0000750000
      68    98    99    32    0.1904250000
      68    98   113    33    0.0003750000
      68    98   114    49    0.0333750000
      68    98   128    50    0.0177750000
      68    99   113    15    0.0019500000
      68    99   114    31    0.1314000000
      68    99   128    32    0.0636750000
      68   113   114    32    0.0002250000
      68   113   128    33    0.0000750000
      68   114   128    15    0.2850750000
      68    69    83    15    0.0004500000
      68    69    84    31    0.0002250000
      68    69    98    32    0.0008250000
      68    69    99    48    0.0000750000
      68    69   113    49    0.0000000000
      68    69   114    31    0.0000750000
      68    69   128    32    0.0000000000
      68    83    84    32    0.0000000000
      68    83    98    33    0.0000000000
      68    83    99    49    0.0000000000
      68    83   113    50    0.0000000000
      68    83   114    32    0.0000000000
      68    83   128    33    0.0000000000
      68    84    98    15    0.0002250000
      68    84    99    31    0.4542000000
      68    84   113    32    0.0050250000
      68    84   114    48    0.0544500000
      68    84   128    49    0.0000000000
      68    98    99    32    0.0000750000
      68    98   113    33    0.0000000000
      68    98   114    49    0.0001500000
      68    98   128    50    0.0000000000
      68    99   113    15    0.0019500000
      68    99   114    31    0.0443250000
      68    99   128    32    0.0000000000
      68   113   114    32    0.0068250000
      68   113   128    33    0.0000000000
      68   114   128    15    0.0000000000
      68    69    83    15    0.1527000000
      68    69    84    31    0.0024000000
      68    69    98    32    0.0001500000
      68    69    99    48    0.0065250000
      68    69   113    49    0.0120000000
      68    69   114    31    0.0004500000
      68    69   128    32    0.0000750000
      68    83    84    32    0.0054000000
      68    83    98    33    0.0008250000
      68    83    99    49    0.0157500000
      68    83   113    50    0.0224250000
      68    83   114    32    0.0010500000
      68    83   128    33    0.0000750000
      68    84    98    15    0.0516000000
      68    84    99    31    0.0006750000
      68    84   113    32    0.0018750000
      68    84   114    48    0.0000000000
      68    84   128    49    0.0000000000
      68    98    99    32    0.0002250000
      68    98   113    33    0.0000750000
      68    98   114    49    0.0000000000
      68    98   128    50    0.0000000000
      68    99   113    15    0.0432000000
      68    99   114    31    0.0001500000
      68    99   128    32    0.0000000000
      68   113   114    32    0.0002250000
      68   113   128    33    0.0000750000
      68   114   128    15    0.0000000000
     132   133   163    31    0.0000750000
     132   133   164    63    0.0000000000
     132   133   194    64    0.0000000000
     132   133   195    96    0.0000000000
     132   133   225    97    0.0000000000
     132   133   226    63    0.0000000000
     132   133   256    64    0.0000000000
     132   163   164    64    0.0000000000
     132   163   194    65    0.0000000000
     132   163   195    97    0.0000000000
     132   163   225    98    0.0000000000
     132   163   226    64    0.0000000000
     132   163   256    65    0.0000000000
     132   164   194    31    0.0000000000
     132   164   195    63    0.0000000000
     132   164   225    64    0.0000000000
     132   164   226    96    0.0000000000
     132   164   256    97    0.0000000000
     132   194   195    64    0.0000000000
     132   194   225    65    0.0000000000
     132   194   226    97    0.0000000000
     132   194   256    98    0.0000000000
     132   195   225    31    0.0000750000
     132   195   226    63    0.0000000000
     132   195   256    64    0.0000000000
     132   225   226    64    0.0000000000
     132   225   256    65    0.0000000000
     132   226   256    31    0.0000000000
     132   133   163    31    0.0002250000
     132   133   164    63    0.0000750000
     132   133   194    64    0.0000000000
     132   133   195    96    0.0000000000
     132   133   225    97    0.0000000000
     132   133   226    63    0.0000000000
     132   133   256    64    0.0000000000
     132   163   164    64    0.0299250000
     132   163   194    65    0.0000000000
     132   163   195    97    0.0000000000
     132   163   225    98    0.0000000000
     132   163   226    64    0.0000000000
     132   163   256    65    0.0000750000
     132   164   194    31    0.0000750000
     132   164   195    63    0.0001500000
     132   164   225    64    0.0000750000
     132   164   226    96    0.0000000000
     132   164   256    97    0.0000750000
     132   194   195    64    0.0000000000
     132   194   225    65    0.0000000000
     132   194   226    97    0.0000000000
     132   194   256    98    0.0000000000
     132   195   225    31    0.0000000000
     132   195   226    63    0.0000000000
     132   195   256    64    0.0000000000
     132   225   226    64    0.0000000000
     132   225   256    65    0.0000000000
     132   226   256    31    0.0000000000
     132   133   163    31    0.0000000000
     132   133   164    63    0.0002250000
     132   133   194    64    0.0000000000
     132   133   195    96    0.0006750000
     132   133   225    97    0.0000000000
     132   133   226    63    0.0000000000
     132   133   256    64    0.0000000000
     132   163   164    64    0.0002250000
     132   163   194    65    0.0000000000
     132   163   195    97    0.0003000000
     132   163   225    98    0.0000000000
     132   163   226    64    0.0000000000
     132   163   256    65    0.0000000000
     132   164   194    31    0.0006750000
     132   164   195    63    0.1342500000
     132   164   225    64    0.0001500000
     132   164   226    96    0.0000000000
     132   164   256    97    0.0000000000
     132   194   195    64    0.0051000000
     132   194   225    65    0.0000000000
     132   194   226    97    0.0000000000
     132   194   256    98    0.0000000000
     132   195   225    31    0.0015000000
     132   195   226    63    0.0000000000
     132   195   256    64    0.0000000000
     132   225   226    64    0.0000000000
     132   225   256    65    0.0000000000
     132   226   256    31    0.0004500000
     132   133   163    31    0.0000000000
     132   133   164    63    0.0000750000
     132   133   194    64    0.0030750000
     132   133   195    96    0.0000000000
     132   133   225    97    0.0000000000
     132   133   226    63    0.0048750000
     132   133   256    64    0.0050250000
     132   163   164    64    0.0000000000
     132   163   194    65    0.0000000000
     132   163   195    97    0.0000000000
     132   163   225    98    0.0000000000
     132   163   226    64    0.0000000000
     132   163   256    65    0.0000000000
     132   164   194    31    0.0010500000
     132   164   195    63    0.0000000000
     132   164   225    64    0.0000000000
     132   164   226    96    0.0000000000
     132   164   256    97    0.0000000000
     132   194   195    64    0.0000000000
     132   194   225    65    0.0000000000
     132   194   226    97    0.0002250000
     132   194   256    98    0.0010500000
     132   195   225    31    0.0000000000
     132   195   226    63    0.0000000000
     132   195   256    64    0.0000000000
     132   225   226    64    0.0000000000
     132   225   256    65    0.0000000000
     132   226   256    31    0.0015000000
     132   133   163    31    0.0000750000
     132   133   164    63    0.0000750000
     132   133   194    64    0.0000000000
     132   133   195    96    0.0118500000
     132   133   225    97    0.0005250000
     132   133   226    63    0.0000000000
     132   133   256    64    0.0000000000
     132   163   164    64    0.0000000000
     132   163   194    65    0.0000000000
     132   163   195    97    0.0000750000
     132   163   225    98    0.0000000000
     132   163   226    64    0.0000000000
     132   163   256    65    0.0000000000
     132   164   194    31    0.0000000000
     132   164   195    63    0.0000000000
     132   164   225    64    0.0000000000
     132   164   226    96    0.0000000000
     132   164   256    97    0.0000000000
     132   194   195    64    0.0000000000
     132   194   225    65    0.0000000000
     132   194   226    97    0.0000000000
     132   194   256    98    0.0000000000
     132   195   225    31    0.0006750000
     132   195   226    63    0.0000000000
     132   195   256    64    0.0000000000
     132   225   226    64    0.0000000000
     132   225   256    65    0.0000000000
     132   226   256    31    0.0000000000
     132   133   163    31    0.0000000000
     132   133   164    63    0.0000000000
     132   133   194    64    0.0000000000
     132   133   195    96    0.0000000000
     132   133   225    97    0.0000000000
     132   133   226    63    0.0000000000
     132   133   256    64    0.0000000000
     132   163   164    64    0.0000000000
     132   163   194    65    0.0000000000
     132   163   195    97    0.0000000000
     132   163   225    98    0.0000000000
     132   163   226    64    0.0000000000
     132   163   256    65    0.0000000000
     132   164   194    31    0.0087750000
     132   164   195    63    0.0000000000
     132   164   225    64    0.0002250000
     132   164   226    96    0.0000000000
     132   164   256    97    0.0001500000
     132   194   195    64    0.0000000000
     132   194   225    65    0.0002250000
     132   194   226    97    0.0000000000
     132   194   256    98    0.0000000000
     132   195   225    31    0.0000000000
     132   195   226    63    0.0000000000
     132   195   256    64    0.0000000000
     132   225   226    64    0.0001500000
     132   225   256    65    0.0230250000
     132   226   256    31    0.0001500000
     132   133   163    31    0.0001500000
     132   133   164    63    0.0000000000
     132   133   194    64    0.0000000000
     132   133   195    96    0.0000000000
     132   133   225    97    0.0000000000
     132   133   226    63    0.0000000000
     132   133   256    64    0.0000750000
     132   163   164    64    0.0018000000
     132   163   194    65    0.0000000000
     132   163   195    97    0.0003000000
     132   163   225    98    0.0000000000
     132   163   226    64    0.0000000000
     132   163   256    65    0.0002250000
     132   164   194    31    0.0000000000
     132   164   195    63    0.0000000000
     132   164   225    64    0.0000000000
     132   164   226    96    0.0000000000
     132   164   256    97    0.0000000000
     132   194   195    64    0.0000000000
     132   194   225    65    0.0000000000
     132   194   226    97    0.0000000000
     132   194   256    98    0.0000000000
     132   195   225    31    0.0015000000
     132   195   226    63    0.0000000000
     132   195   256    64    0.0000750000
     132   225   226    64    0.0000000000
     132   225   256    65    0.0000000000
     132   226   256    31    0.0000000000
     132   133   163    31    0.0000000000
     132   133   164    63    0.0000000000
     132   133   194    64    0.0006750000
     132   133   195    96    0.0000000000
     132   133   225    97    0.0000000000
     132   133   226    63    0.0000000000
     132   133   256    64    0.0000000000
     132   163   164    64    0.0000000000
     132   163   194    65    0.0001500000
     132   163   195    97    0.0019500000
     132   163   225    98    0.0000000000
     132   163   226    64    0.0000000000
     132   163   256    65    0.0000000000
     132   164   194    31    0.0108000000
     132   164   195    63    0.0012000000
     132   164   225    64    0.0000000000
     132   164   226    96    0.0000000000
     132   164   256    97    0.0000000000
     132   194   195    64    0.0303750000
     132   194   225    65    0.0000000000
     132   194   226    97    0.0000000000
     132   194   256    98    0.0000000000
     132   195   225    31    0.0011250000
     132   195   226    63    0.0000750000
     132   195   256    64    0.0000000000
     132   225   226    64    0.0003000000
     132   225   256    65    0.0001500000
     132   226   256    31    0.0417750000
     132   133   163    31    0.0000000000
     132   133   164    63    0.0000000000
     132   133   194    64    0.0000000000
     132   133   195    96    0.0000000000
     132   133   225    97    0.0000000000
     132   133   226    63    0.0000000000
     132   133   256    64    0.0000000000
     132   163   164    64    0.0000000000
     132   163   194    65    0.0000000000
     132   163   195    97    0.0000000000
     132   163   225    98    0.0000000000
     132   163   226    64    0.0018000000
     132   163   256    65    0.0000000000
     132   164   194    31    0.0000000000
     132   164   195    63    0.0000000000
     132   164   225    64    0.0000000000
     132   164   226    96    0.0000000000
     132   164   256    97    0.0000000000
     132   194   195    64    0.0000000000
     132   194   225    65    0.0000000000
     132   194   226    97    0.0000000000
     132   194   256    98    0.0000000000
     132   195   225    31    0.0000000000
     132   195   226    63    0.0000000000
     132   195   256    64    0.0000000000
     132   225   226    64    0.0000000000
     132   225   256    65    0.0000000000
     132   226   256    31    0.0000000000
     132   133   163    31    0.0004500000
     132   133   164    63    0.0000000000
     132   133   194    64    0.0000000000
     132   133   195    96    0.0000000000
     132   133   225    97    0.0000000000
     132   133   226    63    0.0012750000
     132   133   256    64    0.0006750000
     132   163   164    64    0.0000000000
     132   163   194    65    0.0002250000
     132   163   195    97    0.0000000000
     132   163   225    98    0.0000000000
     132   163   226    64    0.0093000000
     132   163   256    65    0.0053250000
     132   164   194    31    0.0000000000
     132   164   195    63    0.0000000000
     132   164   225    64    0.0000000000
     132   164   226    96    0.0000000000
     132   164   256    97    0.0000000000
     132   194   195    64    0.0000000000
     132   194   225    65    0.0000000000
     132   194   226    97    0.0009750000
     132   194   256    98    0.0002250000
     132   195   225    31    0.0076500000
     132   195   226    63    0.0000000000
     132   195   256    64    0.0000000000
     132   225   226    64    0.0000000000
     132   225   256    65    0.0000000000
     132   226   256    31    0.4527000000
     196   197   243    47    0.0000000000
     196   197   244    95    0.0000000000
     196   197   290    96    0.0000000000
     196   197   291   144    0.0000750000
     196   197   337   145    0.0112500000
     196   197   338    95    0.0000750000
     196   197   384    96    0.0600000000
     196   243   244    96    0.0000000000
     196   243   290    97    0.0000000000
     196   243   291   145    0.0000000000
     196   243   337   146    0.0000000000
     196   243   338    96    0.0000000000
     196   243   384    97    0.0000000000
     196   244   290    47    0.0004500000
     196   244   291    95    0.0000000000
     196   244   337    96    0.0000000000
     196   244   338   144    0.0000000000
     196   244   384   145    0.0000000000
     196   290   291    96    0.0000000000
     196   290   337    97    0.0000750000
     196   290   338   145    0.0000000000
     196   290   384   146    0.0000750000
     196   291   337    47    0.0004500000
     196   291   338    95    0.0000000000
     196   291   384    96    0.0001500000
     196   337   338    96    0.0000000000
     196   337   384    97    0.0381750000
     196   338   384    47    0.0004500000
     196   197   243    47    0.0010500000
     196   197   244    95    0.0000000000
     196   197   290    96    0.0013500000
     196   197   291   144    0.0000000000
     196   197   337   145    0.0000000000
     196   197   338    95    0.0000000000
     196   197   384    96    0.0000750000
     196   243   244    96    0.0000000000
     196   243   290    97    0.0000000000
     196   243   291   145    0.0000000000
     196   243   337   146    0.0000000000
     196   243   338    96    0.0000000000
     196   243   384    97    0.0000000000
     196   244   290    47    0.0036750000
     196   244   291    95    0.0001500000
     196   244   337    96    0.0000000000
     196   244   338   144    0.0000000000
     196   244   384   145    0.0000000000
     196   290   291    96    0.0161250000
     196   290   337    97    0.0000000000
     196   290   338   145    0.0000000000
     196   290   384   146    0.0000000000
     196   291   337    47    0.0004500000
     196   291   338    95    0.0000000000
     196   291   384    96    0.0000000000
     196   337   338    96    0.0000000000
     196   337   384    97    0.0000000000
     196   338   384    47    0.0000750000
     196   197   243    47    0.0000750000
     196   197   244    95    0.1067250000
     196   197   290    96    0.0015000000
     196   197   291   144    0.0000000000
     196   197   337   145    0.0000000000
     196   197   338    95    0.0844500000
     196   197   384    96    0.0001500000
     196   243   244    96    0.0000000000
     196   243   290    97    0.0000000000
     196   243   291   145    0.0000000000
     196   243   337   146    0.0000000000
     196   243   338    96    0.0000000000
     196   243   384    97    0.0000000000
     196   244   290    47    0.0107250000
     196   244   291    95    0.0000000000
     196   244   337    96    0.0000000000
     196   244   338   144    0.0390750000
     196   244   384   145    0.0000000000
     196   290   291    96    0.0000000000
     196   290   337    97    0.0000000000
     196   290   338   145    0.0006750000
     196   290   384   146    0.0000000000
     196   291   337    47    0.0000000000
     196   291   338    95    0.0000000000
     196   291   384    96    0.0000000000
     196   337   338    96    0.0000000000
     196   337   384    97    0.0000000000
     196   338   384    47    0.0003000000
     196   197   243    47    0.0147000000
     196   197   244    95    0.0000000000
     196   197   290    96    0.0000000000
     196   197   291   144    0.0000000000
     196   197   337   145    0.0000000000
     196   197   338    95    0.0000000000
     196   197   384    96    0.0000000000
     196   243   244    96    0.0000000000
     196   243   290    97    0.0000000000
     196   243   291   145    0.0000000000
     196   243   337   146    0.0000000000
     196   243   338    96    0.0000000000
     196   243   384    97    0.0000000000
     196   244   290    47    0.0000000000
     196   244   291    95    0.0000000000
     196   244   337    96    0.0000000000
     196   244   338   144    0.0000000000
     196   244   384   145    0.0000000000
     196   290   291    96    0.0000000000
     196   290   337    97    0.0000000000
     196   290   338   145    0.0000000000
     196   290   384   146    0.0000000000
     196   291   337    47    0.0000000000
     196   291   338    95    0.0000000000
     196   291   384    96    0.0000000000
     196   337   338    96    0.0000000000
     196   337   384    97    0.0000000000
     196   338   384    47    0.0001500000
     196   197   243    47    0.0000000000
     196   197   244    95    0.0000000000
     196   197   290    96    0.0036000000
     196   197   291   144    0.0033000000
     196   197   337   145    0.0000750000
     196   197   338    95    0.0060750000
     196   197   384    96    0.0012750000
     196   243   244    96    0.0000000000
     196   243   290    97    0.0000000000
     196   243   291   145    0.0000000000
     196   243   337   146    0.0000000000
     196   243   338    96    0.0000000000
     196   243   384    97    0.0000000000
     196   244   290    47    0.0000000000
     196   244   291    95    0.0000000000
     196   244   337    96    0.0000000000
     196   244   338   144    0.0000000000
     196   244   384   145    0.0000000000
     196   290   291    96    0.0000750000
     196   290   337    97    0.0000000000
     196   290   338   145    0.0000750000
     196   290   384   146    0.0000750000
     196   291   337    47    0.0016500000
     196   291   338    95    0.0002250000
     196   291   384    96    0.0000000000
     196   337   338    96    0.0000000000
     196   337   384    97    0.0000000000
     196   338   384    47    0.0014250000
     196   197   243    47    0.0000000000
     196   197   244    95    0.0017250000
     196   197   290    96    0.0000000000
     196   197   291   144    0.0000000000
     196   197   337   145    0.0000000000
     196   197   338    95    0.0006750000
     196   197   384    96    0.0000000000
     196   243   244    96    0.0051000000
     196   243   290    97    0.0000000000
     196   243   291   145    0.0000000000
     196   243   337   146    0.0000000000
     196   243   338    96    0.0015000000
     196   243   384    97    0.0000000000
     196   244   290    47    0.0000000000
     196   244   291    95    0.0000000000
     196   244   337    96    0.0000000000
     196   244   338   144    0.0838500000
     196   244   384   145    0.0000000000
     196   290   291    96    0.0000000000
     196   290   337    97    0.0000000000
     196   290   338   145    0.0000000000
     196   290   384   146    0.0000000000
     196   291   337    47    0.0000000000
     196   291   338    95    0.0000000000
     196   291   384    96    0.0000000000
     196   337   338    96    0.0000000000
     196   337   384    97    0.0000000000
     196   338   384    47    0.0000750000
     196   197   243    47    0.0000000000
     196   197   244    95    0.0000000000
     196   197   290    96    0.0000000000
     196   197   291   144    0.0000000000
     196   197   337   145    0.0000000000
     196   197   338    95    0.0210000000
     196   197   384    96    0.0091500000
     196   243   244    96    0.0000000000
     196   243   290    97    0.0000000000
     196   243   291   145    0.0000000000
     196   243   337   146    0.0000000000
     196   243   338    96    0.0000000000
     196   243   384    97    0.0000000000
     196   244   290    47    0.0000000000
     196   244   291    95    0.0000000000
     196   244   337    96    0.0000000000
     196   244   338   144    0.0000000000
     196   244   384   145    0.0000000000
     196   290   291    96    0.0000000000
     196   290   337    97    0.0000000000
     196   290   338   145    0.0000000000
     196   290   384   146    0.0000000000
     196   291   337    47    0.0000000000
     196   291   338    95    0.0000000000
     196   291   384    96    0.0000000000
     196   337   338    96    0.0002250000
     196   337   384    97    0.0001500000
     196   338   384    47    0.2108250000
     196   197   243    47    0.0023250000
     196   197   244    95    0.0000000000
     196   197   290    96    0.0000000000
     196   197   291   144    0.0000000000
     196   197   337   145    0.0000000000
     196   197   338    95    0.0000000000
     196   197   384    96    0.0000000000
     196   243   244    96    0.0000000000
     196   243   290    97    0.0000000000
     196   243   291   145    0.0000000000
     196   243   337   146    0.0000000000
     196   243   338    96    0.0000000000
     196   243   384    97    0.0000000000
     196   244   290    47    0.0000000000
     196   244   291    95    0.0000000000
     196   244   337    96    0.0000000000
     196   244   338   144    0.0000000000
     196   244   384   145    0.0000000000
     196   290   291    96    0.0000000000
     196   290   337    97    0.0000000000
     196   290   338   145    0.0000000000
     196   290   384   146    0.0000000000
     196   291   337    47    0.0000750000
     196   291   338    95    0.0000000000
     196   291   384    96    0.0000000000
     196   337   338    96    0.0000000000
     196   337   384    97    0.0000000000
     196   338   384    47    0.0000750000
     196   197   243    47    0.0000000000
     196   197   244    95    0.0000000000
     196   197   290    96    0.0000000000
     196   197   291   144    0.0000000000
     196   197   337   145    0.0000000000
     196   197   338    95    0.0000000000
     196   197   384    96    0.0000000000
     196   243   244    96    0.0000000000
     196   243   290    97    0.0000000000
     196   243   291   145    0.0000000000
     196   243   337   146    0.0000000000
     196   243   338    96    0.0000000000
     196   243   384    97    0.0000000000
     196   244   290    47    0.0010500000
     196   244   291    95    0.0000000000
     196   244   337    96    0.0000750000
     196   244   338   144    0.0000000000
     196   244   384   145    0.0000000000
     196   290   291    96    0.0000000000
     196   290   337    97    0.0000000000
     196   290   338   145    0.0000000000
     196   290   384   146    0.0000000000
     196   291   337    47    0.0000000000
     196   291   338    95    0.0000000000
     196   291   384    96    0.0000000000
     196   337   338    96    0.0000000000
     196   337   384    97    0.0000000000
     196   338   384    47    0.0000000000
     196   197   243    47    0.0000000000
     196   197   244    95    0.0000000000
     196   197   290    96    0.0000000000
     196   197   291   144    0.0000000000
     196   197   337   145    0.0000000000
     196   197   338    95    0.0000000000
     196   197   384    96    0.0000000000
     196   243   244    96    0.0012750000
     196   243   290    97    0.0000000000
     196   243   291   145    0.0000000000
     196   243   337   146    0.0000000000
     196   243   338    96    0.2190750000
     196   243   384    97    0.0041250000
     196   244   290    47    0.0000000000
     196   244   291    95    0.0000000000
     196   244   337    96    0.0000000000
     196   244   338   144    0.0012750000
     196   244   384   145    0.0000750000
     196   290   291    96    0.0000000000
     196   290   337    97    0.0000000000
     196   290   338   145    0.0000000000
     196   290   384   146    0.0000000000
     196   291   337    47    0.0000000000
     196   291   338    95    0.0000000000
     196   291   384    96    0.0000000000
     196   337   338    96    0.0000000000
     196   337   384    97    0.0000000000
     196   338   384    47    0.0047250000
     260   261   323    63    0.0000000000
     260   261   324   127    0.0000000000
     260   261   386   128    0.0000000000
     260   261   387   192    0.0000000000
     260   261   449   193    0.0000000000
     260   261   450   127    0.0000000000
     260   261   512   128    0.0000000000
     260   323   324   128    0.0000000000
     260   323   386   129    0.0000000000
     260   323   387   193    0.0000000000
     260   323   449   194    0.0000000000
     260   323   450   128    0.0000000000
     260   323   512   129    0.0000000000
     260   324   386    63    0.0000000000
     260   324   387   127    0.0000000000
     260   324   449   128    0.0000000000
     260   324   450   192    0.0000000000
     260   324   512   193    0.0000000000
     260   386   387   128    0.0000000000
     260   386   449   129    0.0000000000
     260   386   450   193    0.0000000000
     260   386   512   194    0.0000000000
     260   387   449    63    0.0000000000
     260   387   450   127    0.0000000000
     260   387   512   128    0.0000000000
     260   449   450   128    0.0000000000
     260   449   512   129    0.0000000000
     260   450   512    63    0.0000000000
     260   261   323    63    0.0013500000
     260   261   324   127    0.0000000000
     260   261   386   128    0.0000000000
     260   261   387   192    0.0000000000
     260   261   449   193    0.0000000000
     260   261   450   127    0.0000750000
     260   261   512   128    0.0000000000
     260   323   324   128    0.0000000000
     260   323   386   129    0.0000000000
     260   323   387   193    0.0000000000
     260   323   449   194    0.0000000000
     260   323   450   128    0.0020250000
     260   323   512   129    0.0000750000
     260   324   386    63    0.0000000000
     260   324   387   127    0.0000000000
     260   324   449   128    0.0000000000
     260   324   450   192    0.0000000000
     260   324   512   193    0.0000000000
     260   386   387   128    0.0000000000
     260   386   449   129    0.0000000000
     260   386   450   193    0.0000000000
     260   386   512   194    0.0000000000
     260   387   449    63    0.0000000000
     260   387   450   127    0.0000000000
     260   387   512   128    0.0000000000
     260   449   450   128    0.0000000000
     260   449   512   129    0.0000000000
     260   450   512    63    0.0007500000
     260   261   323    63    0.0003000000
     260   261   324   127    0.0000000000
     260   261   386   128    0.0000000000
     260   261   387   192    0.0008250000
     260   261   449   193    0.0001500000
     260   261   450   127    0.0011250000
     260   261   512   128    0.0039750000
     260   323   324   128    0.0000000000
     260   323   386   129    0.0000000000
     260   323   387   193    0.0000000000
     260   323   449   194    0.0000000000
     260   323   450   128    0.0000000000
     260   323   512   129    0.0000000000
     260   324   386    63    0.0000000000
     260   324   387   127    0.0000000000
     260   324   449   128    0.0000000000
     260   324   450   192    0.0000000000
     260   324   512   193    0.0000000000
     260   386   387   128    0.0000000000
     260   386   449   129    0.0000000000
     260   386   450   193    0.0000000000
     260   386   512   194    0.0000000000
     260   387   449    63    0.0000000000
     260   387   450   127    0.0000750000
     260   387   512   128    0.0001500000
     260   449   450   128    0.0000000000
     260   449   512   129    0.0000000000
     260   450   512    63    0.0000000000
     260   261   323    63    0.0000000000
     260   261   324   127    0.0012000000
     260   261   386   128    0.0000000000
     260   261   387   192    0.0001500000
     260   261   449   193    0.0240750000
     260   261   450   127    0.0000750000
     260   261   512   128    0.0000000000
     260   323   324   128    0.0000000000
     260   323   386   129    0.0000000000
     260   323   387   193    0.0000000000
     260   323   449   194    0.0000000000
     260   323   450   128    0.0000000000
     260   323   512   129    0.0000000000
     260   324   386    63    0.0000000000
     260   324   387   127    0.0000000000
     260   324   449   128    0.0006750000
     260   324   450   192    0.0000000000
     260   324   512   193    0.0000000000
     260   386   387   128    0.0000000000
     260   386   449   129    0.0000000000
     260   386   450   193    0.0000000000
     260   386   512   194    0.0000000000
     260   387   449    63    0.0018000000
     260   387   450   127    0.0000000000
     260   387   512   128    0.0000000000
     260   449   450   128    0.0000000000
     260   449   512   129    0.0000000000
     260   450   512    63    0.0000000000
     260   261   323    63    0.0000000000
     260   261   324   127    0.0000000000
     260   261   386   128    0.0000000000
     260   261   387   192    0.0000000000
     260   261   449   193    0.0000000000
     260   261   450   127    0.0000000000
     260   261   512   128    0.0000000000
     260   323   324   128    0.0000000000
     260   323   386   129    0.0000000000
     260   323   387   193    0.0000000000
     260   323   449   194    0.0000000000
     260   323   450   128    0.0000000000
     260   323   512   129    0.0000000000
     260   324   386    63    0.0000000000
     260   324   387   127    0.0000000000
     260   324   449   128    0.0000000000
     260   324   450   192    0.0000000000
     260   324   512   193    0.0000000000
     260   386   387   128    0.0000000000
     260   386   449   129    0.0000000000
     260   386   450   193    0.0000000000
     260   386   512   194    0.0000000000
     260   387   449    63    0.0000750000
     260   387   450   127    0.0000000000
     260   387   512   128    0.0000000000
     260   449   450   128    0.0000000000
     260   449   512   129    0.0000000000
     260   450   512    63    0.0000000000
     260   261   323    63    0.0000000000
     260   261   324   127    0.0000750000
     260   261   386   128    0.0000000000
     260   261   387   192    0.0000000000
     260   261   449   193    0.0000000000
     260   261   450   127    0.0000000000
     260   261   512   128    0.0000000000
     260   323   324   128    0.0000000000
     260   323   386   129    0.0000000000
     260   323   387   193    0.0000000000
     260   323   449   194    0.0000000000
     260   323   450   128    0.0000000000
     260   323   512   129    0.0000000000
     260   324   386    63    0.0879750000
     260   324   387   127    0.0000000000
     260   324   449   128    0.0000750000
     260   324   450   192    0.0000000000
     260   324   512   193    0.0000000000
     260   386   387   128    0.0000000000
     260   386   449   129    0.0000750000
     260   386   450   193    0.0000000000
     260   386   512   194    0.0000000000
     260   387   449    63    0.0000000000
     260   387   450   127    0.0000000000
     260   387   512   128    0.0000000000
     260   449   450   128    0.0000000000
     260   449   512   129    0.0000000000
     260   450   512    63    0.0126000000
     260   261   323    63    0.0000000000
     260   261   324   127    0.0000000000
     260   261   386   128    0.0000000000
     260   261   387   192    0.0000000000
     260   261   449   193    0.0000000000
     260   261   450   127    0.0000000000
     260   261   512   128    0.0000000000
     260   323   324   128    0.0000000000
     260   323   386   129    0.0000000000
     260   323   387   193    0.0000000000
     260   323   449   194    0.0000000000
     260   323   450   128    0.0000000000
     260   323   512   129    0.0000000000
     260   324   386    63    0.0000000000
     260   324   387   127    0.0000000000
     260   324   449   128    0.0000000000
     260   324   450   192    0.0000000000
     260   324   512   193    0.0000000000
     260   386   387   128    0.0000000000
     260   386   449   129    0.0000000000
     260   386   450   193    0.0000000000
     260   386   512   194    0.0000000000
     260   387   449    63    0.0189000000
     260   387   450   127    0.0000000000
     260   387   512   128    0.0000000000
     260   449   450   128    0.0000000000
     260   449   512   129    0.0000000000
     260   450   512    63    0.0000000000
     260   261   323    63    0.0001500000
     260   261   324   127    0.0000000000
     260   261   386   128    0.0000000000
     260   261   387   192    0.0000000000
     260   261   449   193    0.0000000000
     260   261   450   127    0.0000000000
     260   261   512   128    0.0000000000
     260   323   324   128    0.0000000000
     260   323   386   129    0.0000000000
     260   323   387   193    0.0000000000
     260   323   449   194    0.0000000000
     260   323   450   128    0.0000000000
     260   323   512   129    0.0000000000
     260   324   386    63    0.0000000000
     260   324   387   127    0.0000000000
     260   324   449   128    0.0000000000
     260   324   450   192    0.0000000000
     260   324   512   193    0.0000000000
     260   386   387   128    0.0000000000
     260   386   449   129    0.0000000000
     260   386   450   193    0.0000000000
     260   386   512   194    0.0000000000
     260   387   449    63    0.0000750000
     260   387   450   127    0.0000750000
     260   387   512   128    0.0000750000
     260   449   450   128    0.0000000000
     260   449   512   129    0.0000000000
     260   450   512    63    0.0000000000
     260   261   323    63    0.0000750000
     260   261   324   127    0.0000000000
     260   261   386   128    0.0000000000
     260   261   387   192    0.0575250000
     260   261   449   193    0.0000000000
     260   261   450   127    0.1019250000
     260   261   512   128    0.0007500000
     260   323   324   128    0.0000000000
     260   323   386   129    0.0000000000
     260   323   387   193    0.0000000000
     260   323   449   194    0.0000000000
     260   323   450   128    0.0000000000
     260   323   512   129    0.0000000000
     260   324   386    63    0.0000000000
     260   324   387   127    0.0000000000
     260   324   449   128    0.0000000000
     260   324   450   192    0.0000000000
     260   324   512   193    0.0000000000
     260   386   387   128    0.0000000000
     260   386   449   129    0.0000000000
     260   386   450   193    0.0000000000
     260   386   512   194    0.0000000000
     260   387   449    63    0.0000000000
     260   387   450   127    0.0096000000
     260   387   512   128    0.0001500000
     260   449   450   128    0.0000000000
     260   449   512   129    0.0000000000
     260   450   512    63    0.0024000000
     260   261   323    63    0.0004500000
     260   261   324   127    0.0444000000
     260   261   386   128    0.0207000000
     260   261   387   192    0.0000000000
     260   261   449   193    0.0000000000
     260   261   450   127    0.0002250000
     260   261   512   128    0.0003750000
     260   323   324   128    0.0000750000
     260   323   386   129    0.0000750000
     260   323   387   193    0.0000000000
     260   323   449   194    0.0000000000
     260   323   450   128    0.0000000000
     260   323   512   129    0.0000000000
     260   324   386    63    0.0141750000
     260   324   387   127    0.0000000000
     260   324   449   128    0.0000000000
     260   324   450   192    0.0000750000
     260   324   512   193    0.0000000000
     260   386   387   128    0.0000000000
     260   386   449   129    0.0000000000
     260   386   450   193    0.0000000000
     260   386   512   194    0.0000000000
     260   387   449    63    0.0000000000
     260   387   450   127    0.0000000000
     260   387   512   128    0.0000000000
     260   449   450   128    0.0000000000
     260   449   512   129    0.0000000000
     260   450   512    63    0.0000000000
     260   261   323    63    0.0000000000
     260   261   324   127    0.0000000000
     260   261   386   128    0.0000000000
     260   261   387   192    0.0000000000
     260   261   449   193    0.0000000000
     260   261   450   127    0.0000000000
     260   261   512   128    0.0000000000
     260   323   324   128    0.0000000000
     260   323   386   129    0.0000000000
     260   323   387   193    0.0000750000
     260   323   449   194    0.0000000000
     260   323   450   128    0.0000000000
     260   323   512   129    0.0000000000
     260   324   386    63    0.0000000000
     260   324   387   127    0.0000000000
     260   324   449   128    0.0000000000
     260   324   450   192    0.0000000000
     260   324   512   193    0.0000000000
     260   386   387   128    0.0000000000
     260   386   449   129    0.0000000000
     260   386   450   193    0.0000000000
     260   386   512   194    0.0000000000
     260   387   449    63    0.0585750000
     260   387   450   127    0.0006750000
     260   387   512   128    0.0000000000
     260   449   450   128    0.0003750000
     260   449   512   129    0.0000000000
     260   450   512    63    0.0000000000
     260   261   323    63    0.0102000000
     260   261   324   127    0.0000000000
     260   261   386   128    0.0000000000
     260   261   387   192    0.0000000000
     260   261   449   193    0.0000000000
     260   261   450   127    0.3916500000
     260   261   512   128    0.0063000000
     260   323   324   128    0.0000000000
     260   323   386   129    0.0000000000
     260   323   387   193    0.0001500000
     260   323   449   194    0.0000000000
     260   323   450   128    0.0173250000
     260   323   512   129    0.0001500000
     260   324   386    63    0.0000000000
     260   324   387   127    0.0000000000
     260   324   449   128    0.0000000000
     260   324   450   192    0.0000000000
     260   324   512   193    0.0000000000
     260   386   387   128    0.0000000000
     260   386   449   129    0.0000000000
     260   386   450   193    0.0000000000
     260   386   512   194    0.0000000000
     260   387   449    63    0.0000000000
     260   387   450   127    0.0002250000
     260   387   512   128    0.0000000000
     260   449   450   128    0.0000000000
     260   449   512   129    0.0000000000
     260   450   512    63    0.0135000000
     260   261   323    63    0.0002250000
     260   261   324   127    0.0000750000
     260   261   386   128    0.0000000000
     260   261   387   192    0.0000000000
     260   261   449   193    0.0000000000
     260   261   450   127    0.0000000000
     260   261   512   128    0.0000000000
     260   323   324   128    0.0012750000
     260   323   386   129    0.0000000000
     260   323   387   193    0.0000000000
     260   323   449   194    0.0000000000
     260   323   450   128    0.0000000000
     260   323   512   129    0.0000000000
     260   324   386    63    0.0000000000
     260   324   387   127    0.0000000000
     260   324   449   128    0.0000000000
     260   324   450   192    0.0000000000
     260   324   512   193    0.0000000000
     260   386   387   128    0.0000000000
     260   386   449   129    0.0000000000
     260   386   450   193    0.0000000000
     260   386   512   194    0.0000000000
     260   387   449    63    0.0000000000
     260   387   450   127    0.0000000000
     260   387   512   128    0.0000000000
     260   449   450   128    0.0000000000
     260   449   512   129    0.0000000000
     260   450   512    63    0.0000000000
     260   261   323    63    0.0000000000
     260   261   324   127    0.0000000000
     260   261   386   128    0.0000000000
     260   261   387   192    0.0000000000
     260   261   449   193    0.0000000000
     260   261   450   127    0.0000000000
     260   261   512   128    0.0000000000
     260   323   324   128    0.0078000000
     260   323   386   129    0.0000000000
     260   323   387   193    0.0000000000
     260   323   449   194    0.0000000000
     260   323   450   128    0.0000000000
     260   323   512   129    0.0000000000
     260   324   386    63    0.0000000000
     260   324   387   127    0.0000000000
     260   324   449   128    0.0000000000
     260   324   450   192    0.0000750000
     260   324   512   193    0.0000000000
     260   386   387   128    0.0000000000
     260   386   449   129    0.0000000000
     260   386   450   193    0.0000000000
     260   386   512   194    0.0000000000
     260   387   449    63    0.0016500000
     260   387   450   127    0.0000000000
     260   387   512   128    0.0000000000
     260   449   450   128    0.0000000000
     260   449   512   129    0.0000000000
     260   450   512    63    0.0000000000
