      36    37    43     7    0.0007500000
      36    37    44    15    0.0138000000
      36    37    50    16    0.0020250000
      36    37    51    24    0.0141000000
      36    37    57    25    0.0078750000
      36    37    58    15    0.0009750000
      36    37    64    16    0.0042000000
      36    43    44    16    0.0001500000
      36    43    50    17    0.0001500000
      36    43    51    25    0.0003750000
      36    43    57    26    0.0002250000
      36    43    58    16    0.0000000000
      36    43    64    17    0.0000000000
      36    44    50     7    0.0205500000
      36    44    51    15    0.0384000000
      36    44    57    16    0.0222750000
      36    44    58    24    0.0011250000
      36    44    64    25    0.0045000000
      36    50    51    16    0.0045000000
      36    50    57    17    0.0030750000
      36    50    58    25    0.0002250000
      36    50    64    26    0.0007500000
      36    51    57     7    0.3171000000
      36    51    58    15    0.0057750000
      36    51    64    16    0.0210750000
      36    57    58    16    0.0028500000
      36    57    64    17    0.0094500000
      36    58    64     7    0.0121500000
      36    37    43     7    0.0096750000
      36    37    44    15    0.0005250000
      36    37    50    16    0.0030000000
      36    37    51    24    0.0000000000
      36    37    57    25    0.0000000000
      36    37    58    15    0.0009750000
      36    37    64    16    0.0000000000
      36    43    44    16    0.0000000000
      36    43    50    17    0.0000000000
      36    43    51    25    0.0000000000
      36    43    57    26    0.0000000000
      36    43    58    16    0.0000750000
      36    43    64    17    0.0000000000
      36    44    50     7    0.0069000000
      36    44    51    15    0.0000000000
      36    44    57    16    0.0001500000
      36    44    58    24    0.0000000000
      36    44    64    25    0.0000000000
      36    50    51    16    0.0014250000
      36    50    57    17    0.0006000000
      36    50    58    25    0.0000000000
      36    50    64    26    0.0000000000
      36    51    57     7    0.1262250000
      36    51    58    15    0.0013500000
      36    51    64    16    0.0001500000
      36    57    58    16    0.0002250000
      36    57    64    17    0.0000000000
      36    58    64     7    0.0273750000
      36    37    43     7    0.3427500000
      36    37    44    15    0.0210750000
      36    37    50    16    0.0303000000
      36    37    51    24    0.0018750000
      36    37    57    25    0.0002250000
      36    37    58    15    0.0000000000
      36    37    64    16    0.0000750000
      36    43    44    16    0.0145500000
      36    43    50    17    0.0220500000
      36    43    51    25    0.0009750000
      36    43    57    26    0.0002250000
      36    43    58    16    0.0000000000
      36    43    64    17    0.0000750000
      36    44    50     7    0.1122000000
      36    44    51    15    0.0043500000
      36    44    57    16    0.0006000000
      36    44    58    24    0.0000000000
      36    44    64    25    0.0000750000
      36    50    51    16    0.0073500000
      36    50    57    17    0.0004500000
      36    50    58    25    0.0000000000
      36    50    64    26    0.0001500000
      36    51    57     7    0.0146250000
      36    51    58    15    0.0038250000
      36    51    64    16    0.0102000000
      36    57    58    16    0.0000750000
      36    57    64    17    0.0004500000
      36    58    64     7    0.2485500000
      36    37    43     7    0.0884250000
      36    37    44    15    0.5313000000
      36    37    50    16    0.0099750000
      36    37    51    24    0.0000000000
      36    37    57    25    0.0001500000
      36    37    58    15    0.0000000000
      36    37    64    16    0.0000000000
      36    43    44    16    0.0897750000
      36    43    50    17    0.0041250000
      36    43    51    25    0.0000000000
      36    43    57    26    0.0001500000
      36    43    58    16    0.0000000000
      36    43    64    17    0.0000000000
      36    44    50     7    0.0150750000
      36    44    51    15    0.0000000000
      36    44    57    16    0.0003750000
      36    44    58    24    0.0000000000
      36    44    64    25    0.0000000000
      36    50    51    16    0.0000000000
      36    50    57    17    0.0000000000
      36    50    58    25    0.0000000000
      36    50    64    26    0.0000000000
      36    51    57     7    0.0327750000
      36    51    58    15    0.0000000000
      36    51    64    16    0.0000000000
      36    57    58    16    0.0001500000
      36    57    64    17    0.0000000000
      36    58    64     7    0.1704000000
      36    37    43     7    0.2835750000
      36    37    44    15    0.0049500000
      36    37    50    16    0.0003000000
      36    37    51    24    0.0025500000
      36    37    57    25    0.0000000000
      36    37    58    15    0.2020500000
      36    37    64    16    0.0111750000
      36    43    44    16    0.0081000000
      36    43    50    17    0.0003000000
      36    43    51    25    0.0040500000
      36    43    57    26    0.0000750000
      36    43    58    16    0.2298750000
      36    43    64    17    0.0179250000
      36    44    50     7    0.0028500000
      36    44    51    15    0.0031500000
      36    44    57    16    0.0002250000
      36    44    58    24    0.0080250000
      36    44    64    25    0.0011250000
      36    50    51    16    0.0003750000
      36    50    57    17    0.0000000000
      36    50    58    25    0.0001500000
      36    50    64    26    0.0000000000
      36    51    57     7    0.0051750000
      36    51    58    15    0.0079500000
      36    51    64    16    0.0018750000
      36    57    58    16    0.0005250000
      36    57    64    17    0.0002250000
      36    58    64     7    0.0361500000
      36    37    43     7    0.0135750000
      36    37    44    15    0.0032250000
      36    37    50    16    0.0028500000
      36    37    51    24    0.0026250000
      36    37    57    25    0.0021750000
      36    37    58    15    0.0108750000
      36    37    64    16    0.0088500000
      36    43    44    16    0.0005250000
      36    43    50    17    0.0002250000
      36    43    51    25    0.0003750000
      36    43    57    26    0.0000000000
      36    43    58    16    0.0016500000
      36    43    64    17    0.0012750000
      36    44    50     7    0.0063750000
      36    44    51    15    0.0060000000
      36    44    57    16    0.0033750000
      36    44    58    24    0.0001500000
      36    44    64    25    0.0003000000
      36    50    51    16    0.0068250000
      36    50    57    17    0.0044250000
      36    50    58    25    0.0004500000
      36    50    64    26    0.0000750000
      36    51    57     7    0.1881750000
      36    51    58    15    0.0006750000
      36    51    64    16    0.0004500000
      36    57    58    16    0.0006000000
      36    57    64    17    0.0001500000
      36    58    64     7    0.2004750000
      36    37    43     7    0.0183000000
      36    37    44    15    0.0006000000
      36    37    50    16    0.0000750000
      36    37    51    24    0.0000000000
      36    37    57    25    0.0000000000
      36    37    58    15    0.0003750000
      36    37    64    16    0.0000750000
      36    43    44    16    0.0011250000
      36    43    50    17    0.0000750000
      36    43    51    25    0.0000000000
      36    43    57    26    0.0001500000
      36    43    58    16    0.0006000000
      36    43    64    17    0.0002250000
      36    44    50     7    0.0303750000
      36    44    51    15    0.0001500000
      36    44    57    16    0.0001500000
      36    44    58    24    0.0000000000
      36    44    64    25    0.0000000000
      36    50    51    16    0.0000000000
      36    50    57    17    0.0000000000
      36    50    58    25    0.0000000000
      36    50    64    26    0.0000000000
      36    51    57     7    0.1296000000
      36    51    58    15    0.0026250000
      36    51    64    16    0.0006000000
      36    57    58    16    0.0031500000
      36    57    64    17    0.0004500000
      36    58    64     7    0.0251250000
      36    37    43     7    0.0801000000
      36    37    44    15    0.0009750000
      36    37    50    16    0.0006750000
      36    37    51    24    0.2245500000
      36    37    57    25    0.0568500000
      36    37    58    15    0.0343500000
      36    37    64    16    0.2441250000
      36    43    44    16    0.0001500000
      36    43    50    17    0.0001500000
      36    43    51    25    0.0325500000
      36    43    57    26    0.0068250000
      36    43    58    16    0.0042000000
      36    43    64    17    0.0354750000
      36    44    50     7    0.2713500000
      36    44    51    15    0.0020250000
      36    44    57    16    0.0017250000
      36    44    58    24    0.0000000000
      36    44    64    25    0.0009000000
      36    50    51    16    0.0015750000
      36    50    57    17    0.0007500000
      36    50    58    25    0.0000000000
      36    50    64    26    0.0007500000
      36    51    57     7    0.1631250000
      36    51    58    15    0.0324000000
      36    51    64    16    0.2424750000
      36    57    58    16    0.0065250000
      36    57    64    17    0.0590250000
      36    58    64     7    0.0375000000
      36    37    43     7    0.3906000000
      36    37    44    15    0.0015750000
      36    37    50    16    0.0009000000
      36    37    51    24    0.0000000000
      36    37    57    25    0.0000000000
      36    37    58    15    0.0000000000
      36    37    64    16    0.0000000000
      36    43    44    16    0.0007500000
      36    43    50    17    0.0003750000
      36    43    51    25    0.0000000000
      36    43    57    26    0.0000000000
      36    43    58    16    0.0000000000
      36    43    64    17    0.0000000000
      36    44    50     7    0.1783500000
      36    44    51    15    0.0021000000
      36    44    57    16    0.0029250000
      36    44    58    24    0.0000000000
      36    44    64    25    0.0000000000
      36    50    51    16    0.0005250000
      36    50    57    17    0.0013500000
      36    50    58    25    0.0000000000
      36    50    64    26    0.0000000000
      36    51    57     7    0.0759000000
      36    51    58    15    0.0001500000
      36    51    64    16    0.0000000000
      36    57    58    16    0.0003000000
      36    57    64    17    0.0000000000
      36    58    64     7    0.0939750000
      36    37    43     7    0.2445000000
      36    37    44    15    0.0036000000
      36    37    50    16    0.0086250000
      36    37    51    24    0.0372000000
      36    37    57    25    0.0012000000
      36    37    58    15    0.1986750000
      36    37    64    16    0.0642750000
      36    43    44    16    0.0072750000
      36    43    50    17    0.0188250000
      36    43    51    25    0.1133250000
      36    43    57    26    0.0027750000
      36    43    58    16    0.1386000000
      36    43    64    17    0.0591000000
      36    44    50     7    0.0011250000
      36    44    51    15    0.0032250000
      36    44    57    16    0.0002250000
      36    44    58    24    0.0030750000
      36    44    64    25    0.0010500000
      36    50    51    16    0.0055500000
      36    50    57    17    0.0001500000
      36    50    58    25    0.0085500000
      36    50    64    26    0.0036750000
      36    51    57     7    0.0021000000
      36    51    58    15    0.0495750000
      36    51    64    16    0.0167250000
      36    57    58    16    0.0018750000
      36    57    64    17    0.0006000000
      36    58    64     7    0.0578250000
      36    37    43     7    0.0040500000
      36    37    44    15    0.0223500000
      36    37    50    16    0.0006000000
      36    37    51    24    0.0519750000
      36    37    57    25    0.0965250000
      36    37    58    15    0.0155250000
      36    37    64    16    0.0223500000
      36    43    44    16    0.0041250000
      36    43    50    17    0.0000000000
      36    43    51    25    0.0098250000
      36    43    57    26    0.0168000000
      36    43    58    16    0.0026250000
      36    43    64    17    0.0045750000
      36    44    50     7    0.0017250000
      36    44    51    15    0.1446000000
      36    44    57    16    0.0782250000
      36    44    58    24    0.0091500000
      36    44    64    25    0.0106500000
      36    50    51    16    0.0045750000
      36    50    57    17    0.0028500000
      36    50    58    25    0.0003000000
      36    50    64    26    0.0003000000
      36    51    57     7    0.3969750000
      36    51    58    15    0.0320250000
      36    51    64    16    0.0408000000
      36    57    58    16    0.0296250000
      36    57    64    17    0.0409500000
      36    58    64     7    0.0314250000
      36    37    43     7    0.0090000000
      36    37    44    15    0.0000750000
      36    37    50    16    0.0000000000
      36    37    51    24    0.0006000000
      36    37    57    25    0.0005250000
      36    37    58    15    0.4059750000
      36    37    64    16    0.0060000000
      36    43    44    16    0.0000000000
      36    43    50    17    0.0000000000
      36    43    51    25    0.0000000000
      36    43    57    26    0.0000000000
      36    43    58    16    0.0120750000
      36    43    64    17    0.0003000000
      36    44    50     7    0.0165000000
      36    44    51    15    0.0020250000
      36    44    57    16    0.0033000000
      36    44    58    24    0.0001500000
      36    44    64    25    0.0000000000
      36    50    51    16    0.0019500000
      36    50    57    17    0.0032250000
      36    50    58    25    0.0000000000
      36    50    64    26    0.0000000000
      36    51    57     7    0.1936500000
      36    51    58    15    0.0007500000
      36    51    64    16    0.0000000000
      36    57    58    16    0.0009000000
      36    57    64    17    0.0000000000
      36    58    64     7    0.0125250000
      36    37    43     7    0.0138000000
      36    37    44    15    0.0003750000
      36    37    50    16    0.0001500000
      36    37    51    24    0.0001500000
      36    37    57    25    0.0000000000
      36    37    58    15    0.6764250000
      36    37    64    16    0.0003750000
      36    43    44    16    0.0006000000
      36    43    50    17    0.0000000000
      36    43    51    25    0.0000000000
      36    43    57    26    0.0000000000
      36    43    58    16    0.0142500000
      36    43    64    17    0.0000000000
      36    44    50     7    0.0610500000
      36    44    51    15    0.0009000000
      36    44    57    16    0.0001500000
      36    44    58    24    0.0005250000
      36    44    64    25    0.0000000000
      36    50    51    16    0.0001500000
      36    50    57    17    0.0000000000
      36    50    58    25    0.0001500000
      36    50    64    26    0.0000000000
      36    51    57     7    0.0002250000
      36    51    58    15    0.0001500000
      36    51    64    16    0.0002250000
      36    57    58    16    0.0000000000
      36    57    64    17    0.0000000000
      36    58    64     7    0.0003750000
      36    37    43     7    0.0151500000
      36    37    44    15    0.0003000000
      36    37    50    16    0.0032250000
      36    37    51    24    0.0009000000
      36    37    57    25    0.0000000000
      36    37    58    15    0.0003000000
      36    37    64    16    0.0004500000
      36    43    44    16    0.0000750000
      36    43    50    17    0.0003750000
      36    43    51    25    0.0001500000
      36    43    57    26    0.0000000000
      36    43    58    16    0.0000000000
      36    43    64    17    0.0000000000
      36    44    50     7    0.0162750000
      36    44    51    15    0.0026250000
      36    44    57    16    0.0000750000
      36    44    58    24    0.0000000000
      36    44    64    25    0.0000000000
      36    50    51    16    0.0124500000
      36    50    57    17    0.0003000000
      36    50    58    25    0.0000750000
      36    50    64    26    0.0000750000
      36    51    57     7    0.0158250000
      36    51    58    15    0.0013500000
      36    51    64    16    0.0009000000
      36    57    58    16    0.0000000000
      36    57    64    17    0.0000750000
      36    58    64     7    0.0608250000
      36    37    43     7    0.0000750000
      36    37    44    15    0.0013500000
      36    37    50    16    0.0084000000
      36    37    51    24    0.0009000000
      36    37    57    25    0.0000000000
      36    37    58    15    0.0000000000
      36    37    64    16    0.0001500000
      36    43    44    16    0.0000000000
      36    43    50    17    0.0000000000
      36    43    51    25    0.0000000000
      36    43    57    26    0.0000000000
      36    43    58    16    0.0000000000
      36    43    64    17    0.0000000000
      36    44    50     7    0.0093750000
      36    44    51    15    0.0006750000
      36    44    57    16    0.0000000000
      36    44    58    24    0.0000000000
      36    44    64    25    0.0000000000
      36    50    51    16    0.0040500000
      36    50    57    17    0.0001500000
      36    50    58    25    0.0000750000
      36    50    64    26    0.0001500000
      36    51    57     7    0.0021000000
      36    51    58    15    0.0003750000
      36    51    64    16    0.0039750000
      36    57    58    16    0.0000000000
      36    57    64    17    0.0000000000
      36    58    64     7    0.0010500000
      36    37    43     7    0.0043500000
      36    37    44    15    0.0033750000
      36    37    50    16    0.0002250000
      36    37    51    24    0.0009000000
      36    37    57    25    0.0006000000
      36    37    58    15    0.0000000000
      36    37    64    16    0.0000000000
      36    43    44    16    0.0002250000
      36    43    50    17    0.0000000000
      36    43    51    25    0.0000750000
      36    43    57    26    0.0001500000
      36    43    58    16    0.0000000000
      36    43    64    17    0.0000000000
      36    44    50     7    0.0117750000
      36    44    51    15    0.1874250000
      36    44    57    16    0.1687500000
      36    44    58    24    0.0004500000
      36    44    64    25    0.0000000000
      36    50    51    16    0.0032250000
      36    50    57    17    0.0035250000
      36    50    58    25    0.0000000000
      36    50    64    26    0.0000000000
      36    51    57     7    0.1981500000
      36    51    58    15    0.0002250000
      36    51    64    16    0.0000000000
      36    57    58    16    0.0003750000
      36    57    64    17    0.0000750000
      36    58    64     7    0.0096750000
      36    37    43     7    0.2265750000
      36    37    44    15    0.0006000000
      36    37    50    16    0.0002250000
      36    37    51    24    0.0011250000
      36    37    57    25    0.0001500000
      36    37    58    15    0.0005250000
      36    37    64    16    0.0006750000
      36    43    44    16    0.0017250000
      36    43    50    17    0.0006000000
      36    43    51    25    0.0028500000
      36    43    57    26    0.0002250000
      36    43    58    16    0.0008250000
      36    43    64    17    0.0015750000
      36    44    50     7    0.0435750000
      36    44    51    15    0.3592500000
      36    44    57    16    0.0221250000
      36    44    58    24    0.0072000000
      36    44    64    25    0.0195750000
      36    50    51    16    0.0338250000
      36    50    57    17    0.0027000000
      36    50    58    25    0.0006750000
      36    50    64    26    0.0021750000
      36    51    57     7    0.0204750000
      36    51    58    15    0.0157500000
      36    51    64    16    0.0374250000
      36    57    58    16    0.0016500000
      36    57    64    17    0.0038250000
      36    58    64     7    0.0230250000
      36    37    43     7    0.0156750000
      36    37    44    15    0.0013500000
      36    37    50    16    0.0007500000
      36    37    51    24    0.0030750000
      36    37    57    25    0.0003000000
      36    37    58    15    0.0021000000
      36    37    64    16    0.0032250000
      36    43    44    16    0.0003000000
      36    43    50    17    0.0000750000
      36    43    51    25    0.0005250000
      36    43    57    26    0.0000000000
      36    43    58    16    0.0007500000
      36    43    64    17    0.0008250000
      36    44    50     7    0.0392250000
      36    44    51    15    0.0405000000
      36    44    57    16    0.0080250000
      36    44    58    24    0.0073500000
      36    44    64    25    0.0107250000
      36    50    51    16    0.0205500000
      36    50    57    17    0.0019500000
      36    50    58    25    0.0045000000
      36    50    64    26    0.0075750000
      36    51    57     7    0.0196500000
      36    51    58    15    0.0740250000
      36    51    64    16    0.0959250000
      36    57    58    16    0.0051000000
      36    57    64    17    0.0063750000
      36    58    64     7    0.1844250000
      36    37    43     7    0.0224250000
      36    37    44    15    0.0002250000
      36    37    50    16    0.0000000000
      36    37    51    24    0.0002250000
      36    37    57    25    0.0001500000
      36    37    58    15    0.0013500000
      36    37    64    16    0.0003750000
      36    43    44    16    0.0007500000
      36    43    50    17    0.0001500000
      36    43    51    25    0.0003000000
      36    43    57    26    0.0003750000
      36    43    58    16    0.0028500000
      36    43    64    17    0.0011250000
      36    44    50     7    0.0030750000
      36    44    51    15    0.0003750000
      36    44    57    16    0.0003000000
      36    44    58    24    0.0005250000
      36    44    64    25    0.0003000000
      36    50    51    16    0.0003000000
      36    50    57    17    0.0001500000
      36    50    58    25    0.0001500000
      36    50    64    26    0.0000750000
      36    51    57     7    0.3259500000
      36    51    58    15    0.0262500000
      36    51    64    16    0.0142500000
      36    57    58    16    0.0270000000
      36    57    64    17    0.0142500000
      36    58    64     7    0.0642750000
      36    37    43     7    0.1108500000
      36    37    44    15    0.0002250000
      36    37    50    16    0.0000000000
      36    37    51    24    0.0000000000
      36    37    57    25    0.0000000000
      36    37    58    15    0.0003000000
      36    37    64    16    0.0002250000
      36    43    44    16    0.0000000000
      36    43    50    17    0.0000000000
      36    43    51    25    0.0000000000
      36    43    57    26    0.0000000000
      36    43    58    16    0.0001500000
      36    43    64    17    0.0001500000
      36    44    50     7    0.1977750000
      36    44    51    15    0.0000000000
      36    44    57    16    0.0000000000
      36    44    58    24    0.0000000000
      36    44    64    25    0.0000000000
      36    50    51    16    0.0000750000
      36    50    57    17    0.0000000000
      36    50    58    25    0.0000000000
      36    50    64    26    0.0000000000
      36    51    57     7    0.0217500000
      36    51    58    15    0.0129750000
      36    51    64    16    0.0049500000
      36    57    58    16    0.0011250000
      36    57    64    17    0.0004500000
      36    58    64     7    0.0425250000
      36    37    43     7    0.0512250000
      36    37    44    15    0.0122250000
      36    37    50    16    0.0000750000
      36    37    51    24    0.0041250000
      36    37    57    25    0.0025500000
      36    37    58    15    0.0093000000
      36    37    64    16    0.0017250000
      36    43    44    16    0.0053250000
      36    43    50    17    0.0000000000
      36    43    51    25    0.0024000000
      36    43    57    26    0.0011250000
      36    43    58    16    0.0034500000
      36    43    64    17    0.0008250000
      36    44    50     7    0.0029250000
      36    44    51    15    0.1203750000
      36    44    57    16    0.0767250000
      36    44    58    24    0.0027000000
      36    44    64    25    0.0003750000
      36    50    51    16    0.0010500000
      36    50    57    17    0.0005250000
      36    50    58    25    0.0000750000
      36    50    64    26    0.0000000000
      36    51    57     7    0.3912000000
      36    51    58    15    0.0013500000
      36    51    64    16    0.0002250000
      36    57    58    16    0.0010500000
      36    57    64    17    0.0002250000
      36    58    64     7    0.0040500000
      36    37    43     7    0.0039750000
      36    37    44    15    0.0114000000
      36    37    50    16    0.0171000000
      36    37    51    24    0.0000750000
      36    37    57    25    0.0000750000
      36    37    58    15    0.0136500000
      36    37    64    16    0.0006750000
      36    43    44    16    0.0049500000
      36    43    50    17    0.0089250000
      36    43    51    25    0.0000750000
      36    43    57    26    0.0000750000
      36    43    58    16    0.0042000000
      36    43    64    17    0.0003000000
      36    44    50     7    0.2064000000
      36    44    51    15    0.0008250000
      36    44    57    16    0.0006750000
      36    44    58    24    0.0108000000
      36    44    64    25    0.0011250000
      36    50    51    16    0.0015750000
      36    50    57    17    0.0021000000
      36    50    58    25    0.0265500000
      36    50    64    26    0.0013500000
      36    51    57     7    0.1297500000
      36    51    58    15    0.0016500000
      36    51    64    16    0.0000750000
      36    57    58    16    0.0017250000
      36    57    64    17    0.0001500000
      36    58    64     7    0.0225000000
      36    37    43     7    0.0239250000
      36    37    44    15    0.0460500000
      36    37    50    16    0.0032250000
      36    37    51    24    0.0030750000
      36    37    57    25    0.0141750000
      36    37    58    15    0.0342000000
      36    37    64    16    0.0244500000
      36    43    44    16    0.0271500000
      36    43    50    17    0.0018000000
      36    43    51    25    0.0011250000
      36    43    57    26    0.0060750000
      36    43    58    16    0.0177750000
      36    43    64    17    0.0122250000
      36    44    50     7    0.0513750000
      36    44    51    15    0.0324000000
      36    44    57    16    0.0903750000
      36    44    58    24    0.0976500000
      36    44    64    25    0.0732750000
      36    50    51    16    0.0018000000
      36    50    57    17    0.0076500000
      36    50    58    25    0.0081000000
      36    50    64    26    0.0048750000
      36    51    57     7    0.0695250000
      36    51    58    15    0.0229500000
      36    51    64    16    0.0160500000
      36    57    58    16    0.1053000000
      36    57    64    17    0.0982500000
      36    58    64     7    0.5634750000
      36    37    43     7    0.0007500000
      36    37    44    15    0.0001500000
      36    37    50    16    0.0009000000
      36    37    51    24    0.0000750000
      36    37    57    25    0.0000000000
      36    37    58    15    0.0051750000
      36    37    64    16    0.0123750000
      36    43    44    16    0.0000000000
      36    43    50    17    0.0000000000
      36    43    51    25    0.0000000000
      36    43    57    26    0.0000000000
      36    43    58    16    0.0000750000
      36    43    64    17    0.0000000000
      36    44    50     7    0.0846750000
      36    44    51    15    0.0032250000
      36    44    57    16    0.0033000000
      36    44    58    24    0.0000750000
      36    44    64    25    0.0000000000
      36    50    51    16    0.0112500000
      36    50    57    17    0.0098250000
      36    50    58    25    0.0000750000
      36    50    64    26    0.0000000000
      36    51    57     7    0.5106000000
      36    51    58    15    0.0000000000
      36    51    64    16    0.0000750000
      36    57    58    16    0.0000000000
      36    57    64    17    0.0000750000
      36    58    64     7    0.0342750000
      36    37    43     7    0.0377250000
      36    37    44    15    0.0340500000
      36    37    50    16    0.0020250000
      36    37    51    24    0.0191250000
      36    37    57    25    0.0054750000
      36    37    58    15    0.0044250000
      36    37    64    16    0.0131250000
      36    43    44    16    0.1386750000
      36    43    50    17    0.0079500000
      36    43    51    25    0.0906000000
      36    43    57    26    0.0300000000
      36    43    58    16    0.0177000000
      36    43    64    17    0.0569250000
      36    44    50     7    0.0174750000
      36    44    51    15    0.3680250000
      36    44    57    16    0.1020000000
      36    44    58    24    0.0467250000
      36    44    64    25    0.1613250000
      36    50    51    16    0.0108000000
      36    50    57    17    0.0034500000
      36    50    58    25    0.0015000000
      36    50    64    26    0.0049500000
      36    51    57     7    0.1386750000
      36    51    58    15    0.0930000000
      36    51    64    16    0.1545750000
      36    57    58    16    0.0266250000
      36    57    64    17    0.0546000000
      36    58    64     7    0.1098750000
      36    37    43     7    0.0017250000
      36    37    44    15    0.0000000000
      36    37    50    16    0.0004500000
      36    37    51    24    0.0000000000
      36    37    57    25    0.0000000000
      36    37    58    15    0.0000750000
      36    37    64    16    0.0000000000
      36    43    44    16    0.0000000000
      36    43    50    17    0.0002250000
      36    43    51    25    0.0000000000
      36    43    57    26    0.0000000000
      36    43    58    16    0.0000750000
      36    43    64    17    0.0000000000
      36    44    50     7    0.0185250000
      36    44    51    15    0.0000000000
      36    44    57    16    0.0000000000
      36    44    58    24    0.0000000000
      36    44    64    25    0.0000000000
      36    50    51    16    0.0000000000
      36    50    57    17    0.0000000000
      36    50    58    25    0.0000750000
      36    50    64    26    0.0000000000
      36    51    57     7    0.0015000000
      36    51    58    15    0.0023250000
      36    51    64    16    0.0008250000
      36    57    58    16    0.0006000000
      36    57    64    17    0.0003000000
      36    58    64     7    0.0735750000
      36    37    43     7    0.0138000000
      36    37    44    15    0.0345000000
      36    37    50    16    0.0075750000
      36    37    51    24    0.0091500000
      36    37    57    25    0.0002250000
      36    37    58    15    0.0152250000
      36    37    64    16    0.0057000000
      36    43    44    16    0.0050250000
      36    43    50    17    0.0006750000
      36    43    51    25    0.0012750000
      36    43    57    26    0.0000750000
      36    43    58    16    0.0033000000
      36    43    64    17    0.0010500000
      36    44    50     7    0.0622500000
      36    44    51    15    0.0732750000
      36    44    57    16    0.0014250000
      36    44    58    24    0.0166500000
      36    44    64    25    0.0055500000
      36    50    51    16    0.0116250000
      36    50    57    17    0.0004500000
      36    50    58    25    0.0037500000
      36    50    64    26    0.0012750000
      36    51    57     7    0.0001500000
      36    51    58    15    0.0057750000
      36    51    64    16    0.0014250000
      36    57    58    16    0.0000750000
      36    57    64    17    0.0001500000
      36    58    64     7    0.0077250000
      36    37    43     7    0.0251250000
      36    37    44    15    0.0005250000
      36    37    50    16    0.0001500000
      36    37    51    24    0.0180000000
      36    37    57    25    0.0028500000
      36    37    58    15    0.0938250000
      36    37    64    16    0.0028500000
      36    43    44    16    0.0000000000
      36    43    50    17    0.0000000000
      36    43    51    25    0.0022500000
      36    43    57    26    0.0001500000
      36    43    58    16    0.0085500000
      36    43    64    17    0.0002250000
      36    44    50     7    0.0127500000
      36    44    51    15    0.0001500000
      36    44    57    16    0.0000000000
      36    44    58    24    0.0006000000
      36    44    64    25    0.0000000000
      36    50    51    16    0.0000750000
      36    50    57    17    0.0000000000
      36    50    58    25    0.0000750000
      36    50    64    26    0.0000000000
      36    51    57     7    0.0456000000
      36    51    58    15    0.1766250000
      36    51    64    16    0.0078000000
      36    57    58    16    0.0267750000
      36    57    64    17    0.0009000000
      36    58    64     7    0.0121500000
      68    69    83    15    0.0114000000
      68    69    84    31    0.0000000000
      68    69    98    32    0.0001500000
      68    69    99    48    0.0040500000
      68    69   113    49    0.0000000000
      68    69   114    31    0.0177000000
      68    69   128    32    0.0003750000
      68    83    84    32    0.0000000000
      68    83    98    33    0.0000750000
      68    83    99    49    0.0168000000
      68    83   113    50    0.0000000000
      68    83   114    32    0.0725250000
      68    83   128    33    0.0015000000
      68    84    98    15    0.1217250000
      68    84    99    31    0.0000000000
      68    84   113    32    0.0000000000
      68    84   114    48    0.0000000000
      68    84   128    49    0.0000000000
      68    98    99    32    0.0000000000
      68    98   113    33    0.0000000000
      68    98   114    49    0.0000750000
      68    98   128    50    0.0000000000
      68    99   113    15    0.0000750000
      68    99   114    31    0.0501750000
      68    99   128    32    0.0004500000
      68   113   114    32    0.0000000000
      68   113   128    33    0.0000000000
      68   114   128    15    0.0030000000
      68    69    83    15    0.0010500000
      68    69    84    31    0.0000000000
      68    69    98    32    0.0000000000
      68    69    99    48    0.0000000000
      68    69   113    49    0.0000750000
      68    69   114    31    0.0015000000
      68    69   128    32    0.0011250000
      68    83    84    32    0.0000000000
      68    83    98    33    0.0000000000
      68    83    99    49    0.0000000000
      68    83   113    50    0.0000000000
      68    83   114    32    0.0000750000
      68    83   128    33    0.0000000000
      68    84    98    15    0.0738000000
      68    84    99    31    0.0006000000
      68    84   113    32    0.0004500000
      68    84   114    48    0.0000000000
      68    84   128    49    0.0000000000
      68    98    99    32    0.0001500000
      68    98   113    33    0.0000750000
      68    98   114    49    0.0000000000
      68    98   128    50    0.0000000000
      68    99   113    15    0.0051000000
      68    99   114    31    0.0000000000
      68    99   128    32    0.0000000000
      68   113   114    32    0.0000000000
      68   113   128    33    0.0000000000
      68   114   128    15    0.0000000000
      68    69    83    15    0.0120000000
      68    69    84    31    0.0004500000
      68    69    98    32    0.0185250000
      68    69    99    48    0.0481500000
      68    69   113    49    0.0034500000
      68    69   114    31    0.0873000000
      68    69   128    32    0.0018000000
      68    83    84    32    0.0000750000
      68    83    98    33    0.0011250000
      68    83    99    49    0.0052500000
      68    83   113    50    0.0004500000
      68    83   114    32    0.0130500000
      68    83   128    33    0.0003000000
      68    84    98    15    0.0001500000
      68    84    99    31    0.0008250000
      68    84   113    32    0.0000750000
      68    84   114    48    0.0000000000
      68    84   128    49    0.0000000000
      68    98    99    32    0.0246750000
      68    98   113    33    0.0015750000
      68    98   114    49    0.0083250000
      68    98   128    50    0.0003750000
      68    99   113    15    0.0108750000
      68    99   114    31    0.0231000000
      68    99   128    32    0.0009000000
      68   113   114    32    0.0018000000
      68   113   128    33    0.0000750000
      68   114   128    15    0.0089250000
      68    69    83    15    0.0000000000
      68    69    84    31    0.0091500000
      68    69    98    32    0.0003000000
      68    69    99    48    0.0000000000
      68    69   113    49    0.0000750000
      68    69   114    31    0.0000000000
      68    69   128    32    0.0000000000
      68    83    84    32    0.0000000000
      68    83    98    33    0.0000000000
      68    83    99    49    0.0000000000
      68    83   113    50    0.0000000000
      68    83   114    32    0.0000000000
      68    83   128    33    0.0000000000
      68    84    98    15    0.0473250000
      68    84    99    31    0.0011250000
      68    84   113    32    0.0148500000
      68    84   114    48    0.0002250000
      68    84   128    49    0.0000000000
      68    98    99    32    0.0009750000
      68    98   113    33    0.0111750000
      68    98   114    49    0.0000000000
      68    98   128    50    0.0000000000
      68    99   113    15    0.0049500000
      68    99   114    31    0.0000750000
      68    99   128    32    0.0000000000
      68   113   114    32    0.0006750000
      68   113   128    33    0.0000000000
      68   114   128    15    0.0030000000
      68    69    83    15    0.0000000000
      68    69    84    31    0.0081750000
      68    69    98    32    0.0027750000
      68    69    99    48    0.0140250000
      68    69   113    49    0.0194250000
      68    69   114    31    0.0010500000
      68    69   128    32    0.0000000000
      68    83    84    32    0.0000000000
      68    83    98    33    0.0000000000
      68    83    99    49    0.0000000000
      68    83   113    50    0.0000000000
      68    83   114    32    0.0000000000
      68    83   128    33    0.0000000000
      68    84    98    15    0.0191250000
      68    84    99    31    0.0312750000
      68    84   113    32    0.0239250000
      68    84   114    48    0.0004500000
      68    84   128    49    0.0000000000
      68    98    99    32    0.0119250000
      68    98   113    33    0.0087000000
      68    98   114    49    0.0001500000
      68    98   128    50    0.0000000000
      68    99   113    15    0.2168250000
      68    99   114    31    0.0011250000
      68    99   128    32    0.0000750000
      68   113   114    32    0.0022500000
      68   113   128    33    0.0000750000
      68   114   128    15    0.0000750000
      68    69    83    15    0.1060500000
      68    69    84    31    0.0014250000
      68    69    98    32    0.0267000000
      68    69    99    48    0.0216000000
      68    69   113    49    0.0000000000
      68    69   114    31    0.0000750000
      68    69   128    32    0.0000000000
      68    83    84    32    0.0036000000
      68    83    98    33    0.0731250000
      68    83    99    49    0.0609750000
      68    83   113    50    0.0001500000
      68    83   114    32    0.0010500000
      68    83   128    33    0.0000750000
      68    84    98    15    0.0147000000
      68    84    99    31    0.0095250000
      68    84   113    32    0.0000000000
      68    84   114    48    0.0000000000
      68    84   128    49    0.0000000000
      68    98    99    32    0.2016750000
      68    98   113    33    0.0010500000
      68    98   114    49    0.0005250000
      68    98   128    50    0.0000000000
      68    99   113    15    0.0031500000
      68    99   114    31    0.0004500000
      68    99   128    32    0.0000000000
      68   113   114    32    0.0000000000
      68   113   128    33    0.0000000000
      68   114   128    15    0.0129750000
      68    69    83    15    0.0007500000
      68    69    84    31    0.0000000000
      68    69    98    32    0.0000000000
      68    69    99    48    0.0000000000
      68    69   113    49    0.0000000000
      68    69   114    31    0.0000000000
      68    69   128    32    0.0000000000
      68    83    84    32    0.0000000000
      68    83    98    33    0.0000000000
      68    83    99    49    0.0000000000
      68    83   113    50    0.0000000000
      68    83   114    32    0.0000000000
      68    83   128    33    0.0000000000
      68    84    98    15    0.0000000000
      68    84    99    31    0.0000000000
      68    84   113    32    0.0000000000
      68    84   114    48    0.0000000000
      68    84   128    49    0.0000000000
      68    98    99    32    0.0000000000
      68    98   113    33    0.0000000000
      68    98   114    49    0.0000000000
      68    98   128    50    0.0000000000
      68    99   113    15    0.0043500000
      68    99   114    31    0.0000000000
      68    99   128    32    0.0000000000
      68   113   114    32    0.0000000000
      68   113   128    33    0.0000000000
      68   114   128    15    0.0006000000
      68    69    83    15    0.0105750000
      68    69    84    31    0.0013500000
      68    69    98    32    0.0000750000
      68    69    99    48    0.0000000000
      68    69   113    49    0.0000000000
      68    69   114    31    0.0000000000
      68    69   128    32    0.0000000000
      68    83    84    32    0.0057750000
      68    83    98    33    0.0000750000
      68    83    99    49    0.0000000000
      68    83   113    50    0.0005250000
      68    83   114    32    0.0007500000
      68    83   128    33    0.0002250000
      68    84    98    15    0.0348750000
      68    84    99    31    0.0003000000
      68    84   113    32    0.0067500000
      68    84   114    48    0.0003000000
      68    84   128    49    0.0007500000
      68    98    99    32    0.0000000000
      68    98   113    33    0.0003000000
      68    98   114    49    0.0000750000
      68    98   128    50    0.0000000000
      68    99   113    15    0.0331500000
      68    99   114    31    0.0000000000
      68    99   128    32    0.0000000000
      68   113   114    32    0.0001500000
      68   113   128    33    0.0000750000
      68   114   128    15    0.0002250000
      68    69    83    15    0.0175500000
      68    69    84    31    0.0004500000
      68    69    98    32    0.0000000000
      68    69    99    48    0.0004500000
      68    69   113    49    0.0000000000
      68    69   114    31    0.0000000000
      68    69   128    32    0.0003750000
      68    83    84    32    0.0016500000
      68    83    98    33    0.0000000000
      68    83    99    49    0.0015750000
      68    83   113    50    0.0000750000
      68    83   114    32    0.0000000000
      68    83   128    33    0.0010500000
      68    84    98    15    0.0009000000
      68    84    99    31    0.3574500000
      68    84   113    32    0.0132000000
      68    84   114    48    0.0002250000
      68    84   128    49    0.0603750000
      68    98    99    32    0.0003750000
      68    98   113    33    0.0000750000
      68    98   114    49    0.0000000000
      68    98   128    50    0.0001500000
      68    99   113    15    0.0074250000
      68    99   114    31    0.0004500000
      68    99   128    32    0.0792750000
      68   113   114    32    0.0000000000
      68   113   128    33    0.0029250000
      68   114   128    15    0.0003000000
      68    69    83    15    0.0074250000
      68    69    84    31    0.0441750000
      68    69    98    32    0.0447750000
      68    69    99    48    0.0006000000
      68    69   113    49    0.0168000000
      68    69   114    31    0.0004500000
      68    69   128    32    0.0009750000
      68    83    84    32    0.0030000000
      68    83    98    33    0.0021000000
      68    83    99    49    0.0000750000
      68    83   113    50    0.0006000000
      68    83   114    32    0.0000000000
      68    83   128    33    0.0000000000
      68    84    98    15    0.0797250000
      68    84    99    31    0.0005250000
      68    84   113    32    0.0257250000
      68    84   114    48    0.0004500000
      68    84   128    49    0.0015000000
      68    98    99    32    0.0008250000
      68    98   113    33    0.0232500000
      68    98   114    49    0.0002250000
      68    98   128    50    0.0010500000
      68    99   113    15    0.0024000000
      68    99   114    31    0.0000000000
      68    99   128    32    0.0000000000
      68   113   114    32    0.0005250000
      68   113   128    33    0.0015750000
      68   114   128    15    0.3289500000
     132   133   163    31    0.0023250000
     132   133   164    63    0.0000000000
     132   133   194    64    0.0000000000
     132   133   195    96    0.0000000000
     132   133   225    97    0.0000000000
     132   133   226    63    0.0002250000
     132   133   256    64    0.0002250000
     132   163   164    64    0.0026250000
     132   163   194    65    0.0000000000
     132   163   195    97    0.0000000000
     132   163   225    98    0.0030750000
     132   163   226    64    0.0064500000
     132   163   256    65    0.0195750000
     132   164   194    31    0.0000000000
     132   164   195    63    0.0000000000
     132   164   225    64    0.0005250000
     132   164   226    96    0.0008250000
     132   164   256    97    0.0010500000
     132   194   195    64    0.0000000000
     132   194   225    65    0.0000000000
     132   194   226    97    0.0000000000
     132   194   256    98    0.0000000000
     132   195   225    31    0.0000000000
     132   195   226    63    0.0000000000
     132   195   256    64    0.0000000000
     132   225   226    64    0.0009000000
     132   225   256    65    0.0021000000
     132   226   256    31    0.0011250000
     132   133   163    31    0.0020250000
     132   133   164    63    0.0000750000
     132   133   194    64    0.0000000000
     132   133   195    96    0.0000000000
     132   133   225    97    0.0000000000
     132   133   226    63    0.0048000000
     132   133   256    64    0.0081000000
     132   163   164    64    0.0000000000
     132   163   194    65    0.0000000000
     132   163   195    97    0.0000000000
     132   163   225    98    0.0003750000
     132   163   226    64    0.0045750000
     132   163   256    65    0.0054750000
     132   164   194    31    0.0000000000
     132   164   195    63    0.0000000000
     132   164   225    64    0.0012000000
     132   164   226    96    0.0011250000
     132   164   256    97    0.0027750000
     132   194   195    64    0.0000000000
     132   194   225    65    0.0000750000
     132   194   226    97    0.0000000000
     132   194   256    98    0.0000000000
     132   195   225    31    0.0000000000
     132   195   226    63    0.0000000000
     132   195   256    64    0.0000000000
     132   225   226    64    0.0020250000
     132   225   256    65    0.0057750000
     132   226   256    31    0.1794750000
     132   133   163    31    0.0014250000
     132   133   164    63    0.0255000000
     132   133   194    64    0.1203750000
     132   133   195    96    0.0096750000
     132   133   225    97    0.0000000000
     132   133   226    63    0.0002250000
     132   133   256    64    0.0012000000
     132   163   164    64    0.0002250000
     132   163   194    65    0.0028500000
     132   163   195    97    0.0001500000
     132   163   225    98    0.0000000000
     132   163   226    64    0.0000000000
     132   163   256    65    0.0000000000
     132   164   194    31    0.0345000000
     132   164   195    63    0.0029250000
     132   164   225    64    0.0000000000
     132   164   226    96    0.0000750000
     132   164   256    97    0.0003000000
     132   194   195    64    0.0150000000
     132   194   225    65    0.0000000000
     132   194   226    97    0.0006750000
     132   194   256    98    0.0016500000
     132   195   225    31    0.0000000000
     132   195   226    63    0.0012000000
     132   195   256    64    0.0044250000
     132   225   226    64    0.0000000000
     132   225   256    65    0.0000000000
     132   226   256    31    0.0003000000
     132   133   163    31    0.0000000000
     132   133   164    63    0.0000000000
     132   133   194    64    0.0000000000
     132   133   195    96    0.0000000000
     132   133   225    97    0.0000000000
     132   133   226    63    0.0000000000
     132   133   256    64    0.0000000000
     132   163   164    64    0.0000000000
     132   163   194    65    0.0000000000
     132   163   195    97    0.0000000000
     132   163   225    98    0.0000000000
     132   163   226    64    0.0000000000
     132   163   256    65    0.0000000000
     132   164   194    31    0.0180750000
     132   164   195    63    0.0000000000
     132   164   225    64    0.0000000000
     132   164   226    96    0.0000000000
     132   164   256    97    0.0000000000
     132   194   195    64    0.0000000000
     132   194   225    65    0.0000000000
     132   194   226    97    0.0000000000
     132   194   256    98    0.0000000000
     132   195   225    31    0.0000000000
     132   195   226    63    0.0000000000
     132   195   256    64    0.0000000000
     132   225   226    64    0.0000750000
     132   225   256    65    0.0000000000
     132   226   256    31    0.0042750000
     132   133   163    31    0.0000000000
     132   133   164    63    0.0000000000
     132   133   194    64    0.0000000000
     132   133   195    96    0.0000000000
     132   133   225    97    0.0000000000
     132   133   226    63    0.0000000000
     132   133   256    64    0.0000000000
     132   163   164    64    0.0000000000
     132   163   194    65    0.0000000000
     132   163   195    97    0.0000000000
     132   163   225    98    0.0000000000
     132   163   226    64    0.0000000000
     132   163   256    65    0.0000000000
     132   164   194    31    0.0003000000
     132   164   195    63    0.0003750000
     132   164   225    64    0.0000000000
     132   164   226    96    0.0000000000
     132   164   256    97    0.0000000000
     132   194   195    64    0.0072000000
     132   194   225    65    0.0022500000
     132   194   226    97    0.0024000000
     132   194   256    98    0.0017250000
     132   195   225    31    0.0093000000
     132   195   226    63    0.0091500000
     132   195   256    64    0.0047250000
     132   225   226    64    0.0029250000
     132   225   256    65    0.0017250000
     132   226   256    31    0.0075000000
     132   133   163    31    0.0000000000
     132   133   164    63    0.0000000000
     132   133   194    64    0.0000000000
     132   133   195    96    0.0000000000
     132   133   225    97    0.0000000000
     132   133   226    63    0.0000000000
     132   133   256    64    0.0000000000
     132   163   164    64    0.0117000000
     132   163   194    65    0.0006000000
     132   163   195    97    0.0004500000
     132   163   225    98    0.0000000000
     132   163   226    64    0.0001500000
     132   163   256    65    0.0005250000
     132   164   194    31    0.0511500000
     132   164   195    63    0.0049500000
     132   164   225    64    0.0000000000
     132   164   226    96    0.0018000000
     132   164   256    97    0.0025500000
     132   194   195    64    0.0002250000
     132   194   225    65    0.0000000000
     132   194   226    97    0.0000750000
     132   194   256    98    0.0000750000
     132   195   225    31    0.0000000000
     132   195   226    63    0.0000000000
     132   195   256    64    0.0000750000
     132   225   226    64    0.0000000000
     132   225   256    65    0.0000000000
     132   226   256    31    0.0033000000
     132   133   163    31    0.0000000000
     132   133   164    63    0.0014250000
     132   133   194    64    0.0000000000
     132   133   195    96    0.0000000000
     132   133   225    97    0.0000000000
     132   133   226    63    0.0017250000
     132   133   256    64    0.0000000000
     132   163   164    64    0.0016500000
     132   163   194    65    0.0000000000
     132   163   195    97    0.0000000000
     132   163   225    98    0.0000000000
     132   163   226    64    0.0024750000
     132   163   256    65    0.0000000000
     132   164   194    31    0.0000000000
     132   164   195    63    0.0003000000
     132   164   225    64    0.0015000000
     132   164   226    96    0.0751500000
     132   164   256    97    0.0001500000
     132   194   195    64    0.0000000000
     132   194   225    65    0.0000000000
     132   194   226    97    0.0000000000
     132   194   256    98    0.0000000000
     132   195   225    31    0.0000000000
     132   195   226    63    0.0001500000
     132   195   256    64    0.0000000000
     132   225   226    64    0.0002250000
     132   225   256    65    0.0000000000
     132   226   256    31    0.0003000000
     132   133   163    31    0.0024000000
     132   133   164    63    0.0000000000
     132   133   194    64    0.0000000000
     132   133   195    96    0.0000000000
     132   133   225    97    0.0000000000
     132   133   226    63    0.0002250000
     132   133   256    64    0.0000000000
     132   163   164    64    0.0000000000
     132   163   194    65    0.0000000000
     132   163   195    97    0.0000000000
     132   163   225    98    0.0000000000
     132   163   226    64    0.0000000000
     132   163   256    65    0.0000000000
     132   164   194    31    0.0000000000
     132   164   195    63    0.0000000000
     132   164   225    64    0.0000000000
     132   164   226    96    0.0000000000
     132   164   256    97    0.0000000000
     132   194   195    64    0.0000000000
     132   194   225    65    0.0000000000
     132   194   226    97    0.0000000000
     132   194   256    98    0.0000000000
     132   195   225    31    0.0000000000
     132   195   226    63    0.0000000000
     132   195   256    64    0.0000000000
     132   225   226    64    0.0000000000
     132   225   256    65    0.0000000000
     132   226   256    31    0.0000000000
     132   133   163    31    0.0000000000
     132   133   164    63    0.0004500000
     132   133   194    64    0.0000000000
     132   133   195    96    0.0004500000
     132   133   225    97    0.0000000000
     132   133   226    63    0.0013500000
     132   133   256    64    0.0012750000
     132   163   164    64    0.0000000000
     132   163   194    65    0.0000000000
     132   163   195    97    0.0000000000
     132   163   225    98    0.0000000000
     132   163   226    64    0.0000000000
     132   163   256    65    0.0000000000
     132   164   194    31    0.0000000000
     132   164   195    63    0.0000000000
     132   164   225    64    0.0000000000
     132   164   226    96    0.0001500000
     132   164   256    97    0.0002250000
     132   194   195    64    0.0000000000
     132   194   225    65    0.0000000000
     132   194   226    97    0.0000000000
     132   194   256    98    0.0000000000
     132   195   225    31    0.0004500000
     132   195   226    63    0.0003750000
     132   195   256    64    0.0012750000
     132   225   226    64    0.0000000000
     132   225   256    65    0.0000000000
     132   226   256    31    0.0006000000
     132   133   163    31    0.0000000000
     132   133   164    63    0.0000000000
     132   133   194    64    0.0000000000
     132   133   195    96    0.0000000000
     132   133   225    97    0.0000000000
     132   133   226    63    0.0000000000
     132   133   256    64    0.0000000000
     132   163   164    64    0.0000000000
     132   163   194    65    0.0000000000
     132   163   195    97    0.0000000000
     132   163   225    98    0.0000000000
     132   163   226    64    0.0000000000
     132   163   256    65    0.0000000000
     132   164   194    31    0.0000750000
     132   164   195    63    0.0000000000
     132   164   225    64    0.0000000000
     132   164   226    96    0.0000000000
     132   164   256    97    0.0000000000
     132   194   195    64    0.0000000000
     132   194   225    65    0.0000000000
     132   194   226    97    0.0000000000
     132   194   256    98    0.0000000000
     132   195   225    31    0.0000750000
     132   195   226    63    0.0000000000
     132   195   256    64    0.0000000000
     132   225   226    64    0.0000000000
     132   225   256    65    0.0000000000
     132   226   256    31    0.0062250000
     196   197   243    47    0.0000000000
     196   197   244    95    0.0000000000
     196   197   290    96    0.0000000000
     196   197   291   144    0.0000000000
     196   197   337   145    0.0000000000
     196   197   338    95    0.0000000000
     196   197   384    96    0.0000000000
     196   243   244    96    0.0000000000
     196   243   290    97    0.0000750000
     196   243   291   145    0.0000000000
     196   243   337   146    0.0001500000
     196   243   338    96    0.0000000000
     196   243   384    97    0.0000000000
     196   244   290    47    0.0009000000
     196   244   291    95    0.0000000000
     196   244   337    96    0.0000000000
     196   244   338   144    0.0000000000
     196   244   384   145    0.0000000000
     196   290   291    96    0.0000750000
     196   290   337    97    0.0022500000
     196   290   338   145    0.0000750000
     196   290   384   146    0.0000000000
     196   291   337    47    0.0026250000
     196   291   338    95    0.0000750000
     196   291   384    96    0.0000000000
     196   337   338    96    0.0013500000
     196   337   384    97    0.0000000000
     196   338   384    47    0.0000000000
     196   197   243    47    0.0000000000
     196   197   244    95    0.0000750000
     196   197   290    96    0.0000000000
     196   197   291   144    0.0000000000
     196   197   337   145    0.0000000000
     196   197   338    95    0.0002250000
     196   197   384    96    0.0006750000
     196   243   244    96    0.0000000000
     196   243   290    97    0.0000000000
     196   243   291   145    0.0000000000
     196   243   337   146    0.0000000000
     196   243   338    96    0.0000000000
     196   243   384    97    0.0000000000
     196   244   290    47    0.0089250000
     196   244   291    95    0.0030750000
     196   244   337    96    0.0000000000
     196   244   338   144    0.0009750000
     196   244   384   145    0.0061500000
     196   290   291    96    0.0000750000
     196   290   337    97    0.0000000000
     196   290   338   145    0.0000000000
     196   290   384   146    0.0000000000
     196   291   337    47    0.0000000000
     196   291   338    95    0.0092250000
     196   291   384    96    0.0645750000
     196   337   338    96    0.0000000000
     196   337   384    97    0.0000000000
     196   338   384    47    0.0553500000
     196   197   243    47    0.0005250000
     196   197   244    95    0.0000000000
     196   197   290    96    0.0000000000
     196   197   291   144    0.0000000000
     196   197   337   145    0.0000000000
     196   197   338    95    0.0000000000
     196   197   384    96    0.0000000000
     196   243   244    96    0.0001500000
     196   243   290    97    0.0000000000
     196   243   291   145    0.0000000000
     196   243   337   146    0.0000000000
     196   243   338    96    0.0000000000
     196   243   384    97    0.0000000000
     196   244   290    47    0.0000000000
     196   244   291    95    0.0000000000
     196   244   337    96    0.0000000000
     196   244   338   144    0.0000000000
     196   244   384   145    0.0000000000
     196   290   291    96    0.0000000000
     196   290   337    97    0.0000000000
     196   290   338   145    0.0000000000
     196   290   384   146    0.0000000000
     196   291   337    47    0.0000000000
     196   291   338    95    0.0000000000
     196   291   384    96    0.0000000000
     196   337   338    96    0.0000000000
     196   337   384    97    0.0000000000
     196   338   384    47    0.0000000000
     196   197   243    47    0.0000000000
     196   197   244    95    0.0000000000
     196   197   290    96    0.0000000000
     196   197   291   144    0.0000000000
     196   197   337   145    0.0000000000
     196   197   338    95    0.0000000000
     196   197   384    96    0.0000000000
     196   243   244    96    0.0000000000
     196   243   290    97    0.0000000000
     196   243   291   145    0.0000000000
     196   243   337   146    0.0000000000
     196   243   338    96    0.0000000000
     196   243   384    97    0.0000000000
     196   244   290    47    0.0000000000
     196   244   291    95    0.0000000000
     196   244   337    96    0.0000000000
     196   244   338   144    0.0000000000
     196   244   384   145    0.0000000000
     196   290   291    96    0.0000000000
     196   290   337    97    0.0000000000
     196   290   338   145    0.0000000000
     196   290   384   146    0.0000000000
     196   291   337    47    0.0000000000
     196   291   338    95    0.0000000000
     196   291   384    96    0.0000000000
     196   337   338    96    0.0000000000
     196   337   384    97    0.0000000000
     196   338   384    47    0.0000750000
     196   197   243    47    0.0000000000
     196   197   244    95    0.0000000000
     196   197   290    96    0.0000000000
     196   197   291   144    0.0000000000
     196   197   337   145    0.0000000000
     196   197   338    95    0.0173250000
     196   197   384    96    0.0000000000
     196   243   244    96    0.0000000000
     196   243   290    97    0.0000000000
     196   243   291   145    0.0000000000
     196   243   337   146    0.0000000000
     196   243   338    96    0.0000000000
     196   243   384    97    0.0000000000
     196   244   290    47    0.0000000000
     196   244   291    95    0.0000000000
     196   244   337    96    0.0000000000
     196   244   338   144    0.0000000000
     196   244   384   145    0.0000000000
     196   290   291    96    0.0000000000
     196   290   337    97    0.0000000000
     196   290   338   145    0.0000000000
     196   290   384   146    0.0000000000
     196   291   337    47    0.0000000000
     196   291   338    95    0.0000000000
     196   291   384    96    0.0000000000
     196   337   338    96    0.0000750000
     196   337   384    97    0.0000000000
     196   338   384    47    0.0000000000
     196   197   243    47    0.0024000000
     196   197   244    95    0.0001500000
     196   197   290    96    0.0000000000
     196   197   291   144    0.0000000000
     196   197   337   145    0.0000000000
     196   197   338    95    0.0000000000
     196   197   384    96    0.0000000000
     196   243   244    96    0.0000000000
     196   243   290    97    0.0000000000
     196   243   291   145    0.0000000000
     196   243   337   146    0.0000000000
     196   243   338    96    0.0000000000
     196   243   384    97    0.0000000000
     196   244   290    47    0.0004500000
     196   244   291    95    0.0008250000
     196   244   337    96    0.0003750000
     196   244   338   144    0.0000000000
     196   244   384   145    0.0006750000
     196   290   291    96    0.0000000000
     196   290   337    97    0.0000000000
     196   290   338   145    0.0000000000
     196   290   384   146    0.0000000000
     196   291   337    47    0.0003750000
     196   291   338    95    0.0000000000
     196   291   384    96    0.0009000000
     196   337   338    96    0.0000000000
     196   337   384    97    0.0000000000
     196   338   384    47    0.0000000000
     196   197   243    47    0.0000000000
     196   197   244    95    0.0000000000
     196   197   290    96    0.0000000000
     196   197   291   144    0.0000000000
     196   197   337   145    0.0000000000
     196   197   338    95    0.0000000000
     196   197   384    96    0.0000000000
     196   243   244    96    0.0000000000
     196   243   290    97    0.0000000000
     196   243   291   145    0.0000000000
     196   243   337   146    0.0000000000
     196   243   338    96    0.0000000000
     196   243   384    97    0.0000000000
     196   244   290    47    0.0003750000
     196   244   291    95    0.0061500000
     196   244   337    96    0.0046500000
     196   244   338   144    0.0000000000
     196   244   384   145    0.0000000000
     196   290   291    96    0.0006750000
     196   290   337    97    0.0008250000
     196   290   338   145    0.0000000000
     196   290   384   146    0.0000000000
     196   291   337    47    0.0053250000
     196   291   338    95    0.0000000000
     196   291   384    96    0.0000000000
     196   337   338    96    0.0000000000
     196   337   384    97    0.0000000000
     196   338   384    47    0.0000000000
     196   197   243    47    0.0083250000
     196   197   244    95    0.0000000000
     196   197   290    96    0.0000000000
     196   197   291   144    0.0000000000
     196   197   337   145    0.0000000000
     196   197   338    95    0.0027000000
     196   197   384    96    0.0000000000
     196   243   244    96    0.0000000000
     196   243   290    97    0.0000000000
     196   243   291   145    0.0000000000
     196   243   337   146    0.0000000000
     196   243   338    96    0.0011250000
     196   243   384    97    0.0000000000
     196   244   290    47    0.0000000000
     196   244   291    95    0.0000000000
     196   244   337    96    0.0000000000
     196   244   338   144    0.0000000000
     196   244   384   145    0.0000000000
     196   290   291    96    0.0000000000
     196   290   337    97    0.0000000000
     196   290   338   145    0.0000000000
     196   290   384   146    0.0000000000
     196   291   337    47    0.0000000000
     196   291   338    95    0.0002250000
     196   291   384    96    0.0000000000
     196   337   338    96    0.0000000000
     196   337   384    97    0.0000000000
     196   338   384    47    0.0001500000
     196   197   243    47    0.0086250000
     196   197   244    95    0.0000000000
     196   197   290    96    0.0000750000
     196   197   291   144    0.0000000000
     196   197   337   145    0.0000000000
     196   197   338    95    0.0010500000
     196   197   384    96    0.0000000000
     196   243   244    96    0.0000000000
     196   243   290    97    0.0000000000
     196   243   291   145    0.0000000000
     196   243   337   146    0.0000000000
     196   243   338    96    0.0005250000
     196   243   384    97    0.0000000000
     196   244   290    47    0.0000750000
     196   244   291    95    0.0000000000
     196   244   337    96    0.0000000000
     196   244   338   144    0.0000000000
     196   244   384   145    0.0000000000
     196   290   291    96    0.0000000000
     196   290   337    97    0.0000000000
     196   290   338   145    0.0000000000
     196   290   384   146    0.0000000000
     196   291   337    47    0.0000000000
     196   291   338    95    0.0000000000
     196   291   384    96    0.0000000000
     196   337   338    96    0.0000000000
     196   337   384    97    0.0000000000
     196   338   384    47    0.0000000000
     196   197   243    47    0.0000000000
     196   197   244    95    0.0000000000
     196   197   290    96    0.0000000000
     196   197   291   144    0.0000000000
     196   197   337   145    0.0000000000
     196   197   338    95    0.0000000000
     196   197   384    96    0.0000000000
     196   243   244    96    0.0032250000
     196   243   290    97    0.0000000000
     196   243   291   145    0.0000000000
     196   243   337   146    0.0000750000
     196   243   338    96    0.0000000000
     196   243   384    97    0.0000750000
     196   244   290    47    0.0000000000
     196   244   291    95    0.0000750000
     196   244   337    96    0.0009750000
     196   244   338   144    0.0000750000
     196   244   384   145    0.0017250000
     196   290   291    96    0.0000000000
     196   290   337    97    0.0000000000
     196   290   338   145    0.0000000000
     196   290   384   146    0.0000000000
     196   291   337    47    0.0445500000
     196   291   338    95    0.0000000000
     196   291   384    96    0.0000000000
     196   337   338    96    0.0000000000
     196   337   384    97    0.0002250000
     196   338   384    47    0.0000000000
     260   261   323    63    0.0000000000
     260   261   324   127    0.0000000000
     260   261   386   128    0.0000000000
     260   261   387   192    0.0000000000
     260   261   449   193    0.0000000000
     260   261   450   127    0.0000000000
     260   261   512   128    0.0000000000
     260   323   324   128    0.0000000000
     260   323   386   129    0.0000000000
     260   323   387   193    0.0000000000
     260   323   449   194    0.0000000000
     260   323   450   128    0.0000000000
     260   323   512   129    0.0000000000
     260   324   386    63    0.0000000000
     260   324   387   127    0.0000000000
     260   324   449   128    0.0000000000
     260   324   450   192    0.0000000000
     260   324   512   193    0.0000000000
     260   386   387   128    0.0000000000
     260   386   449   129    0.0000000000
     260   386   450   193    0.0000000000
     260   386   512   194    0.0000000000
     260   387   449    63    0.0001500000
     260   387   450   127    0.0000750000
     260   387   512   128    0.0000000000
     260   449   450   128    0.0003000000
     260   449   512   129    0.0000000000
     260   450   512    63    0.0000750000
     260   261   323    63    0.0000000000
     260   261   324   127    0.0000000000
     260   261   386   128    0.0000000000
     260   261   387   192    0.0000750000
     260   261   449   193    0.0000000000
     260   261   450   127    0.0000000000
     260   261   512   128    0.0000000000
     260   323   324   128    0.0000000000
     260   323   386   129    0.0000000000
     260   323   387   193    0.0000000000
     260   323   449   194    0.0000000000
     260   323   450   128    0.0000000000
     260   323   512   129    0.0000000000
     260   324   386    63    0.0000000000
     260   324   387   127    0.0000000000
     260   324   449   128    0.0000000000
     260   324   450   192    0.0000000000
     260   324   512   193    0.0000000000
     260   386   387   128    0.0056250000
     260   386   449   129    0.0000000000
     260   386   450   193    0.0008250000
     260   386   512   194    0.0000000000
     260   387   449    63    0.0000000000
     260   387   450   127    0.0061500000
     260   387   512   128    0.0000750000
     260   449   450   128    0.0000000000
     260   449   512   129    0.0000000000
     260   450   512    63    0.0000000000
     260   261   323    63    0.0002250000
     260   261   324   127    0.0000000000
     260   261   386   128    0.0000000000
     260   261   387   192    0.0000000000
     260   261   449   193    0.0000000000
     260   261   450   127    0.0000000000
     260   261   512   128    0.0000000000
     260   323   324   128    0.0000000000
     260   323   386   129    0.0000000000
     260   323   387   193    0.0000000000
     260   323   449   194    0.0000000000
     260   323   450   128    0.0000000000
     260   323   512   129    0.0000000000
     260   324   386    63    0.0000000000
     260   324   387   127    0.0004500000
     260   324   449   128    0.0000000000
     260   324   450   192    0.0000000000
     260   324   512   193    0.0000000000
     260   386   387   128    0.0000000000
     260   386   449   129    0.0000000000
     260   386   450   193    0.0000000000
     260   386   512   194    0.0000000000
     260   387   449    63    0.0000000000
     260   387   450   127    0.0000000000
     260   387   512   128    0.0029250000
     260   449   450   128    0.0000000000
     260   449   512   129    0.0000000000
     260   450   512    63    0.0000000000
     260   261   323    63    0.0000000000
     260   261   324   127    0.0767250000
     260   261   386   128    0.0040500000
     260   261   387   192    0.0000000000
     260   261   449   193    0.0000750000
     260   261   450   127    0.0000000000
     260   261   512   128    0.0001500000
     260   323   324   128    0.0000000000
     260   323   386   129    0.0000000000
     260   323   387   193    0.0000000000
     260   323   449   194    0.0000000000
     260   323   450   128    0.0000000000
     260   323   512   129    0.0000000000
     260   324   386    63    0.0007500000
     260   324   387   127    0.0000000000
     260   324   449   128    0.0000000000
     260   324   450   192    0.0000000000
     260   324   512   193    0.0000750000
     260   386   387   128    0.0000000000
     260   386   449   129    0.0000750000
     260   386   450   193    0.0000000000
     260   386   512   194    0.0000000000
     260   387   449    63    0.0000000000
     260   387   450   127    0.0000000000
     260   387   512   128    0.0000000000
     260   449   450   128    0.0000000000
     260   449   512   129    0.0000000000
     260   450   512    63    0.0000000000
     260   261   323    63    0.0006750000
     260   261   324   127    0.0162000000
     260   261   386   128    0.0000000000
     260   261   387   192    0.0000000000
     260   261   449   193    0.0005250000
     260   261   450   127    0.0008250000
     260   261   512   128    0.0000000000
     260   323   324   128    0.0119250000
     260   323   386   129    0.0000000000
     260   323   387   193    0.0000750000
     260   323   449   194    0.0003000000
     260   323   450   128    0.0008250000
     260   323   512   129    0.0000000000
     260   324   386    63    0.0001500000
     260   324   387   127    0.0004500000
     260   324   449   128    0.0035250000
     260   324   450   192    0.0137250000
     260   324   512   193    0.0000000000
     260   386   387   128    0.0000000000
     260   386   449   129    0.0000750000
     260   386   450   193    0.0000750000
     260   386   512   194    0.0000000000
     260   387   449    63    0.0016500000
     260   387   450   127    0.0146250000
     260   387   512   128    0.0000000000
     260   449   450   128    0.0498000000
     260   449   512   129    0.0000000000
     260   450   512    63    0.0000000000
     260   261   323    63    0.0000000000
     260   261   324   127    0.3093000000
     260   261   386   128    0.0246750000
     260   261   387   192    0.0000000000
     260   261   449   193    0.0000000000
     260   261   450   127    0.0000000000
     260   261   512   128    0.0032250000
     260   323   324   128    0.0000000000
     260   323   386   129    0.0000000000
     260   323   387   193    0.0000000000
     260   323   449   194    0.0000000000
     260   323   450   128    0.0000000000
     260   323   512   129    0.0000000000
     260   324   386    63    0.0642000000
     260   324   387   127    0.0000000000
     260   324   449   128    0.0000000000
     260   324   450   192    0.0000000000
     260   324   512   193    0.0072000000
     260   386   387   128    0.0000000000
     260   386   449   129    0.0000000000
     260   386   450   193    0.0000000000
     260   386   512   194    0.0004500000
     260   387   449    63    0.0000000000
     260   387   450   127    0.0000000000
     260   387   512   128    0.0000000000
     260   449   450   128    0.0000000000
     260   449   512   129    0.0000000000
     260   450   512    63    0.0000000000
     260   261   323    63    0.0000000000
     260   261   324   127    0.0000000000
     260   261   386   128    0.0000000000
     260   261   387   192    0.0004500000
     260   261   449   193    0.0000000000
     260   261   450   127    0.0000000000
     260   261   512   128    0.0000000000
     260   323   324   128    0.0000000000
     260   323   386   129    0.0000000000
     260   323   387   193    0.0000000000
     260   323   449   194    0.0000000000
     260   323   450   128    0.0000000000
     260   323   512   129    0.0000000000
     260   324   386    63    0.0009000000
     260   324   387   127    0.0259500000
     260   324   449   128    0.0000000000
     260   324   450   192    0.0000000000
     260   324   512   193    0.0000000000
     260   386   387   128    0.0145500000
     260   386   449   129    0.0000000000
     260   386   450   193    0.0000000000
     260   386   512   194    0.0000000000
     260   387   449    63    0.0000000000
     260   387   450   127    0.0000000000
     260   387   512   128    0.0000000000
     260   449   450   128    0.0000000000
     260   449   512   129    0.0000000000
     260   450   512    63    0.0000000000
     260   261   323    63    0.0000000000
     260   261   324   127    0.0000000000
     260   261   386   128    0.0000000000
     260   261   387   192    0.0000000000
     260   261   449   193    0.0000000000
     260   261   450   127    0.0024750000
     260   261   512   128    0.0010500000
     260   323   324   128    0.0000000000
     260   323   386   129    0.0000000000
     260   323   387   193    0.0000000000
     260   323   449   194    0.0000000000
     260   323   450   128    0.0000750000
     260   323   512   129    0.0000000000
     260   324   386    63    0.0000000000
     260   324   387   127    0.0024000000
     260   324   449   128    0.0000000000
     260   324   450   192    0.0007500000
     260   324   512   193    0.0002250000
     260   386   387   128    0.0000000000
     260   386   449   129    0.0000000000
     260   386   450   193    0.0000000000
     260   386   512   194    0.0000000000
     260   387   449    63    0.0000000000
     260   387   450   127    0.0008250000
     260   387   512   128    0.0005250000
     260   449   450   128    0.0000000000
     260   449   512   129    0.0000000000
     260   450   512    63    0.2767500000
     260   261   323    63    0.0000000000
     260   261   324   127    0.0000000000
     260   261   386   128    0.0000000000
     260   261   387   192    0.0000000000
     260   261   449   193    0.0000000000
     260   261   450   127    0.0000000000
     260   261   512   128    0.0000000000
     260   323   324   128    0.0000000000
     260   323   386   129    0.0000000000
     260   323   387   193    0.0000000000
     260   323   449   194    0.0000000000
     260   323   450   128    0.0000000000
     260   323   512   129    0.0000000000
     260   324   386    63    0.0063750000
     260   324   387   127    0.0000000000
     260   324   449   128    0.0000000000
     260   324   450   192    0.0000000000
     260   324   512   193    0.0000000000
     260   386   387   128    0.0000000000
     260   386   449   129    0.0000000000
     260   386   450   193    0.0000000000
     260   386   512   194    0.0000000000
     260   387   449    63    0.0000000000
     260   387   450   127    0.0000000000
     260   387   512   128    0.0000000000
     260   449   450   128    0.0000000000
     260   449   512   129    0.0000000000
     260   450   512    63    0.0000000000
     260   261   323    63    0.0123750000
     260   261   324   127    0.0000000000
     260   261   386   128    0.0000000000
     260   261   387   192    0.0000000000
     260   261   449   193    0.0000000000
     260   261   450   127    0.0000000000
     260   261   512   128    0.0000000000
     260   323   324   128    0.0000000000
     260   323   386   129    0.0000000000
     260   323   387   193    0.0004500000
     260   323   449   194    0.0000000000
     260   323   450   128    0.0000750000
     260   323   512   129    0.0003000000
     260   324   386    63    0.0000000000
     260   324   387   127    0.0000000000
     260   324   449   128    0.0000000000
     260   324   450   192    0.0000000000
     260   324   512   193    0.0000000000
     260   386   387   128    0.0000000000
     260   386   449   129    0.0000000000
     260   386   450   193    0.0000000000
     260   386   512   194    0.0000000000
     260   387   449    63    0.0000000000
     260   387   450   127    0.0001500000
     260   387   512   128    0.0005250000
     260   449   450   128    0.0000000000
     260   449   512   129    0.0000000000
     260   450   512    63    0.0000000000
     260   261   323    63    0.0000000000
     260   261   324   127    0.0000000000
     260   261   386   128    0.0000000000
     260   261   387   192    0.0000000000
     260   261   449   193    0.0000000000
     260   261   450   127    0.0000000000
     260   261   512   128    0.0000000000
     260   323   324   128    0.0000000000
     260   323   386   129    0.0000000000
     260   323   387   193    0.0000000000
     260   323   449   194    0.0000000000
     260   323   450   128    0.0000000000
     260   323   512   129    0.0000000000
     260   324   386    63    0.0000000000
     260   324   387   127    0.0000000000
     260   324   449   128    0.0000000000
     260   324   450   192    0.0000000000
     260   324   512   193    0.0000000000
     260   386   387   128    0.0000000000
     260   386   449   129    0.0000000000
     260   386   450   193    0.0000000000
     260   386   512   194    0.0000000000
     260   387   449    63    0.0000000000
     260   387   450   127    0.0000000000
     260   387   512   128    0.0000000000
     260   449   450   128    0.0000000000
     260   449   512   129    0.0000000000
     260   450   512    63    0.0001500000
     260   261   323    63    0.0009000000
     260   261   324   127    0.0000000000
     260   261   386   128    0.0000000000
     260   261   387   192    0.0000750000
     260   261   449   193    0.0000000000
     260   261   450   127    0.0018000000
     260   261   512   128    0.0001500000
     260   323   324   128    0.0000000000
     260   323   386   129    0.0000000000
     260   323   387   193    0.0000000000
     260   323   449   194    0.0000000000
     260   323   450   128    0.0003000000
     260   323   512   129    0.0000000000
     260   324   386    63    0.0000000000
     260   324   387   127    0.0000000000
     260   324   449   128    0.0000000000
     260   324   450   192    0.0000000000
     260   324   512   193    0.0000000000
     260   386   387   128    0.0000000000
     260   386   449   129    0.0000000000
     260   386   450   193    0.0000000000
     260   386   512   194    0.0000000000
     260   387   449    63    0.0000000000
     260   387   450   127    0.0000000000
     260   387   512   128    0.0000000000
     260   449   450   128    0.0000000000
     260   449   512   129    0.0000000000
     260   450   512    63    0.0001500000
     260   261   323    63    0.0007500000
     260   261   324   127    0.0000000000
     260   261   386   128    0.0000000000
     260   261   387   192    0.0000000000
     260   261   449   193    0.0000000000
     260   261   450   127    0.0000000000
     260   261   512   128    0.0000000000
     260   323   324   128    0.0000000000
     260   323   386   129    0.0000000000
     260   323   387   193    0.0000000000
     260   323   449   194    0.0000000000
     260   323   450   128    0.0000000000
     260   323   512   129    0.0000000000
     260   324   386    63    0.0000000000
     260   324   387   127    0.0000000000
     260   324   449   128    0.0000000000
     260   324   450   192    0.0000000000
     260   324   512   193    0.0000000000
     260   386   387   128    0.0000000000
     260   386   449   129    0.0000000000
     260   386   450   193    0.0000000000
     260   386   512   194    0.0000000000
     260   387   449    63    0.0000000000
     260   387   450   127    0.0000000000
     260   387   512   128    0.0000000000
     260   449   450   128    0.0000000000
     260   449   512   129    0.0000000000
     260   450   512    63    0.0000000000
     260   261   323    63    0.0000000000
     260   261   324   127    0.0000750000
     260   261   386   128    0.0000000000
     260   261   387   192    0.0018000000
     260   261   449   193    0.0000000000
     260   261   450   127    0.0000000000
     260   261   512   128    0.0000000000
     260   323   324   128    0.0000000000
     260   323   386   129    0.0000000000
     260   323   387   193    0.0000000000
     260   323   449   194    0.0000000000
     260   323   450   128    0.0000000000
     260   323   512   129    0.0000000000
     260   324   386    63    0.0000000000
     260   324   387   127    0.0000000000
     260   324   449   128    0.0000000000
     260   324   450   192    0.0000000000
     260   324   512   193    0.0000000000
     260   386   387   128    0.0000000000
     260   386   449   129    0.0000000000
     260   386   450   193    0.0000000000
     260   386   512   194    0.0000000000
     260   387   449    63    0.0000000000
     260   387   450   127    0.0000000000
     260   387   512   128    0.0000000000
     260   449   450   128    0.0000000000
     260   449   512   129    0.0000000000
     260   450   512    63    0.0000000000
