      36    37    43     7    0.0168000000
      36    37    44    15    0.0024000000
      36    37    50    16    0.0003000000
      36    37    51    24    0.0871500000
      36    37    57    25    0.0153000000
      36    37    58    15    0.0129000000
      36    37    64    16    0.0069000000
      36    43    44    16    0.0006750000
      36    43    50    17    0.0000750000
      36    43    51    25    0.0024750000
      36    43    57    26    0.0006750000
      36    43    58    16    0.0003750000
      36    43    64    17    0.0001500000
      36    44    50     7    0.0078000000
      36    44    51    15    0.0017250000
      36    44    57    16    0.0005250000
      36    44    58    24    0.0000750000
      36    44    64    25    0.0001500000
      36    50    51    16    0.0002250000
      36    50    57    17    0.0001500000
      36    50    58    25    0.0000750000
      36    50    64    26    0.0000000000
      36    51    57     7    0.0990750000
      36    51    58    15    0.0089250000
      36    51    64    16    0.0054750000
      36    57    58    16    0.0009000000
      36    57    64    17    0.0008250000
      36    58    64     7    0.0004500000
      36    37    43     7    0.2973750000
      36    37    44    15    0.0519750000
      36    37    50    16    0.0003000000
      36    37    51    24    0.0245250000
      36    37    57    25    0.0012000000
      36    37    58    15    0.0034500000
      36    37    64    16    0.0007500000
      36    43    44    16    0.0313500000
      36    43    50    17    0.0000750000
      36    43    51    25    0.0142500000
      36    43    57    26    0.0006000000
      36    43    58    16    0.0030750000
      36    43    64    17    0.0007500000
      36    44    50     7    0.0021750000
      36    44    51    15    0.2617500000
      36    44    57    16    0.0087750000
      36    44    58    24    0.0153750000
      36    44    64    25    0.0021750000
      36    50    51    16    0.0011250000
      36    50    57    17    0.0000000000
      36    50    58    25    0.0000750000
      36    50    64    26    0.0000000000
      36    51    57     7    0.0106500000
      36    51    58    15    0.0095250000
      36    51    64    16    0.0011250000
      36    57    58    16    0.0003750000
      36    57    64    17    0.0000000000
      36    58    64     7    0.0162750000
      36    37    43     7    0.0110250000
      36    37    44    15    0.0501000000
      36    37    50    16    0.0069000000
      36    37    51    24    0.0236250000
      36    37    57    25    0.0216750000
      36    37    58    15    0.0736500000
      36    37    64    16    0.0042750000
      36    43    44    16    0.0417000000
      36    43    50    17    0.0066750000
      36    43    51    25    0.0195000000
      36    43    57    26    0.0173250000
      36    43    58    16    0.0518250000
      36    43    64    17    0.0032250000
      36    44    50     7    0.0992250000
      36    44    51    15    0.1132500000
      36    44    57    16    0.0862500000
      36    44    58    24    0.1717500000
      36    44    64    25    0.0123000000
      36    50    51    16    0.0189750000
      36    50    57    17    0.0153000000
      36    50    58    25    0.0293250000
      36    50    64    26    0.0022500000
      36    51    57     7    0.4440750000
      36    51    58    15    0.2334750000
      36    51    64    16    0.0300000000
      36    57    58    16    0.1487250000
      36    57    64    17    0.0216000000
      36    58    64     7    0.0248250000
      36    37    43     7    0.2590500000
      36    37    44    15    0.0010500000
      36    37    50    16    0.0014250000
      36    37    51    24    0.0173250000
      36    37    57    25    0.0029250000
      36    37    58    15    0.0052500000
      36    37    64    16    0.0042750000
      36    43    44    16    0.0014250000
      36    43    50    17    0.0014250000
      36    43    51    25    0.0162750000
      36    43    57    26    0.0024000000
      36    43    58    16    0.0048750000
      36    43    64    17    0.0037500000
      36    44    50     7    0.1067250000
      36    44    51    15    0.0070500000
      36    44    57    16    0.0016500000
      36    44    58    24    0.0000000000
      36    44    64    25    0.0000750000
      36    50    51    16    0.0057750000
      36    50    57    17    0.0014250000
      36    50    58    25    0.0001500000
      36    50    64    26    0.0000750000
      36    51    57     7    0.0818250000
      36    51    58    15    0.0021000000
      36    51    64    16    0.0027000000
      36    57    58    16    0.0005250000
      36    57    64    17    0.0004500000
      36    58    64     7    0.0006000000
      36    37    43     7    0.1420500000
      36    37    44    15    0.0006750000
      36    37    50    16    0.0002250000
      36    37    51    24    0.0009000000
      36    37    57    25    0.0006000000
      36    37    58    15    0.0006750000
      36    37    64    16    0.0005250000
      36    43    44    16    0.0016500000
      36    43    50    17    0.0002250000
      36    43    51    25    0.0014250000
      36    43    57    26    0.0009000000
      36    43    58    16    0.0009000000
      36    43    64    17    0.0007500000
      36    44    50     7    0.0003750000
      36    44    51    15    0.0012750000
      36    44    57    16    0.0008250000
      36    44    58    24    0.0006750000
      36    44    64    25    0.0005250000
      36    50    51    16    0.0002250000
      36    50    57    17    0.0000000000
      36    50    58    25    0.0000750000
      36    50    64    26    0.0000000000
      36    51    57     7    0.2444250000
      36    51    58    15    0.0971250000
      36    51    64    16    0.0573000000
      36    57    58    16    0.0694500000
      36    57    64    17    0.0457500000
      36    58    64     7    0.4119750000
      36    37    43     7    0.1165500000
      36    37    44    15    0.0869250000
      36    37    50    16    0.0645000000
      36    37    51    24    0.0252750000
      36    37    57    25    0.0076500000
      36    37    58    15    0.0024000000
      36    37    64    16    0.0054750000
      36    43    44    16    0.0475500000
      36    43    50    17    0.0367500000
      36    43    51    25    0.0155250000
      36    43    57    26    0.0045750000
      36    43    58    16    0.0018750000
      36    43    64    17    0.0030000000
      36    44    50     7    0.1084500000
      36    44    51    15    0.0377250000
      36    44    57    16    0.0109500000
      36    44    58    24    0.0003750000
      36    44    64    25    0.0018750000
      36    50    51    16    0.0319500000
      36    50    57    17    0.0087000000
      36    50    58    25    0.0002250000
      36    50    64    26    0.0009750000
      36    51    57     7    0.0309000000
      36    51    58    15    0.0001500000
      36    51    64    16    0.0004500000
      36    57    58    16    0.0000000000
      36    57    64    17    0.0003000000
      36    58    64     7    0.0273750000
      36    37    43     7    0.2514000000
      36    37    44    15    0.0073500000
      36    37    50    16    0.0076500000
      36    37    51    24    0.0000000000
      36    37    57    25    0.0000000000
      36    37    58    15    0.0009750000
      36    37    64    16    0.0027750000
      36    43    44    16    0.0057750000
      36    43    50    17    0.0057750000
      36    43    51    25    0.0000000000
      36    43    57    26    0.0000000000
      36    43    58    16    0.0009750000
      36    43    64    17    0.0021750000
      36    44    50     7    0.6951750000
      36    44    51    15    0.0002250000
      36    44    57    16    0.0000000000
      36    44    58    24    0.0007500000
      36    44    64    25    0.0021000000
      36    50    51    16    0.0002250000
      36    50    57    17    0.0000000000
      36    50    58    25    0.0007500000
      36    50    64    26    0.0021000000
      36    51    57     7    0.0005250000
      36    51    58    15    0.0008250000
      36    51    64    16    0.0017250000
      36    57    58    16    0.0003750000
      36    57    64    17    0.0006000000
      36    58    64     7    0.0841500000
      36    37    43     7    0.0015000000
      36    37    44    15    0.0142500000
      36    37    50    16    0.0005250000
      36    37    51    24    0.0096000000
      36    37    57    25    0.0003000000
      36    37    58    15    0.0036000000
      36    37    64    16    0.0129750000
      36    43    44    16    0.0027750000
      36    43    50    17    0.0000000000
      36    43    51    25    0.0026250000
      36    43    57    26    0.0001500000
      36    43    58    16    0.0009750000
      36    43    64    17    0.0022500000
      36    44    50     7    0.0018750000
      36    44    51    15    0.1222500000
      36    44    57    16    0.0028500000
      36    44    58    24    0.0162750000
      36    44    64    25    0.0728250000
      36    50    51    16    0.0040500000
      36    50    57    17    0.0000000000
      36    50    58    25    0.0006000000
      36    50    64    26    0.0020250000
      36    51    57     7    0.0056250000
      36    51    58    15    0.0193500000
      36    51    64    16    0.0708750000
      36    57    58    16    0.0004500000
      36    57    64    17    0.0023250000
      36    58    64     7    0.0506250000
      36    37    43     7    0.0871500000
      36    37    44    15    0.0013500000
      36    37    50    16    0.0021750000
      36    37    51    24    0.0007500000
      36    37    57    25    0.0008250000
      36    37    58    15    0.0026250000
      36    37    64    16    0.0009000000
      36    43    44    16    0.0004500000
      36    43    50    17    0.0005250000
      36    43    51    25    0.0000000000
      36    43    57    26    0.0002250000
      36    43    58    16    0.0003750000
      36    43    64    17    0.0000750000
      36    44    50     7    0.1122750000
      36    44    51    15    0.0002250000
      36    44    57    16    0.0012750000
      36    44    58    24    0.0005250000
      36    44    64    25    0.0001500000
      36    50    51    16    0.0008250000
      36    50    57    17    0.0021000000
      36    50    58    25    0.0013500000
      36    50    64    26    0.0005250000
      36    51    57     7    0.0138000000
      36    51    58    15    0.0247500000
      36    51    64    16    0.0048750000
      36    57    58    16    0.0177000000
      36    57    64    17    0.0045000000
      36    58    64     7    0.0165750000
      36    37    43     7    0.0012000000
      36    37    44    15    0.0009750000
      36    37    50    16    0.0013500000
      36    37    51    24    0.0002250000
      36    37    57    25    0.0003750000
      36    37    58    15    0.0003000000
      36    37    64    16    0.0001500000
      36    43    44    16    0.0004500000
      36    43    50    17    0.0006750000
      36    43    51    25    0.0000750000
      36    43    57    26    0.0001500000
      36    43    58    16    0.0002250000
      36    43    64    17    0.0002250000
      36    44    50     7    0.4697250000
      36    44    51    15    0.0237000000
      36    44    57    16    0.0417750000
      36    44    58    24    0.0346500000
      36    44    64    25    0.0276750000
      36    50    51    16    0.0303750000
      36    50    57    17    0.0618750000
      36    50    58    25    0.0502500000
      36    50    64    26    0.0373500000
      36    51    57     7    0.1278000000
      36    51    58    15    0.0540000000
      36    51    64    16    0.0336000000
      36    57    58    16    0.0942000000
      36    57    64    17    0.0701250000
      36    58    64     7    0.5147250000
      36    37    43     7    0.2370000000
      36    37    44    15    0.0008250000
      36    37    50    16    0.0000000000
      36    37    51    24    0.0003750000
      36    37    57    25    0.0000000000
      36    37    58    15    0.0051000000
      36    37    64    16    0.0004500000
      36    43    44    16    0.0003000000
      36    43    50    17    0.0000000000
      36    43    51    25    0.0001500000
      36    43    57    26    0.0000000000
      36    43    58    16    0.0015000000
      36    43    64    17    0.0001500000
      36    44    50     7    0.0369750000
      36    44    51    15    0.0717750000
      36    44    57    16    0.0002250000
      36    44    58    24    0.0003750000
      36    44    64    25    0.0000750000
      36    50    51    16    0.0045000000
      36    50    57    17    0.0000000000
      36    50    58    25    0.0000000000
      36    50    64    26    0.0000000000
      36    51    57     7    0.0001500000
      36    51    58    15    0.0001500000
      36    51    64    16    0.0000000000
      36    57    58    16    0.0000000000
      36    57    64    17    0.0000000000
      36    58    64     7    0.0150000000
      36    37    43     7    0.1195500000
      36    37    44    15    0.0485250000
      36    37    50    16    0.0414000000
      36    37    51    24    0.0032250000
      36    37    57    25    0.0242250000
      36    37    58    15    0.0117750000
      36    37    64    16    0.0141000000
      36    43    44    16    0.0091500000
      36    43    50    17    0.0084750000
      36    43    51    25    0.0006000000
      36    43    57    26    0.0051000000
      36    43    58    16    0.0027000000
      36    43    64    17    0.0027000000
      36    44    50     7    0.0962250000
      36    44    51    15    0.0075000000
      36    44    57    16    0.0467250000
      36    44    58    24    0.0145500000
      36    44    64    25    0.0198000000
      36    50    51    16    0.0059250000
      36    50    57    17    0.0339750000
      36    50    58    25    0.0123750000
      36    50    64    26    0.0159000000
      36    51    57     7    0.0158250000
      36    51    58    15    0.0053250000
      36    51    64    16    0.0069000000
      36    57    58    16    0.0261000000
      36    57    64    17    0.0403500000
      36    58    64     7    0.0555750000
      36    37    43     7    0.0542250000
      36    37    44    15    0.0342750000
      36    37    50    16    0.0744000000
      36    37    51    24    0.0276750000
      36    37    57    25    0.0014250000
      36    37    58    15    0.1786500000
      36    37    64    16    0.0528750000
      36    43    44    16    0.0174000000
      36    43    50    17    0.0336000000
      36    43    51    25    0.0125250000
      36    43    57    26    0.0003750000
      36    43    58    16    0.0670500000
      36    43    64    17    0.0210000000
      36    44    50     7    0.1365750000
      36    44    51    15    0.0096000000
      36    44    57    16    0.0007500000
      36    44    58    24    0.0525000000
      36    44    64    25    0.0200250000
      36    50    51    16    0.0303000000
      36    50    57    17    0.0021000000
      36    50    58    25    0.1684500000
      36    50    64    26    0.0579000000
      36    51    57     7    0.0310500000
      36    51    58    15    0.0990000000
      36    51    64    16    0.0610500000
      36    57    58    16    0.0049500000
      36    57    64    17    0.0042000000
      36    58    64     7    0.2150250000
      36    37    43     7    0.0036750000
      36    37    44    15    0.1970250000
      36    37    50    16    0.1336500000
      36    37    51    24    0.0067500000
      36    37    57    25    0.0035250000
      36    37    58    15    0.2684250000
      36    37    64    16    0.0120750000
      36    43    44    16    0.0024000000
      36    43    50    17    0.0032250000
      36    43    51    25    0.0000750000
      36    43    57    26    0.0001500000
      36    43    58    16    0.0048000000
      36    43    64    17    0.0003000000
      36    44    50     7    0.4906500000
      36    44    51    15    0.0171750000
      36    44    57    16    0.0083250000
      36    44    58    24    0.1965750000
      36    44    64    25    0.0093000000
      36    50    51    16    0.0135000000
      36    50    57    17    0.0061500000
      36    50    58    25    0.2513250000
      36    50    64    26    0.0123000000
      36    51    57     7    0.0031500000
      36    51    58    15    0.0141750000
      36    51    64    16    0.0011250000
      36    57    58    16    0.0074250000
      36    57    64    17    0.0003750000
      36    58    64     7    0.0201000000
      36    37    43     7    0.0385500000
      36    37    44    15    0.0397500000
      36    37    50    16    0.0399000000
      36    37    51    24    0.0265500000
      36    37    57    25    0.0854250000
      36    37    58    15    0.0062250000
      36    37    64    16    0.0836250000
      36    43    44    16    0.0028500000
      36    43    50    17    0.0030750000
      36    43    51    25    0.0029250000
      36    43    57    26    0.0075000000
      36    43    58    16    0.0003000000
      36    43    64    17    0.0078750000
      36    44    50     7    0.1430250000
      36    44    51    15    0.0114000000
      36    44    57    16    0.0398250000
      36    44    58    24    0.0003750000
      36    44    64    25    0.0113250000
      36    50    51    16    0.0120000000
      36    50    57    17    0.0378750000
      36    50    58    25    0.0003000000
      36    50    64    26    0.0099750000
      36    51    57     7    0.0557250000
      36    51    58    15    0.0011250000
      36    51    64    16    0.0099750000
      36    57    58    16    0.0018750000
      36    57    64    17    0.0366000000
      36    58    64     7    0.0017250000
      36    37    43     7    0.1864500000
      36    37    44    15    0.0476250000
      36    37    50    16    0.0093000000
      36    37    51    24    0.0042000000
      36    37    57    25    0.0005250000
      36    37    58    15    0.2142750000
      36    37    64    16    0.0010500000
      36    43    44    16    0.0129750000
      36    43    50    17    0.0025500000
      36    43    51    25    0.0025500000
      36    43    57    26    0.0006000000
      36    43    58    16    0.0888750000
      36    43    64    17    0.0006750000
      36    44    50     7    0.0208500000
      36    44    51    15    0.0016500000
      36    44    57    16    0.0002250000
      36    44    58    24    0.0145500000
      36    44    64    25    0.0000750000
      36    50    51    16    0.0003000000
      36    50    57    17    0.0000750000
      36    50    58    25    0.0031500000
      36    50    64    26    0.0000000000
      36    51    57     7    0.0873000000
      36    51    58    15    0.0069000000
      36    51    64    16    0.0000750000
      36    57    58    16    0.0012750000
      36    57    64    17    0.0000000000
      36    58    64     7    0.0027000000
      36    37    43     7    0.0164250000
      36    37    44    15    0.0001500000
      36    37    50    16    0.0009000000
      36    37    51    24    0.0002250000
      36    37    57    25    0.0002250000
      36    37    58    15    0.0021750000
      36    37    64    16    0.0006750000
      36    43    44    16    0.0032250000
      36    43    50    17    0.0169500000
      36    43    51    25    0.0062250000
      36    43    57    26    0.0084000000
      36    43    58    16    0.0254250000
      36    43    64    17    0.0085500000
      36    44    50     7    0.0034500000
      36    44    51    15    0.0003000000
      36    44    57    16    0.0007500000
      36    44    58    24    0.0003750000
      36    44    64    25    0.0002250000
      36    50    51    16    0.0027000000
      36    50    57    17    0.0047250000
      36    50    58    25    0.0024000000
      36    50    64    26    0.0005250000
      36    51    57     7    0.0142500000
      36    51    58    15    0.0015750000
      36    51    64    16    0.0008250000
      36    57    58    16    0.0022500000
      36    57    64    17    0.0006000000
      36    58    64     7    0.2505000000
      36    37    43     7    0.0039750000
      36    37    44    15    0.0258750000
      36    37    50    16    0.0336750000
      36    37    51    24    0.0393750000
      36    37    57    25    0.0122250000
      36    37    58    15    0.0000000000
      36    37    64    16    0.0000750000
      36    43    44    16    0.0018750000
      36    43    50    17    0.0025500000
      36    43    51    25    0.0029250000
      36    43    57    26    0.0009750000
      36    43    58    16    0.0000000000
      36    43    64    17    0.0000000000
      36    44    50     7    0.1392000000
      36    44    51    15    0.1519500000
      36    44    57    16    0.0381750000
      36    44    58    24    0.0000000000
      36    44    64    25    0.0000750000
      36    50    51    16    0.2043750000
      36    50    57    17    0.0605250000
      36    50    58    25    0.0000000000
      36    50    64    26    0.0001500000
      36    51    57     7    0.1485750000
      36    51    58    15    0.0001500000
      36    51    64    16    0.0002250000
      36    57    58    16    0.0000750000
      36    57    64    17    0.0000750000
      36    58    64     7    0.0138750000
      36    37    43     7    0.0945750000
      36    37    44    15    0.1191000000
      36    37    50    16    0.0204000000
      36    37    51    24    0.0006000000
      36    37    57    25    0.0000750000
      36    37    58    15    0.0105000000
      36    37    64    16    0.0053250000
      36    43    44    16    0.0300000000
      36    43    50    17    0.0078750000
      36    43    51    25    0.0003000000
      36    43    57    26    0.0001500000
      36    43    58    16    0.0062250000
      36    43    64    17    0.0036000000
      36    44    50     7    0.0096750000
      36    44    51    15    0.0003750000
      36    44    57    16    0.0000750000
      36    44    58    24    0.0039000000
      36    44    64    25    0.0024000000
      36    50    51    16    0.0004500000
      36    50    57    17    0.0001500000
      36    50    58    25    0.0006000000
      36    50    64    26    0.0003000000
      36    51    57     7    0.0108750000
      36    51    58    15    0.0001500000
      36    51    64    16    0.0000000000
      36    57    58    16    0.0001500000
      36    57    64    17    0.0000000000
      36    58    64     7    0.4028250000
      36    37    43     7    0.0060000000
      36    37    44    15    0.0015750000
      36    37    50    16    0.0000000000
      36    37    51    24    0.0003750000
      36    37    57    25    0.0000750000
      36    37    58    15    0.0023250000
      36    37    64    16    0.0023250000
      36    43    44    16    0.0000750000
      36    43    50    17    0.0000000000
      36    43    51    25    0.0000000000
      36    43    57    26    0.0000000000
      36    43    58    16    0.0006750000
      36    43    64    17    0.0006000000
      36    44    50     7    0.0018750000
      36    44    51    15    0.0091500000
      36    44    57    16    0.0048750000
      36    44    58    24    0.0340500000
      36    44    64    25    0.0352500000
      36    50    51    16    0.0000000000
      36    50    57    17    0.0000750000
      36    50    58    25    0.0002250000
      36    50    64    26    0.0002250000
      36    51    57     7    0.0051000000
      36    51    58    15    0.0098250000
      36    51    64    16    0.0064500000
      36    57    58    16    0.0056250000
      36    57    64    17    0.0039000000
      36    58    64     7    0.5554500000
      36    37    43     7    0.0806250000
      36    37    44    15    0.0000000000
      36    37    50    16    0.0012750000
      36    37    51    24    0.0000750000
      36    37    57    25    0.0000000000
      36    37    58    15    0.0159000000
      36    37    64    16    0.0001500000
      36    43    44    16    0.0000000000
      36    43    50    17    0.0008250000
      36    43    51    25    0.0000750000
      36    43    57    26    0.0000000000
      36    43    58    16    0.0082500000
      36    43    64    17    0.0001500000
      36    44    50     7    0.0515250000
      36    44    51    15    0.0020250000
      36    44    57    16    0.0001500000
      36    44    58    24    0.0000000000
      36    44    64    25    0.0000000000
      36    50    51    16    0.0243000000
      36    50    57    17    0.0027750000
      36    50    58    25    0.0006000000
      36    50    64    26    0.0000000000
      36    51    57     7    0.0210750000
      36    51    58    15    0.0001500000
      36    51    64    16    0.0000000000
      36    57    58    16    0.0000750000
      36    57    64    17    0.0000000000
      36    58    64     7    0.0006000000
      36    37    43     7    0.0249750000
      36    37    44    15    0.0591000000
      36    37    50    16    0.0144750000
      36    37    51    24    0.0492000000
      36    37    57    25    0.0066750000
      36    37    58    15    0.0111750000
      36    37    64    16    0.0495750000
      36    43    44    16    0.0072000000
      36    43    50    17    0.0014250000
      36    43    51    25    0.0038250000
      36    43    57    26    0.0007500000
      36    43    58    16    0.0006750000
      36    43    64    17    0.0037500000
      36    44    50     7    0.1134000000
      36    44    51    15    0.1074000000
      36    44    57    16    0.0147750000
      36    44    58    24    0.0099000000
      36    44    64    25    0.0470250000
      36    50    51    16    0.0204000000
      36    50    57    17    0.0022500000
      36    50    58    25    0.0025500000
      36    50    64    26    0.0114750000
      36    51    57     7    0.0711000000
      36    51    58    15    0.0336000000
      36    51    64    16    0.1316250000
      36    57    58    16    0.0042000000
      36    57    64    17    0.0177000000
      36    58    64     7    0.0449250000
      36    37    43     7    0.0422250000
      36    37    44    15    0.0021000000
      36    37    50    16    0.0011250000
      36    37    51    24    0.0024750000
      36    37    57    25    0.0262500000
      36    37    58    15    0.0017250000
      36    37    64    16    0.0050250000
      36    43    44    16    0.0168750000
      36    43    50    17    0.0055500000
      36    43    51    25    0.0388500000
      36    43    57    26    0.2055000000
      36    43    58    16    0.0126000000
      36    43    64    17    0.0422250000
      36    44    50     7    0.1455000000
      36    44    51    15    0.0015000000
      36    44    57    16    0.0126750000
      36    44    58    24    0.0009000000
      36    44    64    25    0.0017250000
      36    50    51    16    0.0006000000
      36    50    57    17    0.0045000000
      36    50    58    25    0.0005250000
      36    50    64    26    0.0006750000
      36    51    57     7    0.0893250000
      36    51    58    15    0.0056250000
      36    51    64    16    0.0175500000
      36    57    58    16    0.0164250000
      36    57    64    17    0.0563250000
      36    58    64     7    0.1025250000
      36    37    43     7    0.2508750000
      36    37    44    15    0.0009000000
      36    37    50    16    0.0003750000
      36    37    51    24    0.0022500000
      36    37    57    25    0.0017250000
      36    37    58    15    0.2760000000
      36    37    64    16    0.0010500000
      36    43    44    16    0.0007500000
      36    43    50    17    0.0000750000
      36    43    51    25    0.0012000000
      36    43    57    26    0.0005250000
      36    43    58    16    0.1452750000
      36    43    64    17    0.0008250000
      36    44    50     7    0.0547500000
      36    44    51    15    0.0204750000
      36    44    57    16    0.0128250000
      36    44    58    24    0.0015000000
      36    44    64    25    0.0001500000
      36    50    51    16    0.0075750000
      36    50    57    17    0.0054750000
      36    50    58    25    0.0006750000
      36    50    64    26    0.0000000000
      36    51    57     7    0.0738000000
      36    51    58    15    0.0071250000
      36    51    64    16    0.0004500000
      36    57    58    16    0.0046500000
      36    57    64    17    0.0004500000
      36    58    64     7    0.0028500000
      36    37    43     7    0.0712500000
      36    37    44    15    0.0945000000
      36    37    50    16    0.0979500000
      36    37    51    24    0.0008250000
      36    37    57    25    0.0006750000
      36    37    58    15    0.0036750000
      36    37    64    16    0.1129500000
      36    43    44    16    0.0101250000
      36    43    50    17    0.0137250000
      36    43    51    25    0.0000750000
      36    43    57    26    0.0000750000
      36    43    58    16    0.0001500000
      36    43    64    17    0.0123750000
      36    44    50     7    0.5787750000
      36    44    51    15    0.0031500000
      36    44    57    16    0.0014250000
      36    44    58    24    0.0003750000
      36    44    64    25    0.0161250000
      36    50    51    16    0.0030750000
      36    50    57    17    0.0013500000
      36    50    58    25    0.0003750000
      36    50    64    26    0.0207000000
      36    51    57     7    0.0132750000
      36    51    58    15    0.0000750000
      36    51    64    16    0.0002250000
      36    57    58    16    0.0000000000
      36    57    64    17    0.0002250000
      36    58    64     7    0.0069000000
      36    37    43     7    0.3600000000
      36    37    44    15    0.0002250000
      36    37    50    16    0.0000000000
      36    37    51    24    0.0000000000
      36    37    57    25    0.0000000000
      36    37    58    15    0.0081750000
      36    37    64    16    0.0026250000
      36    43    44    16    0.0002250000
      36    43    50    17    0.0000000000
      36    43    51    25    0.0000000000
      36    43    57    26    0.0000000000
      36    43    58    16    0.0119250000
      36    43    64    17    0.0029250000
      36    44    50     7    0.0000000000
      36    44    51    15    0.0000000000
      36    44    57    16    0.0000000000
      36    44    58    24    0.0000000000
      36    44    64    25    0.0000000000
      36    50    51    16    0.0000000000
      36    50    57    17    0.0000000000
      36    50    58    25    0.0000000000
      36    50    64    26    0.0000000000
      36    51    57     7    0.0000000000
      36    51    58    15    0.0000000000
      36    51    64    16    0.0000000000
      36    57    58    16    0.0000000000
      36    57    64    17    0.0000000000
      36    58    64     7    0.0307500000
      36    37    43     7    0.0625500000
      36    37    44    15    0.0198000000
      36    37    50    16    0.0312750000
      36    37    51    24    0.0389250000
      36    37    57    25    0.0604500000
      36    37    58    15    0.0161250000
      36    37    64    16    0.0000000000
      36    43    44    16    0.0036750000
      36    43    50    17    0.0059250000
      36    43    51    25    0.0068250000
      36    43    57    26    0.0108000000
      36    43    58    16    0.0024000000
      36    43    64    17    0.0000000000
      36    44    50     7    0.0065250000
      36    44    51    15    0.0104250000
      36    44    57    16    0.0121500000
      36    44    58    24    0.0006000000
      36    44    64    25    0.0000000000
      36    50    51    16    0.0143250000
      36    50    57    17    0.0180000000
      36    50    58    25    0.0009750000
      36    50    64    26    0.0000000000
      36    51    57     7    0.1407750000
      36    51    58    15    0.0016500000
      36    51    64    16    0.0000000000
      36    57    58    16    0.0033750000
      36    57    64    17    0.0000000000
      36    58    64     7    0.0008250000
      36    37    43     7    0.0145500000
      36    37    44    15    0.0229500000
      36    37    50    16    0.0561000000
      36    37    51    24    0.0936000000
      36    37    57    25    0.0031500000
      36    37    58    15    0.2493750000
      36    37    64    16    0.1014750000
      36    43    44    16    0.0004500000
      36    43    50    17    0.0009750000
      36    43    51    25    0.0016500000
      36    43    57    26    0.0001500000
      36    43    58    16    0.0035250000
      36    43    64    17    0.0024750000
      36    44    50     7    0.0186000000
      36    44    51    15    0.0193500000
      36    44    57    16    0.0008250000
      36    44    58    24    0.0087000000
      36    44    64    25    0.0068250000
      36    50    51    16    0.0485250000
      36    50    57    17    0.0013500000
      36    50    58    25    0.0244500000
      36    50    64    26    0.0165000000
      36    51    57     7    0.0039000000
      36    51    58    15    0.0795000000
      36    51    64    16    0.0507750000
      36    57    58    16    0.0025500000
      36    57    64    17    0.0019500000
      36    58    64     7    0.0843750000
      36    37    43     7    0.0630750000
      36    37    44    15    0.5184000000
      36    37    50    16    0.0807750000
      36    37    51    24    0.0300000000
      36    37    57    25    0.0021000000
      36    37    58    15    0.0220500000
      36    37    64    16    0.0130500000
      36    43    44    16    0.0399750000
      36    43    50    17    0.0091500000
      36    43    51    25    0.0033000000
      36    43    57    26    0.0003750000
      36    43    58    16    0.0023250000
      36    43    64    17    0.0014250000
      36    44    50     7    0.0787500000
      36    44    51    15    0.0248250000
      36    44    57    16    0.0019500000
      36    44    58    24    0.0174750000
      36    44    64    25    0.0099750000
      36    50    51    16    0.0060000000
      36    50    57    17    0.0004500000
      36    50    58    25    0.0030750000
      36    50    64    26    0.0011250000
      36    51    57     7    0.0224250000
      36    51    58    15    0.0128250000
      36    51    64    16    0.0076500000
      36    57    58    16    0.0007500000
      36    57    64    17    0.0004500000
      36    58    64     7    0.2938500000
      36    37    43     7    0.0297000000
      36    37    44    15    0.0110250000
      36    37    50    16    0.0103500000
      36    37    51    24    0.0081000000
      36    37    57    25    0.0003000000
      36    37    58    15    0.0096000000
      36    37    64    16    0.0010500000
      36    43    44    16    0.0044250000
      36    43    50    17    0.0037500000
      36    43    51    25    0.0036000000
      36    43    57    26    0.0000000000
      36    43    58    16    0.0029250000
      36    43    64    17    0.0004500000
      36    44    50     7    0.3705000000
      36    44    51    15    0.2832000000
      36    44    57    16    0.0069750000
      36    44    58    24    0.0013500000
      36    44    64    25    0.0000750000
      36    50    51    16    0.1813500000
      36    50    57    17    0.0046500000
      36    50    58    25    0.0015000000
      36    50    64    26    0.0000000000
      36    51    57     7    0.0102000000
      36    51    58    15    0.0013500000
      36    51    64    16    0.0000750000
      36    57    58    16    0.0000000000
      36    57    64    17    0.0000000000
      36    58    64     7    0.0049500000
      68    69    83    15    0.1650750000
      68    69    84    31    0.1275000000
      68    69    98    32    0.0033750000
      68    69    99    48    0.0000000000
      68    69   113    49    0.0004500000
      68    69   114    31    0.2115750000
      68    69   128    32    0.1020000000
      68    83    84    32    0.0786750000
      68    83    98    33    0.0024750000
      68    83    99    49    0.0000750000
      68    83   113    50    0.0005250000
      68    83   114    32    0.1371750000
      68    83   128    33    0.0761250000
      68    84    98    15    0.0103500000
      68    84    99    31    0.0002250000
      68    84   113    32    0.0021750000
      68    84   114    48    0.1346250000
      68    84   128    49    0.2472000000
      68    98    99    32    0.0000000000
      68    98   113    33    0.0000750000
      68    98   114    49    0.0030000000
      68    98   128    50    0.0056250000
      68    99   113    15    0.0004500000
      68    99   114    31    0.0000750000
      68    99   128    32    0.0001500000
      68   113   114    32    0.0010500000
      68   113   128    33    0.0011250000
      68   114   128    15    0.4030500000
      68    69    83    15    0.0015000000
      68    69    84    31    0.0563250000
      68    69    98    32    0.0056250000
      68    69    99    48    0.0000000000
      68    69   113    49    0.0026250000
      68    69   114    31    0.0003750000
      68    69   128    32    0.0000000000
      68    83    84    32    0.0015750000
      68    83    98    33    0.0001500000
      68    83    99    49    0.0000000000
      68    83   113    50    0.0000000000
      68    83   114    32    0.0000000000
      68    83   128    33    0.0000000000
      68    84    98    15    0.0581250000
      68    84    99    31    0.0000000000
      68    84   113    32    0.0207000000
      68    84   114    48    0.0018000000
      68    84   128    49    0.0003000000
      68    98    99    32    0.0000000000
      68    98   113    33    0.0020250000
      68    98   114    49    0.0001500000
      68    98   128    50    0.0000750000
      68    99   113    15    0.0005250000
      68    99   114    31    0.0000000000
      68    99   128    32    0.0000000000
      68   113   114    32    0.0060750000
      68   113   128    33    0.0012000000
      68   114   128    15    0.0000750000
      68    69    83    15    0.0164250000
      68    69    84    31    0.0015000000
      68    69    98    32    0.0015750000
      68    69    99    48    0.0000000000
      68    69   113    49    0.0000000000
      68    69   114    31    0.0000000000
      68    69   128    32    0.0000000000
      68    83    84    32    0.0000000000
      68    83    98    33    0.0000000000
      68    83    99    49    0.0000000000
      68    83   113    50    0.0000000000
      68    83   114    32    0.0000000000
      68    83   128    33    0.0000000000
      68    84    98    15    0.0363000000
      68    84    99    31    0.0000000000
      68    84   113    32    0.0000000000
      68    84   114    48    0.0000000000
      68    84   128    49    0.0000000000
      68    98    99    32    0.0000000000
      68    98   113    33    0.0000000000
      68    98   114    49    0.0000000000
      68    98   128    50    0.0000000000
      68    99   113    15    0.0177750000
      68    99   114    31    0.0000750000
      68    99   128    32    0.0000750000
      68   113   114    32    0.0000000000
      68   113   128    33    0.0000000000
      68   114   128    15    0.0001500000
      68    69    83    15    0.0036000000
      68    69    84    31    0.0000750000
      68    69    98    32    0.0004500000
      68    69    99    48    0.0017250000
      68    69   113    49    0.0000000000
      68    69   114    31    0.0060000000
      68    69   128    32    0.0000000000
      68    83    84    32    0.0002250000
      68    83    98    33    0.0005250000
      68    83    99    49    0.0023250000
      68    83   113    50    0.0000000000
      68    83   114    32    0.0045000000
      68    83   128    33    0.0000750000
      68    84    98    15    0.0060000000
      68    84    99    31    0.0075000000
      68    84   113    32    0.0000000000
      68    84   114    48    0.0004500000
      68    84   128    49    0.0000000000
      68    98    99    32    0.0090000000
      68    98   113    33    0.0004500000
      68    98   114    49    0.0011250000
      68    98   128    50    0.0000000000
      68    99   113    15    0.0045750000
      68    99   114    31    0.0093000000
      68    99   128    32    0.0000000000
      68   113   114    32    0.0004500000
      68   113   128    33    0.0000000000
      68   114   128    15    0.0002250000
      68    69    83    15    0.1443000000
      68    69    84    31    0.0000000000
      68    69    98    32    0.0000000000
      68    69    99    48    0.0000000000
      68    69   113    49    0.0000000000
      68    69   114    31    0.0000000000
      68    69   128    32    0.0008250000
      68    83    84    32    0.0000000000
      68    83    98    33    0.0000000000
      68    83    99    49    0.0000000000
      68    83   113    50    0.0000000000
      68    83   114    32    0.0000000000
      68    83   128    33    0.0004500000
      68    84    98    15    0.0003750000
      68    84    99    31    0.0000750000
      68    84   113    32    0.0000000000
      68    84   114    48    0.0000000000
      68    84   128    49    0.0000000000
      68    98    99    32    0.0000000000
      68    98   113    33    0.0000000000
      68    98   114    49    0.0000000000
      68    98   128    50    0.0000000000
      68    99   113    15    0.0822750000
      68    99   114    31    0.0000000000
      68    99   128    32    0.0000000000
      68   113   114    32    0.0000000000
      68   113   128    33    0.0000000000
      68   114   128    15    0.0000750000
      68    69    83    15    0.0426000000
      68    69    84    31    0.0003000000
      68    69    98    32    0.0005250000
      68    69    99    48    0.0060000000
      68    69   113    49    0.0176250000
      68    69   114    31    0.0000000000
      68    69   128    32    0.0495750000
      68    83    84    32    0.0001500000
      68    83    98    33    0.0003000000
      68    83    99    49    0.0012750000
      68    83   113    50    0.0027000000
      68    83   114    32    0.0000000000
      68    83   128    33    0.0069000000
      68    84    98    15    0.3808500000
      68    84    99    31    0.0001500000
      68    84   113    32    0.0009000000
      68    84   114    48    0.0000000000
      68    84   128    49    0.0016500000
      68    98    99    32    0.0006000000
      68    98   113    33    0.0020250000
      68    98   114    49    0.0000000000
      68    98   128    50    0.0035250000
      68    99   113    15    0.0673500000
      68    99   114    31    0.0000000000
      68    99   128    32    0.0317250000
      68   113   114    32    0.0000000000
      68   113   128    33    0.1002000000
      68   114   128    15    0.0001500000
      68    69    83    15    0.0078000000
      68    69    84    31    0.0118500000
      68    69    98    32    0.1227000000
      68    69    99    48    0.0895500000
      68    69   113    49    0.0057000000
      68    69   114    31    0.0000750000
      68    69   128    32    0.0000000000
      68    83    84    32    0.0002250000
      68    83    98    33    0.0039750000
      68    83    99    49    0.0015000000
      68    83   113    50    0.0002250000
      68    83   114    32    0.0000000000
      68    83   128    33    0.0000000000
      68    84    98    15    0.0061500000
      68    84    99    31    0.0024750000
      68    84   113    32    0.0000750000
      68    84   114    48    0.0000000000
      68    84   128    49    0.0000000000
      68    98    99    32    0.0363000000
      68    98   113    33    0.0014250000
      68    98   114    49    0.0000750000
      68    98   128    50    0.0000000000
      68    99   113    15    0.0182250000
      68    99   114    31    0.0000750000
      68    99   128    32    0.0000000000
      68   113   114    32    0.0000750000
      68   113   128    33    0.0000000000
      68   114   128    15    0.0002250000
      68    69    83    15    0.0879750000
      68    69    84    31    0.0234750000
      68    69    98    32    0.1240500000
      68    69    99    48    0.0060750000
      68    69   113    49    0.0017250000
      68    69   114    31    0.0083250000
      68    69   128    32    0.0067500000
      68    83    84    32    0.0054000000
      68    83    98    33    0.0276750000
      68    83    99    49    0.0016500000
      68    83   113    50    0.0005250000
      68    83   114    32    0.0024000000
      68    83   128    33    0.0015000000
      68    84    98    15    0.0199500000
      68    84    99    31    0.0005250000
      68    84   113    32    0.0002250000
      68    84   114    48    0.0006000000
      68    84   128    49    0.0005250000
      68    98    99    32    0.0050250000
      68    98   113    33    0.0015000000
      68    98   114    49    0.0035250000
      68    98   128    50    0.0027750000
      68    99   113    15    0.0005250000
      68    99   114    31    0.0001500000
      68    99   128    32    0.0001500000
      68   113   114    32    0.0000750000
      68   113   128    33    0.0001500000
      68   114   128    15    0.0012000000
      68    69    83    15    0.0074250000
      68    69    84    31    0.0156750000
      68    69    98    32    0.0251250000
      68    69    99    48    0.0205500000
      68    69   113    49    0.0012000000
      68    69   114    31    0.0012750000
      68    69   128    32    0.0157500000
      68    83    84    32    0.0002250000
      68    83    98    33    0.0002250000
      68    83    99    49    0.0001500000
      68    83   113    50    0.0000750000
      68    83   114    32    0.0000000000
      68    83   128    33    0.0000000000
      68    84    98    15    0.0381000000
      68    84    99    31    0.0220500000
      68    84   113    32    0.0006000000
      68    84   114    48    0.0000000000
      68    84   128    49    0.0005250000
      68    98    99    32    0.0307500000
      68    98   113    33    0.0012750000
      68    98   114    49    0.0000000000
      68    98   128    50    0.0011250000
      68    99   113    15    0.0123000000
      68    99   114    31    0.0000000000
      68    99   128    32    0.0007500000
      68   113   114    32    0.0000000000
      68   113   128    33    0.0000000000
      68   114   128    15    0.0036000000
      68    69    83    15    0.2515500000
      68    69    84    31    0.0000000000
      68    69    98    32    0.0011250000
      68    69    99    48    0.0000000000
      68    69   113    49    0.0000000000
      68    69   114    31    0.0000000000
      68    69   128    32    0.0000000000
      68    83    84    32    0.0000000000
      68    83    98    33    0.0008250000
      68    83    99    49    0.0000000000
      68    83   113    50    0.0000000000
      68    83   114    32    0.0000000000
      68    83   128    33    0.0000000000
      68    84    98    15    0.0002250000
      68    84    99    31    0.0000000000
      68    84   113    32    0.0000000000
      68    84   114    48    0.0000000000
      68    84   128    49    0.0000000000
      68    98    99    32    0.0003000000
      68    98   113    33    0.0003000000
      68    98   114    49    0.0001500000
      68    98   128    50    0.0001500000
      68    99   113    15    0.0429750000
      68    99   114    31    0.0240000000
      68    99   128    32    0.0262500000
      68   113   114    32    0.0021000000
      68   113   128    33    0.0070500000
      68   114   128    15    0.0020250000
     132   133   163    31    0.0213750000
     132   133   164    63    0.0003750000
     132   133   194    64    0.0054000000
     132   133   195    96    0.0006000000
     132   133   225    97    0.0000000000
     132   133   226    63    0.0000000000
     132   133   256    64    0.0000000000
     132   163   164    64    0.0044250000
     132   163   194    65    0.0583500000
     132   163   195    97    0.0102750000
     132   163   225    98    0.0000750000
     132   163   226    64    0.0000000000
     132   163   256    65    0.0000000000
     132   164   194    31    0.0243750000
     132   164   195    63    0.0042000000
     132   164   225    64    0.0000000000
     132   164   226    96    0.0000000000
     132   164   256    97    0.0000000000
     132   194   195    64    0.0247500000
     132   194   225    65    0.0000000000
     132   194   226    97    0.0002250000
     132   194   256    98    0.0000000000
     132   195   225    31    0.0000750000
     132   195   226    63    0.0000750000
     132   195   256    64    0.0000000000
     132   225   226    64    0.0000000000
     132   225   256    65    0.0000000000
     132   226   256    31    0.0000000000
     132   133   163    31    0.0000000000
     132   133   164    63    0.0000000000
     132   133   194    64    0.0000000000
     132   133   195    96    0.0000000000
     132   133   225    97    0.0000000000
     132   133   226    63    0.0000000000
     132   133   256    64    0.0000000000
     132   163   164    64    0.0000000000
     132   163   194    65    0.0000000000
     132   163   195    97    0.0000000000
     132   163   225    98    0.0000000000
     132   163   226    64    0.0000000000
     132   163   256    65    0.0000000000
     132   164   194    31    0.0000000000
     132   164   195    63    0.3010500000
     132   164   225    64    0.0000000000
     132   164   226    96    0.0109500000
     132   164   256    97    0.0000000000
     132   194   195    64    0.0000000000
     132   194   225    65    0.0000000000
     132   194   226    97    0.0000000000
     132   194   256    98    0.0000000000
     132   195   225    31    0.0000000000
     132   195   226    63    0.0052500000
     132   195   256    64    0.0000000000
     132   225   226    64    0.0000000000
     132   225   256    65    0.0000000000
     132   226   256    31    0.0010500000
     132   133   163    31    0.0001500000
     132   133   164    63    0.0018750000
     132   133   194    64    0.0000000000
     132   133   195    96    0.0009750000
     132   133   225    97    0.0000000000
     132   133   226    63    0.0010500000
     132   133   256    64    0.0000000000
     132   163   164    64    0.0011250000
     132   163   194    65    0.0000000000
     132   163   195    97    0.0002250000
     132   163   225    98    0.0000000000
     132   163   226    64    0.0001500000
     132   163   256    65    0.0000000000
     132   164   194    31    0.0000000000
     132   164   195    63    0.0045750000
     132   164   225    64    0.0000000000
     132   164   226    96    0.0108000000
     132   164   256    97    0.0000000000
     132   194   195    64    0.0000000000
     132   194   225    65    0.0000000000
     132   194   226    97    0.0000000000
     132   194   256    98    0.0000000000
     132   195   225    31    0.0000000000
     132   195   226    63    0.0681000000
     132   195   256    64    0.0000000000
     132   225   226    64    0.0000000000
     132   225   256    65    0.0000000000
     132   226   256    31    0.0000000000
     132   133   163    31    0.0933000000
     132   133   164    63    0.0039000000
     132   133   194    64    0.0057000000
     132   133   195    96    0.0000000000
     132   133   225    97    0.0325500000
     132   133   226    63    0.0058500000
     132   133   256    64    0.0019500000
     132   163   164    64    0.0052500000
     132   163   194    65    0.0082500000
     132   163   195    97    0.0002250000
     132   163   225    98    0.0486000000
     132   163   226    64    0.0090000000
     132   163   256    65    0.0037500000
     132   164   194    31    0.0020250000
     132   164   195    63    0.0000000000
     132   164   225    64    0.0020250000
     132   164   226    96    0.0010500000
     132   164   256    97    0.0003000000
     132   194   195    64    0.0000000000
     132   194   225    65    0.0063000000
     132   194   226    97    0.0010500000
     132   194   256    98    0.0003000000
     132   195   225    31    0.0012000000
     132   195   226    63    0.0000000000
     132   195   256    64    0.0000000000
     132   225   226    64    0.0127500000
     132   225   256    65    0.0054750000
     132   226   256    31    0.0006000000
     132   133   163    31    0.1329750000
     132   133   164    63    0.0182250000
     132   133   194    64    0.1540500000
     132   133   195    96    0.0006000000
     132   133   225    97    0.0000000000
     132   133   226    63    0.0000000000
     132   133   256    64    0.0005250000
     132   163   164    64    0.0034500000
     132   163   194    65    0.0280500000
     132   163   195    97    0.0000750000
     132   163   225    98    0.0000000000
     132   163   226    64    0.0000000000
     132   163   256    65    0.0001500000
     132   164   194    31    0.0101250000
     132   164   195    63    0.0000000000
     132   164   225    64    0.0000000000
     132   164   226    96    0.0000000000
     132   164   256    97    0.0000000000
     132   194   195    64    0.0010500000
     132   194   225    65    0.0000000000
     132   194   226    97    0.0000000000
     132   194   256    98    0.0006750000
     132   195   225    31    0.0000000000
     132   195   226    63    0.0000000000
     132   195   256    64    0.0000000000
     132   225   226    64    0.0000000000
     132   225   256    65    0.0000000000
     132   226   256    31    0.0012000000
     132   133   163    31    0.0116250000
     132   133   164    63    0.0005250000
     132   133   194    64    0.0000000000
     132   133   195    96    0.0130500000
     132   133   225    97    0.0000000000
     132   133   226    63    0.0381750000
     132   133   256    64    0.0444000000
     132   163   164    64    0.0018000000
     132   163   194    65    0.0000000000
     132   163   195    97    0.0474750000
     132   163   225    98    0.0005250000
     132   163   226    64    0.0111000000
     132   163   256    65    0.0258000000
     132   164   194    31    0.0000000000
     132   164   195    63    0.0030000000
     132   164   225    64    0.0005250000
     132   164   226    96    0.0007500000
     132   164   256    97    0.0011250000
     132   194   195    64    0.0000000000
     132   194   225    65    0.0000000000
     132   194   226    97    0.0000000000
     132   194   256    98    0.0000000000
     132   195   225    31    0.0006750000
     132   195   226    63    0.0155250000
     132   195   256    64    0.0258000000
     132   225   226    64    0.0000750000
     132   225   256    65    0.0001500000
     132   226   256    31    0.0774000000
     132   133   163    31    0.0012750000
     132   133   164    63    0.0000750000
     132   133   194    64    0.0003750000
     132   133   195    96    0.0000000000
     132   133   225    97    0.0046500000
     132   133   226    63    0.0000000000
     132   133   256    64    0.0000750000
     132   163   164    64    0.0000000000
     132   163   194    65    0.0000000000
     132   163   195    97    0.0000000000
     132   163   225    98    0.0002250000
     132   163   226    64    0.0000000000
     132   163   256    65    0.0000000000
     132   164   194    31    0.0000000000
     132   164   195    63    0.0000000000
     132   164   225    64    0.0003750000
     132   164   226    96    0.0000000000
     132   164   256    97    0.0000000000
     132   194   195    64    0.0000000000
     132   194   225    65    0.0000000000
     132   194   226    97    0.0000000000
     132   194   256    98    0.0000000000
     132   195   225    31    0.0000000000
     132   195   226    63    0.0000000000
     132   195   256    64    0.0000000000
     132   225   226    64    0.0001500000
     132   225   256    65    0.0013500000
     132   226   256    31    0.0000000000
     132   133   163    31    0.0000000000
     132   133   164    63    0.0000000000
     132   133   194    64    0.0000000000
     132   133   195    96    0.0000000000
     132   133   225    97    0.0000000000
     132   133   226    63    0.0001500000
     132   133   256    64    0.0000000000
     132   163   164    64    0.0000000000
     132   163   194    65    0.0000000000
     132   163   195    97    0.0000000000
     132   163   225    98    0.0000000000
     132   163   226    64    0.0000000000
     132   163   256    65    0.0000000000
     132   164   194    31    0.0000000000
     132   164   195    63    0.0000000000
     132   164   225    64    0.0000000000
     132   164   226    96    0.0000000000
     132   164   256    97    0.0000000000
     132   194   195    64    0.0000000000
     132   194   225    65    0.0000000000
     132   194   226    97    0.0000000000
     132   194   256    98    0.0000000000
     132   195   225    31    0.0000000000
     132   195   226    63    0.0000000000
     132   195   256    64    0.0000000000
     132   225   226    64    0.0000000000
     132   225   256    65    0.0000000000
     132   226   256    31    0.0000000000
     132   133   163    31    0.0014250000
     132   133   164    63    0.2128500000
     132   133   194    64    0.0000000000
     132   133   195    96    0.1002750000
     132   133   225    97    0.0000000000
     132   133   226    63    0.0000750000
     132   133   256    64    0.0000000000
     132   163   164    64    0.0005250000
     132   163   194    65    0.0000000000
     132   163   195    97    0.0006000000
     132   163   225    98    0.0000000000
     132   163   226    64    0.0000000000
     132   163   256    65    0.0000000000
     132   164   194    31    0.0000000000
     132   164   195    63    0.1379250000
     132   164   225    64    0.0000000000
     132   164   226    96    0.0001500000
     132   164   256    97    0.0000000000
     132   194   195    64    0.0000000000
     132   194   225    65    0.0000000000
     132   194   226    97    0.0000000000
     132   194   256    98    0.0000000000
     132   195   225    31    0.0000000000
     132   195   226    63    0.0004500000
     132   195   256    64    0.0000000000
     132   225   226    64    0.0000000000
     132   225   256    65    0.0000000000
     132   226   256    31    0.0000000000
     132   133   163    31    0.0186000000
     132   133   164    63    0.0002250000
     132   133   194    64    0.0000000000
     132   133   195    96    0.0000000000
     132   133   225    97    0.0000000000
     132   133   226    63    0.0001500000
     132   133   256    64    0.0007500000
     132   163   164    64    0.0000000000
     132   163   194    65    0.0000000000
     132   163   195    97    0.0000000000
     132   163   225    98    0.0000000000
     132   163   226    64    0.0000000000
     132   163   256    65    0.0000750000
     132   164   194    31    0.0002250000
     132   164   195    63    0.0000000000
     132   164   225    64    0.0017250000
     132   164   226    96    0.0050250000
     132   164   256    97    0.0700500000
     132   194   195    64    0.0000000000
     132   194   225    65    0.0000000000
     132   194   226    97    0.0000000000
     132   194   256    98    0.0001500000
     132   195   225    31    0.0000000000
     132   195   226    63    0.0000000000
     132   195   256    64    0.0000000000
     132   225   226    64    0.0002250000
     132   225   256    65    0.0028500000
     132   226   256    31    0.0354750000
     196   197   243    47    0.0000000000
     196   197   244    95    0.0000000000
     196   197   290    96    0.0000000000
     196   197   291   144    0.0000000000
     196   197   337   145    0.0000000000
     196   197   338    95    0.0000000000
     196   197   384    96    0.0000000000
     196   243   244    96    0.0000000000
     196   243   290    97    0.0000000000
     196   243   291   145    0.0000000000
     196   243   337   146    0.0000000000
     196   243   338    96    0.0000000000
     196   243   384    97    0.0000000000
     196   244   290    47    0.0000000000
     196   244   291    95    0.0000000000
     196   244   337    96    0.0000000000
     196   244   338   144    0.0000000000
     196   244   384   145    0.0000000000
     196   290   291    96    0.0000000000
     196   290   337    97    0.0000000000
     196   290   338   145    0.0000000000
     196   290   384   146    0.0000000000
     196   291   337    47    0.0000000000
     196   291   338    95    0.0000000000
     196   291   384    96    0.0000000000
     196   337   338    96    0.0000000000
     196   337   384    97    0.0000000000
     196   338   384    47    0.0000000000
     196   197   243    47    0.0000000000
     196   197   244    95    0.0000000000
     196   197   290    96    0.0000000000
     196   197   291   144    0.0000000000
     196   197   337   145    0.0000000000
     196   197   338    95    0.0001500000
     196   197   384    96    0.0000000000
     196   243   244    96    0.0000000000
     196   243   290    97    0.0000000000
     196   243   291   145    0.0000000000
     196   243   337   146    0.0000000000
     196   243   338    96    0.0000750000
     196   243   384    97    0.0000000000
     196   244   290    47    0.0000000000
     196   244   291    95    0.0000000000
     196   244   337    96    0.0000000000
     196   244   338   144    0.0000000000
     196   244   384   145    0.0000000000
     196   290   291    96    0.0000000000
     196   290   337    97    0.0000000000
     196   290   338   145    0.0000000000
     196   290   384   146    0.0000000000
     196   291   337    47    0.0050250000
     196   291   338    95    0.0010500000
     196   291   384    96    0.0002250000
     196   337   338    96    0.0000000000
     196   337   384    97    0.0000000000
     196   338   384    47    0.0366750000
     196   197   243    47    0.0005250000
     196   197   244    95    0.0000000000
     196   197   290    96    0.0000000000
     196   197   291   144    0.0000000000
     196   197   337   145    0.0000000000
     196   197   338    95    0.0000000000
     196   197   384    96    0.0000000000
     196   243   244    96    0.0000000000
     196   243   290    97    0.0000000000
     196   243   291   145    0.0000000000
     196   243   337   146    0.0000000000
     196   243   338    96    0.0000000000
     196   243   384    97    0.0000000000
     196   244   290    47    0.1043250000
     196   244   291    95    0.0000000000
     196   244   337    96    0.0000000000
     196   244   338   144    0.0000000000
     196   244   384   145    0.0000000000
     196   290   291    96    0.0000000000
     196   290   337    97    0.0000000000
     196   290   338   145    0.0000000000
     196   290   384   146    0.0000000000
     196   291   337    47    0.0000000000
     196   291   338    95    0.0000000000
     196   291   384    96    0.0000000000
     196   337   338    96    0.0000000000
     196   337   384    97    0.0000000000
     196   338   384    47    0.0000000000
     196   197   243    47    0.0192000000
     196   197   244    95    0.0000000000
     196   197   290    96    0.0057000000
     196   197   291   144    0.0000000000
     196   197   337   145    0.0000000000
     196   197   338    95    0.0000750000
     196   197   384    96    0.0024750000
     196   243   244    96    0.0000000000
     196   243   290    97    0.0103500000
     196   243   291   145    0.0000750000
     196   243   337   146    0.0000000000
     196   243   338    96    0.0000000000
     196   243   384    97    0.0036750000
     196   244   290    47    0.0000000000
     196   244   291    95    0.0000000000
     196   244   337    96    0.0000000000
     196   244   338   144    0.0000000000
     196   244   384   145    0.0000000000
     196   290   291    96    0.0000000000
     196   290   337    97    0.0000000000
     196   290   338   145    0.0000000000
     196   290   384   146    0.0009000000
     196   291   337    47    0.0000000000
     196   291   338    95    0.0000000000
     196   291   384    96    0.0000000000
     196   337   338    96    0.0000000000
     196   337   384    97    0.0000000000
     196   338   384    47    0.0000750000
     196   197   243    47    0.0000000000
     196   197   244    95    0.0000000000
     196   197   290    96    0.0000000000
     196   197   291   144    0.0000000000
     196   197   337   145    0.0000000000
     196   197   338    95    0.0000000000
     196   197   384    96    0.0000000000
     196   243   244    96    0.0000000000
     196   243   290    97    0.0001500000
     196   243   291   145    0.0000000000
     196   243   337   146    0.0000000000
     196   243   338    96    0.0002250000
     196   243   384    97    0.0000000000
     196   244   290    47    0.0000000000
     196   244   291    95    0.0000000000
     196   244   337    96    0.0000000000
     196   244   338   144    0.0000000000
     196   244   384   145    0.0000000000
     196   290   291    96    0.0000000000
     196   290   337    97    0.0000000000
     196   290   338   145    0.0000000000
     196   290   384   146    0.0000000000
     196   291   337    47    0.0000000000
     196   291   338    95    0.0000750000
     196   291   384    96    0.0000000000
     196   337   338    96    0.0000000000
     196   337   384    97    0.0000000000
     196   338   384    47    0.0000000000
     196   197   243    47    0.0000000000
     196   197   244    95    0.0000000000
     196   197   290    96    0.0000000000
     196   197   291   144    0.0000000000
     196   197   337   145    0.0000000000
     196   197   338    95    0.0000000000
     196   197   384    96    0.0000000000
     196   243   244    96    0.0000000000
     196   243   290    97    0.0000000000
     196   243   291   145    0.0000000000
     196   243   337   146    0.0000000000
     196   243   338    96    0.0000000000
     196   243   384    97    0.0000000000
     196   244   290    47    0.0000000000
     196   244   291    95    0.0009750000
     196   244   337    96    0.0000000000
     196   244   338   144    0.0000000000
     196   244   384   145    0.0000000000
     196   290   291    96    0.0003000000
     196   290   337    97    0.0000000000
     196   290   338   145    0.0000000000
     196   290   384   146    0.0000000000
     196   291   337    47    0.0000000000
     196   291   338    95    0.0000000000
     196   291   384    96    0.0000000000
     196   337   338    96    0.0000000000
     196   337   384    97    0.0000000000
     196   338   384    47    0.0000000000
     196   197   243    47    0.0000000000
     196   197   244    95    0.0000750000
     196   197   290    96    0.0000000000
     196   197   291   144    0.0000000000
     196   197   337   145    0.0000000000
     196   197   338    95    0.0000000000
     196   197   384    96    0.0000000000
     196   243   244    96    0.0018000000
     196   243   290    97    0.0000000000
     196   243   291   145    0.0000000000
     196   243   337   146    0.0000000000
     196   243   338    96    0.0000000000
     196   243   384    97    0.0000000000
     196   244   290    47    0.0000750000
     196   244   291    95    0.0022500000
     196   244   337    96    0.0046500000
     196   244   338   144    0.0000000000
     196   244   384   145    0.0000000000
     196   290   291    96    0.0000000000
     196   290   337    97    0.0000000000
     196   290   338   145    0.0000000000
     196   290   384   146    0.0000000000
     196   291   337    47    0.3158250000
     196   291   338    95    0.0000000000
     196   291   384    96    0.0000000000
     196   337   338    96    0.0000000000
     196   337   384    97    0.0000000000
     196   338   384    47    0.0000000000
     196   197   243    47    0.0000000000
     196   197   244    95    0.0000000000
     196   197   290    96    0.0000000000
     196   197   291   144    0.0000000000
     196   197   337   145    0.0000000000
     196   197   338    95    0.0321000000
     196   197   384    96    0.0000000000
     196   243   244    96    0.0000000000
     196   243   290    97    0.0000000000
     196   243   291   145    0.0000000000
     196   243   337   146    0.0000000000
     196   243   338    96    0.0000750000
     196   243   384    97    0.0000000000
     196   244   290    47    0.0000000000
     196   244   291    95    0.0050250000
     196   244   337    96    0.0000000000
     196   244   338   144    0.0000000000
     196   244   384   145    0.0000000000
     196   290   291    96    0.0000000000
     196   290   337    97    0.0000000000
     196   290   338   145    0.0000000000
     196   290   384   146    0.0000000000
     196   291   337    47    0.0000000000
     196   291   338    95    0.0000000000
     196   291   384    96    0.0000000000
     196   337   338    96    0.0000000000
     196   337   384    97    0.0000000000
     196   338   384    47    0.0000000000
     196   197   243    47    0.0000000000
     196   197   244    95    0.0000000000
     196   197   290    96    0.0000000000
     196   197   291   144    0.0000000000
     196   197   337   145    0.0000000000
     196   197   338    95    0.0000000000
     196   197   384    96    0.0000000000
     196   243   244    96    0.0000000000
     196   243   290    97    0.0000000000
     196   243   291   145    0.0000000000
     196   243   337   146    0.0000000000
     196   243   338    96    0.0000000000
     196   243   384    97    0.0000000000
     196   244   290    47    0.0000000000
     196   244   291    95    0.0000000000
     196   244   337    96    0.0000000000
     196   244   338   144    0.0000000000
     196   244   384   145    0.0000000000
     196   290   291    96    0.0000000000
     196   290   337    97    0.0000000000
     196   290   338   145    0.0000000000
     196   290   384   146    0.0000000000
     196   291   337    47    0.0000000000
     196   291   338    95    0.0000000000
     196   291   384    96    0.0000000000
     196   337   338    96    0.0000000000
     196   337   384    97    0.0000000000
     196   338   384    47    0.0000000000
     196   197   243    47    0.0577500000
     196   197   244    95    0.0000000000
     196   197   290    96    0.0000000000
     196   197   291   144    0.0000000000
     196   197   337   145    0.0000000000
     196   197   338    95    0.0000000000
     196   197   384    96    0.0000000000
     196   243   244    96    0.0000000000
     196   243   290    97    0.0000000000
     196   243   291   145    0.0000000000
     196   243   337   146    0.0000000000
     196   243   338    96    0.0000000000
     196   243   384    97    0.0000000000
     196   244   290    47    0.0000000000
     196   244   291    95    0.0000000000
     196   244   337    96    0.0000000000
     196   244   338   144    0.0000000000
     196   244   384   145    0.0000000000
     196   290   291    96    0.0000000000
     196   290   337    97    0.0000000000
     196   290   338   145    0.0000000000
     196   290   384   146    0.0000000000
     196   291   337    47    0.0000000000
     196   291   338    95    0.0004500000
     196   291   384    96    0.0021750000
     196   337   338    96    0.0000000000
     196   337   384    97    0.0000000000
     196   338   384    47    0.0058500000
     260   261   323    63    0.0000000000
     260   261   324   127    0.0000000000
     260   261   386   128    0.0000000000
     260   261   387   192    0.0000000000
     260   261   449   193    0.0000000000
     260   261   450   127    0.0000000000
     260   261   512   128    0.0000000000
     260   323   324   128    0.0000000000
     260   323   386   129    0.0000000000
     260   323   387   193    0.0000000000
     260   323   449   194    0.0000000000
     260   323   450   128    0.0000000000
     260   323   512   129    0.0000000000
     260   324   386    63    0.0000000000
     260   324   387   127    0.0000000000
     260   324   449   128    0.0000000000
     260   324   450   192    0.0000000000
     260   324   512   193    0.0000000000
     260   386   387   128    0.0000000000
     260   386   449   129    0.0000000000
     260   386   450   193    0.0000000000
     260   386   512   194    0.0000000000
     260   387   449    63    0.0000000000
     260   387   450   127    0.0000000000
     260   387   512   128    0.0000000000
     260   449   450   128    0.0000000000
     260   449   512   129    0.0000000000
     260   450   512    63    0.0000000000
     260   261   323    63    0.0000000000
     260   261   324   127    0.0000000000
     260   261   386   128    0.0000000000
     260   261   387   192    0.0000000000
     260   261   449   193    0.0000000000
     260   261   450   127    0.0000000000
     260   261   512   128    0.0000000000
     260   323   324   128    0.0000000000
     260   323   386   129    0.0000000000
     260   323   387   193    0.0000000000
     260   323   449   194    0.0000000000
     260   323   450   128    0.0000000000
     260   323   512   129    0.0000000000
     260   324   386    63    0.0000750000
     260   324   387   127    0.0000000000
     260   324   449   128    0.0000000000
     260   324   450   192    0.0000000000
     260   324   512   193    0.0000000000
     260   386   387   128    0.0000000000
     260   386   449   129    0.0000000000
     260   386   450   193    0.0000000000
     260   386   512   194    0.0000000000
     260   387   449    63    0.0000000000
     260   387   450   127    0.0000000000
     260   387   512   128    0.0000000000
     260   449   450   128    0.0002250000
     260   449   512   129    0.0003000000
     260   450   512    63    0.0000000000
     260   261   323    63    0.0000000000
     260   261   324   127    0.0000000000
     260   261   386   128    0.0000000000
     260   261   387   192    0.0000000000
     260   261   449   193    0.0000000000
     260   261   450   127    0.0000000000
     260   261   512   128    0.0000000000
     260   323   324   128    0.0000000000
     260   323   386   129    0.0000000000
     260   323   387   193    0.0000000000
     260   323   449   194    0.0000000000
     260   323   450   128    0.0000000000
     260   323   512   129    0.0000000000
     260   324   386    63    0.0000000000
     260   324   387   127    0.0002250000
     260   324   449   128    0.0000000000
     260   324   450   192    0.0000000000
     260   324   512   193    0.0000000000
     260   386   387   128    0.0000750000
     260   386   449   129    0.0000000000
     260   386   450   193    0.0000000000
     260   386   512   194    0.0000000000
     260   387   449    63    0.0007500000
     260   387   450   127    0.0006750000
     260   387   512   128    0.0021000000
     260   449   450   128    0.0000000000
     260   449   512   129    0.0000000000
     260   450   512    63    0.0000750000
     260   261   323    63    0.0030750000
     260   261   324   127    0.0000000000
     260   261   386   128    0.0000000000
     260   261   387   192    0.0000000000
     260   261   449   193    0.0000000000
     260   261   450   127    0.0000750000
     260   261   512   128    0.0000750000
     260   323   324   128    0.0000000000
     260   323   386   129    0.0000000000
     260   323   387   193    0.0000000000
     260   323   449   194    0.0000000000
     260   323   450   128    0.0002250000
     260   323   512   129    0.0003750000
     260   324   386    63    0.0000000000
     260   324   387   127    0.0000000000
     260   324   449   128    0.0000000000
     260   324   450   192    0.0000000000
     260   324   512   193    0.0000000000
     260   386   387   128    0.0000000000
     260   386   449   129    0.0000000000
     260   386   450   193    0.0000000000
     260   386   512   194    0.0000000000
     260   387   449    63    0.0000000000
     260   387   450   127    0.0000000000
     260   387   512   128    0.0000000000
     260   449   450   128    0.0001500000
     260   449   512   129    0.0000000000
     260   450   512    63    0.0150750000
     260   261   323    63    0.0000000000
     260   261   324   127    0.0000000000
     260   261   386   128    0.0000000000
     260   261   387   192    0.0000000000
     260   261   449   193    0.0000000000
     260   261   450   127    0.0000000000
     260   261   512   128    0.0000000000
     260   323   324   128    0.0000000000
     260   323   386   129    0.0000000000
     260   323   387   193    0.0000000000
     260   323   449   194    0.0000000000
     260   323   450   128    0.0000000000
     260   323   512   129    0.0000000000
     260   324   386    63    0.0000000000
     260   324   387   127    0.0000000000
     260   324   449   128    0.0000000000
     260   324   450   192    0.0000000000
     260   324   512   193    0.0000000000
     260   386   387   128    0.0000000000
     260   386   449   129    0.0000000000
     260   386   450   193    0.0000000000
     260   386   512   194    0.0000000000
     260   387   449    63    0.0000000000
     260   387   450   127    0.0000750000
     260   387   512   128    0.0000000000
     260   449   450   128    0.0000000000
     260   449   512   129    0.0000000000
     260   450   512    63    0.0000750000
     260   261   323    63    0.0000000000
     260   261   324   127    0.0000000000
     260   261   386   128    0.0000000000
     260   261   387   192    0.0000000000
     260   261   449   193    0.0000000000
     260   261   450   127    0.0000000000
     260   261   512   128    0.0000000000
     260   323   324   128    0.0001500000
     260   323   386   129    0.0000000000
     260   323   387   193    0.0000000000
     260   323   449   194    0.0000000000
     260   323   450   128    0.0000000000
     260   323   512   129    0.0000000000
     260   324   386    63    0.0000000000
     260   324   387   127    0.0000000000
     260   324   449   128    0.0000000000
     260   324   450   192    0.0000000000
     260   324   512   193    0.0000000000
     260   386   387   128    0.0000000000
     260   386   449   129    0.0000000000
     260   386   450   193    0.0000000000
     260   386   512   194    0.0000000000
     260   387   449    63    0.0000750000
     260   387   450   127    0.0000000000
     260   387   512   128    0.0000000000
     260   449   450   128    0.0000000000
     260   449   512   129    0.0000000000
     260   450   512    63    0.0000000000
     260   261   323    63    0.0000000000
     260   261   324   127    0.0000000000
     260   261   386   128    0.0000000000
     260   261   387   192    0.0000000000
     260   261   449   193    0.0000000000
     260   261   450   127    0.0000000000
     260   261   512   128    0.0000000000
     260   323   324   128    0.0000000000
     260   323   386   129    0.0000000000
     260   323   387   193    0.0000000000
     260   323   449   194    0.0000000000
     260   323   450   128    0.0000000000
     260   323   512   129    0.0000000000
     260   324   386    63    0.0000000000
     260   324   387   127    0.0001500000
     260   324   449   128    0.0000000000
     260   324   450   192    0.0000000000
     260   324   512   193    0.0000000000
     260   386   387   128    0.0000750000
     260   386   449   129    0.0000000000
     260   386   450   193    0.0000000000
     260   386   512   194    0.0000000000
     260   387   449    63    0.0000000000
     260   387   450   127    0.0000000000
     260   387   512   128    0.0000000000
     260   449   450   128    0.0000000000
     260   449   512   129    0.0000000000
     260   450   512    63    0.0000000000
     260   261   323    63    0.0000000000
     260   261   324   127    0.0000000000
     260   261   386   128    0.0000000000
     260   261   387   192    0.0000000000
     260   261   449   193    0.0000000000
     260   261   450   127    0.0000000000
     260   261   512   128    0.0000000000
     260   323   324   128    0.0000000000
     260   323   386   129    0.0000000000
     260   323   387   193    0.0000000000
     260   323   449   194    0.0000000000
     260   323   450   128    0.0000000000
     260   323   512   129    0.0000000000
     260   324   386    63    0.0000000000
     260   324   387   127    0.0000000000
     260   324   449   128    0.0000000000
     260   324   450   192    0.0000000000
     260   324   512   193    0.0000000000
     260   386   387   128    0.0000000000
     260   386   449   129    0.0000000000
     260   386   450   193    0.0000000000
     260   386   512   194    0.0000000000
     260   387   449    63    0.0000000000
     260   387   450   127    0.0000000000
     260   387   512   128    0.0000000000
     260   449   450   128    0.0000000000
     260   449   512   129    0.0000000000
     260   450   512    63    0.0000000000
     260   261   323    63    0.0010500000
     260   261   324   127    0.0001500000
     260   261   386   128    0.0000000000
     260   261   387   192    0.0000000000
     260   261   449   193    0.0000000000
     260   261   450   127    0.0000000000
     260   261   512   128    0.0000000000
     260   323   324   128    0.0004500000
     260   323   386   129    0.0000000000
     260   323   387   193    0.0000000000
     260   323   449   194    0.0000000000
     260   323   450   128    0.0000000000
     260   323   512   129    0.0000000000
     260   324   386    63    0.0000000000
     260   324   387   127    0.0000000000
     260   324   449   128    0.0000000000
     260   324   450   192    0.0000000000
     260   324   512   193    0.0000000000
     260   386   387   128    0.0000000000
     260   386   449   129    0.0000000000
     260   386   450   193    0.0000000000
     260   386   512   194    0.0000000000
     260   387   449    63    0.0000000000
     260   387   450   127    0.0000000000
     260   387   512   128    0.0000000000
     260   449   450   128    0.0000000000
     260   449   512   129    0.0000000000
     260   450   512    63    0.0000000000
     260   261   323    63    0.0000750000
     260   261   324   127    0.0000000000
     260   261   386   128    0.0000000000
     260   261   387   192    0.0000000000
     260   261   449   193    0.0000000000
     260   261   450   127    0.0000000000
     260   261   512   128    0.0000000000
     260   323   324   128    0.0106500000
     260   323   386   129    0.0000000000
     260   323   387   193    0.0000000000
     260   323   449   194    0.0000000000
     260   323   450   128    0.0004500000
     260   323   512   129    0.0017250000
     260   324   386    63    0.0000000000
     260   324   387   127    0.0000000000
     260   324   449   128    0.0000000000
     260   324   450   192    0.0000000000
     260   324   512   193    0.0000000000
     260   386   387   128    0.0000000000
     260   386   449   129    0.0000000000
     260   386   450   193    0.0000000000
     260   386   512   194    0.0000000000
     260   387   449    63    0.0000000000
     260   387   450   127    0.0000000000
     260   387   512   128    0.0000000000
     260   449   450   128    0.0000000000
     260   449   512   129    0.0000000000
     260   450   512    63    0.0010500000
     260   261   323    63    0.0011250000
     260   261   324   127    0.0003750000
     260   261   386   128    0.0000000000
     260   261   387   192    0.0000000000
     260   261   449   193    0.0001500000
     260   261   450   127    0.0000000000
     260   261   512   128    0.0003000000
     260   323   324   128    0.0000000000
     260   323   386   129    0.0000000000
     260   323   387   193    0.0000000000
     260   323   449   194    0.0000000000
     260   323   450   128    0.0000000000
     260   323   512   129    0.0000000000
     260   324   386    63    0.0000000000
     260   324   387   127    0.0009750000
     260   324   449   128    0.0120750000
     260   324   450   192    0.0000000000
     260   324   512   193    0.0069000000
     260   386   387   128    0.0000000000
     260   386   449   129    0.0000000000
     260   386   450   193    0.0000000000
     260   386   512   194    0.0000000000
     260   387   449    63    0.0000750000
     260   387   450   127    0.0000000000
     260   387   512   128    0.0003750000
     260   449   450   128    0.0000000000
     260   449   512   129    0.0036000000
     260   450   512    63    0.0000000000
     260   261   323    63    0.0000000000
     260   261   324   127    0.0000000000
     260   261   386   128    0.0000000000
     260   261   387   192    0.0000000000
     260   261   449   193    0.0000000000
     260   261   450   127    0.0000000000
     260   261   512   128    0.0000000000
     260   323   324   128    0.0000000000
     260   323   386   129    0.0000000000
     260   323   387   193    0.0002250000
     260   323   449   194    0.0000000000
     260   323   450   128    0.0000000000
     260   323   512   129    0.0000000000
     260   324   386    63    0.0004500000
     260   324   387   127    0.0003000000
     260   324   449   128    0.0000000000
     260   324   450   192    0.0000000000
     260   324   512   193    0.0000000000
     260   386   387   128    0.1085250000
     260   386   449   129    0.0000000000
     260   386   450   193    0.0025500000
     260   386   512   194    0.0000000000
     260   387   449    63    0.0000000000
     260   387   450   127    0.0145500000
     260   387   512   128    0.0000000000
     260   449   450   128    0.0000000000
     260   449   512   129    0.0000000000
     260   450   512    63    0.0000000000
     260   261   323    63    0.0000000000
     260   261   324   127    0.0000000000
     260   261   386   128    0.0000000000
     260   261   387   192    0.0000000000
     260   261   449   193    0.0000000000
     260   261   450   127    0.0000000000
     260   261   512   128    0.0000000000
     260   323   324   128    0.0000000000
     260   323   386   129    0.0000000000
     260   323   387   193    0.0000000000
     260   323   449   194    0.0000000000
     260   323   450   128    0.0000000000
     260   323   512   129    0.0000000000
     260   324   386    63    0.0000750000
     260   324   387   127    0.0000000000
     260   324   449   128    0.0000000000
     260   324   450   192    0.0016500000
     260   324   512   193    0.0000000000
     260   386   387   128    0.0000000000
     260   386   449   129    0.0000000000
     260   386   450   193    0.0000000000
     260   386   512   194    0.0000000000
     260   387   449    63    0.0000000000
     260   387   450   127    0.0000000000
     260   387   512   128    0.0000000000
     260   449   450   128    0.0001500000
     260   449   512   129    0.0000000000
     260   450   512    63    0.0000000000
     260   261   323    63    0.0000000000
     260   261   324   127    0.0000000000
     260   261   386   128    0.0000000000
     260   261   387   192    0.0000000000
     260   261   449   193    0.0000000000
     260   261   450   127    0.0000000000
     260   261   512   128    0.0000000000
     260   323   324   128    0.0000000000
     260   323   386   129    0.0003750000
     260   323   387   193    0.0004500000
     260   323   449   194    0.0000000000
     260   323   450   128    0.0000000000
     260   323   512   129    0.0000000000
     260   324   386    63    0.0090750000
     260   324   387   127    0.0121500000
     260   324   449   128    0.0000000000
     260   324   450   192    0.0005250000
     260   324   512   193    0.0000000000
     260   386   387   128    0.2504250000
     260   386   449   129    0.0002250000
     260   386   450   193    0.0233250000
     260   386   512   194    0.0001500000
     260   387   449    63    0.0003000000
     260   387   450   127    0.0510000000
     260   387   512   128    0.0001500000
     260   449   450   128    0.0002250000
     260   449   512   129    0.0000000000
     260   450   512    63    0.0000000000
     260   261   323    63    0.1320750000
     260   261   324   127    0.0000000000
     260   261   386   128    0.0000000000
     260   261   387   192    0.0002250000
     260   261   449   193    0.0000000000
     260   261   450   127    0.0002250000
     260   261   512   128    0.0027000000
     260   323   324   128    0.0000000000
     260   323   386   129    0.0000000000
     260   323   387   193    0.0003750000
     260   323   449   194    0.0000000000
     260   323   450   128    0.0000750000
     260   323   512   129    0.0014250000
     260   324   386    63    0.0018750000
     260   324   387   127    0.0006750000
     260   324   449   128    0.0000000000
     260   324   450   192    0.0000000000
     260   324   512   193    0.0000000000
     260   386   387   128    0.0094500000
     260   386   449   129    0.0000000000
     260   386   450   193    0.0000000000
     260   386   512   194    0.0002250000
     260   387   449    63    0.0000000000
     260   387   450   127    0.0000000000
     260   387   512   128    0.0008250000
     260   449   450   128    0.0000000000
     260   449   512   129    0.0000000000
     260   450   512    63    0.0004500000
