      36    37    43     7    0.5352750000
      36    37    44    15    0.0003000000
      36    37    50    16    0.0000000000
      36    37    51    24    0.0072000000
      36    37    57    25    0.0005250000
      36    37    58    15    0.0000000000
      36    37    64    16    0.0016500000
      36    43    44    16    0.0003000000
      36    43    50    17    0.0000000000
      36    43    51    25    0.0084750000
      36    43    57    26    0.0007500000
      36    43    58    16    0.0000000000
      36    43    64    17    0.0020250000
      36    44    50     7    0.0021750000
      36    44    51    15    0.0135000000
      36    44    57    16    0.0003000000
      36    44    58    24    0.0000000000
      36    44    64    25    0.0001500000
      36    50    51    16    0.0007500000
      36    50    57    17    0.0000000000
      36    50    58    25    0.0000000000
      36    50    64    26    0.0000000000
      36    51    57     7    0.0089250000
      36    51    58    15    0.0012750000
      36    51    64    16    0.0174750000
      36    57    58    16    0.0002250000
      36    57    64    17    0.0032250000
      36    58    64     7    0.0029250000
      36    37    43     7    0.0555750000
      36    37    44    15    0.0007500000
      36    37    50    16    0.0003750000
      36    37    51    24    0.0000000000
      36    37    57    25    0.0003750000
      36    37    58    15    0.0036000000
      36    37    64    16    0.0002250000
      36    43    44    16    0.0001500000
      36    43    50    17    0.0000000000
      36    43    51    25    0.0000000000
      36    43    57    26    0.0000750000
      36    43    58    16    0.0005250000
      36    43    64    17    0.0002250000
      36    44    50     7    0.0062250000
      36    44    51    15    0.0002250000
      36    44    57    16    0.0020250000
      36    44    58    24    0.0020250000
      36    44    64    25    0.0001500000
      36    50    51    16    0.0002250000
      36    50    57    17    0.0012750000
      36    50    58    25    0.0018000000
      36    50    64    26    0.0000750000
      36    51    57     7    0.0052500000
      36    51    58    15    0.0022500000
      36    51    64    16    0.0000750000
      36    57    58    16    0.0192000000
      36    57    64    17    0.0005250000
      36    58    64     7    0.0231000000
      36    37    43     7    0.0756000000
      36    37    44    15    0.0147750000
      36    37    50    16    0.0024750000
      36    37    51    24    0.0004500000
      36    37    57    25    0.0000000000
      36    37    58    15    0.0213750000
      36    37    64    16    0.0031500000
      36    43    44    16    0.0369750000
      36    43    50    17    0.0071250000
      36    43    51    25    0.0009000000
      36    43    57    26    0.0000750000
      36    43    58    16    0.0688500000
      36    43    64    17    0.0102000000
      36    44    50     7    0.0492000000
      36    44    51    15    0.0018000000
      36    44    57    16    0.0000750000
      36    44    58    24    0.0147000000
      36    44    64    25    0.0028500000
      36    50    51    16    0.0003000000
      36    50    57    17    0.0000000000
      36    50    58    25    0.0031500000
      36    50    64    26    0.0009750000
      36    51    57     7    0.0000000000
      36    51    58    15    0.0006750000
      36    51    64    16    0.0000750000
      36    57    58    16    0.0000000000
      36    57    64    17    0.0000000000
      36    58    64     7    0.0552000000
      36    37    43     7    0.0714750000
      36    37    44    15    0.0149250000
      36    37    50    16    0.0150750000
      36    37    51    24    0.0291750000
      36    37    57    25    0.0009750000
      36    37    58    15    0.0002250000
      36    37    64    16    0.0000000000
      36    43    44    16    0.0066750000
      36    43    50    17    0.0067500000
      36    43    51    25    0.0132000000
      36    43    57    26    0.0006000000
      36    43    58    16    0.0001500000
      36    43    64    17    0.0000000000
      36    44    50     7    0.1368750000
      36    44    51    15    0.1854000000
      36    44    57    16    0.0039750000
      36    44    58    24    0.0004500000
      36    44    64    25    0.0003000000
      36    50    51    16    0.1611000000
      36    50    57    17    0.0046500000
      36    50    58    25    0.0009000000
      36    50    64    26    0.0003000000
      36    51    57     7    0.0198750000
      36    51    58    15    0.0030000000
      36    51    64    16    0.0011250000
      36    57    58    16    0.0012000000
      36    57    64    17    0.0005250000
      36    58    64     7    0.1842750000
      36    37    43     7    0.0030750000
      36    37    44    15    0.0003000000
      36    37    50    16    0.0000750000
      36    37    51    24    0.0102750000
      36    37    57    25    0.0000750000
      36    37    58    15    0.0067500000
      36    37    64    16    0.0019500000
      36    43    44    16    0.0000750000
      36    43    50    17    0.0000000000
      36    43    51    25    0.0000750000
      36    43    57    26    0.0000000000
      36    43    58    16    0.0000750000
      36    43    64    17    0.0000750000
      36    44    50     7    0.0173250000
      36    44    51    15    0.0000750000
      36    44    57    16    0.0000000000
      36    44    58    24    0.0000000000
      36    44    64    25    0.0000000000
      36    50    51    16    0.0000000000
      36    50    57    17    0.0000000000
      36    50    58    25    0.0000000000
      36    50    64    26    0.0000000000
      36    51    57     7    0.0030750000
      36    51    58    15    0.4944750000
      36    51    64    16    0.0702750000
      36    57    58    16    0.0021750000
      36    57    64    17    0.0004500000
      36    58    64     7    0.0566250000
      36    37    43     7    0.0010500000
      36    37    44    15    0.0000000000
      36    37    50    16    0.0000000000
      36    37    51    24    0.0000000000
      36    37    57    25    0.0000000000
      36    37    58    15    0.0000000000
      36    37    64    16    0.0000000000
      36    43    44    16    0.0000000000
      36    43    50    17    0.0000750000
      36    43    51    25    0.0000000000
      36    43    57    26    0.0000000000
      36    43    58    16    0.0000000000
      36    43    64    17    0.0000000000
      36    44    50     7    0.5010000000
      36    44    51    15    0.0000000000
      36    44    57    16    0.0000000000
      36    44    58    24    0.0000000000
      36    44    64    25    0.0000000000
      36    50    51    16    0.0000000000
      36    50    57    17    0.0000000000
      36    50    58    25    0.0000000000
      36    50    64    26    0.0000000000
      36    51    57     7    0.0108000000
      36    51    58    15    0.0000750000
      36    51    64    16    0.0000000000
      36    57    58    16    0.0003750000
      36    57    64    17    0.0005250000
      36    58    64     7    0.0177000000
      36    37    43     7    0.0077250000
      36    37    44    15    0.0000750000
      36    37    50    16    0.0001500000
      36    37    51    24    0.0054000000
      36    37    57    25    0.0002250000
      36    37    58    15    0.0437250000
      36    37    64    16    0.0293250000
      36    43    44    16    0.0000000000
      36    43    50    17    0.0000000000
      36    43    51    25    0.0000750000
      36    43    57    26    0.0000750000
      36    43    58    16    0.0014250000
      36    43    64    17    0.0010500000
      36    44    50     7    0.0057000000
      36    44    51    15    0.0007500000
      36    44    57    16    0.0000000000
      36    44    58    24    0.0000000000
      36    44    64    25    0.0000750000
      36    50    51    16    0.0003000000
      36    50    57    17    0.0000000000
      36    50    58    25    0.0000000000
      36    50    64    26    0.0000000000
      36    51    57     7    0.0080250000
      36    51    58    15    0.0013500000
      36    51    64    16    0.0008250000
      36    57    58    16    0.0000750000
      36    57    64    17    0.0000000000
      36    58    64     7    0.0132000000
      36    37    43     7    0.0118500000
      36    37    44    15    0.0000000000
      36    37    50    16    0.0000750000
      36    37    51    24    0.0000000000
      36    37    57    25    0.0000750000
      36    37    58    15    0.0000000000
      36    37    64    16    0.0001500000
      36    43    44    16    0.0000000000
      36    43    50    17    0.0000000000
      36    43    51    25    0.0000000000
      36    43    57    26    0.0000000000
      36    43    58    16    0.0000000000
      36    43    64    17    0.0000000000
      36    44    50     7    0.0059250000
      36    44    51    15    0.0000000000
      36    44    57    16    0.0000000000
      36    44    58    24    0.0000000000
      36    44    64    25    0.0000000000
      36    50    51    16    0.0000000000
      36    50    57    17    0.0003750000
      36    50    58    25    0.0000000000
      36    50    64    26    0.0000000000
      36    51    57     7    0.0018750000
      36    51    58    15    0.0000000000
      36    51    64    16    0.0000000000
      36    57    58    16    0.0003000000
      36    57    64    17    0.0019500000
      36    58    64     7    0.0048750000
      36    37    43     7    0.4095000000
      36    37    44    15    0.0001500000
      36    37    50    16    0.0000000000
      36    37    51    24    0.0001500000
      36    37    57    25    0.0002250000
      36    37    58    15    0.0001500000
      36    37    64    16    0.0000000000
      36    43    44    16    0.0001500000
      36    43    50    17    0.0000000000
      36    43    51    25    0.0001500000
      36    43    57    26    0.0001500000
      36    43    58    16    0.0001500000
      36    43    64    17    0.0000000000
      36    44    50     7    0.0027750000
      36    44    51    15    0.0006000000
      36    44    57    16    0.0008250000
      36    44    58    24    0.0006000000
      36    44    64    25    0.0000000000
      36    50    51    16    0.0000000000
      36    50    57    17    0.0000000000
      36    50    58    25    0.0000000000
      36    50    64    26    0.0000000000
      36    51    57     7    0.2847000000
      36    51    58    15    0.6423750000
      36    51    64    16    0.0002250000
      36    57    58    16    0.1943250000
      36    57    64    17    0.0002250000
      36    58    64     7    0.0002250000
      36    37    43     7    0.0028500000
      36    37    44    15    0.0001500000
      36    37    50    16    0.0000000000
      36    37    51    24    0.0000000000
      36    37    57    25    0.0000750000
      36    37    58    15    0.0000750000
      36    37    64    16    0.0000750000
      36    43    44    16    0.0000000000
      36    43    50    17    0.0000000000
      36    43    51    25    0.0000750000
      36    43    57    26    0.0000750000
      36    43    58    16    0.0000000000
      36    43    64    17    0.0001500000
      36    44    50     7    0.0054000000
      36    44    51    15    0.1176000000
      36    44    57    16    0.0787500000
      36    44    58    24    0.0213000000
      36    44    64    25    0.3290250000
      36    50    51    16    0.0028500000
      36    50    57    17    0.0015750000
      36    50    58    25    0.0003750000
      36    50    64    26    0.0063750000
      36    51    57     7    0.3711000000
      36    51    58    15    0.0432000000
      36    51    64    16    0.1380000000
      36    57    58    16    0.0297750000
      36    57    64    17    0.0957750000
      36    58    64     7    0.0579000000
      36    37    43     7    0.0478500000
      36    37    44    15    0.0005250000
      36    37    50    16    0.0008250000
      36    37    51    24    0.0000750000
      36    37    57    25    0.0000750000
      36    37    58    15    0.0007500000
      36    37    64    16    0.0006750000
      36    43    44    16    0.0000750000
      36    43    50    17    0.0000750000
      36    43    51    25    0.0000000000
      36    43    57    26    0.0000000000
      36    43    58    16    0.0001500000
      36    43    64    17    0.0001500000
      36    44    50     7    0.0024750000
      36    44    51    15    0.0000000000
      36    44    57    16    0.0000000000
      36    44    58    24    0.0000000000
      36    44    64    25    0.0000000000
      36    50    51    16    0.0007500000
      36    50    57    17    0.0004500000
      36    50    58    25    0.0000000000
      36    50    64    26    0.0000000000
      36    51    57     7    0.2427750000
      36    51    58    15    0.0024750000
      36    51    64    16    0.0024750000
      36    57    58    16    0.0016500000
      36    57    64    17    0.0015750000
      36    58    64     7    0.5703000000
      36    37    43     7    0.0135750000
      36    37    44    15    0.0871500000
      36    37    50    16    0.0027750000
      36    37    51    24    0.0317250000
      36    37    57    25    0.0014250000
      36    37    58    15    0.0245250000
      36    37    64    16    0.0003750000
      36    43    44    16    0.0078750000
      36    43    50    17    0.0001500000
      36    43    51    25    0.0019500000
      36    43    57    26    0.0000000000
      36    43    58    16    0.0018000000
      36    43    64    17    0.0000000000
      36    44    50     7    0.0214500000
      36    44    51    15    0.1573500000
      36    44    57    16    0.0066000000
      36    44    58    24    0.0798750000
      36    44    64    25    0.0009750000
      36    50    51    16    0.0035250000
      36    50    57    17    0.0000750000
      36    50    58    25    0.0030750000
      36    50    64    26    0.0000000000
      36    51    57     7    0.0112500000
      36    51    58    15    0.1899000000
      36    51    64    16    0.0024000000
      36    57    58    16    0.0075000000
      36    57    64    17    0.0000750000
      36    58    64     7    0.0027000000
      36    37    43     7    0.0001500000
      36    37    44    15    0.0021750000
      36    37    50    16    0.0002250000
      36    37    51    24    0.0009000000
      36    37    57    25    0.0034500000
      36    37    58    15    0.0324000000
      36    37    64    16    0.0033750000
      36    43    44    16    0.0003000000
      36    43    50    17    0.0000750000
      36    43    51    25    0.0000750000
      36    43    57    26    0.0002250000
      36    43    58    16    0.0009000000
      36    43    64    17    0.0003750000
      36    44    50     7    0.0993000000
      36    44    51    15    0.0954750000
      36    44    57    16    0.1326750000
      36    44    58    24    0.0116250000
      36    44    64    25    0.0029250000
      36    50    51    16    0.0133500000
      36    50    57    17    0.0211500000
      36    50    58    25    0.0021000000
      36    50    64    26    0.0006750000
      36    51    57     7    0.1518750000
      36    51    58    15    0.0079500000
      36    51    64    16    0.0018000000
      36    57    58    16    0.0273750000
      36    57    64    17    0.0044250000
      36    58    64     7    0.0342000000
      36    37    43     7    0.0689250000
      36    37    44    15    0.0020250000
      36    37    50    16    0.0003000000
      36    37    51    24    0.0000000000
      36    37    57    25    0.0001500000
      36    37    58    15    0.0012750000
      36    37    64    16    0.0002250000
      36    43    44    16    0.0014250000
      36    43    50    17    0.0003750000
      36    43    51    25    0.0000000000
      36    43    57    26    0.0001500000
      36    43    58    16    0.0012000000
      36    43    64    17    0.0002250000
      36    44    50     7    0.1306500000
      36    44    51    15    0.0011250000
      36    44    57    16    0.0031500000
      36    44    58    24    0.0006750000
      36    44    64    25    0.0000000000
      36    50    51    16    0.0001500000
      36    50    57    17    0.0003750000
      36    50    58    25    0.0000750000
      36    50    64    26    0.0000000000
      36    51    57     7    0.2381250000
      36    51    58    15    0.0083250000
      36    51    64    16    0.0018750000
      36    57    58    16    0.0130500000
      36    57    64    17    0.0028500000
      36    58    64     7    0.0525750000
      36    37    43     7    0.0632250000
      36    37    44    15    0.0019500000
      36    37    50    16    0.0000000000
      36    37    51    24    0.0000750000
      36    37    57    25    0.0000000000
      36    37    58    15    0.0001500000
      36    37    64    16    0.0005250000
      36    43    44    16    0.0111000000
      36    43    50    17    0.0001500000
      36    43    51    25    0.0000750000
      36    43    57    26    0.0000000000
      36    43    58    16    0.0004500000
      36    43    64    17    0.0030000000
      36    44    50     7    0.0021000000
      36    44    51    15    0.0120000000
      36    44    57    16    0.0003000000
      36    44    58    24    0.0005250000
      36    44    64    25    0.0058500000
      36    50    51    16    0.0000000000
      36    50    57    17    0.0000000000
      36    50    58    25    0.0000000000
      36    50    64    26    0.0000750000
      36    51    57     7    0.0061500000
      36    51    58    15    0.0009000000
      36    51    64    16    0.0143250000
      36    57    58    16    0.0000000000
      36    57    64    17    0.0002250000
      36    58    64     7    0.0477750000
      36    37    43     7    0.0019500000
      36    37    44    15    0.0168000000
      36    37    50    16    0.0327750000
      36    37    51    24    0.1343250000
      36    37    57    25    0.0558750000
      36    37    58    15    0.1689000000
      36    37    64    16    0.0777750000
      36    43    44    16    0.0000750000
      36    43    50    17    0.0001500000
      36    43    51    25    0.0003750000
      36    43    57    26    0.0001500000
      36    43    58    16    0.0003750000
      36    43    64    17    0.0001500000
      36    44    50     7    0.4374000000
      36    44    51    15    0.0728250000
      36    44    57    16    0.0439500000
      36    44    58    24    0.0398250000
      36    44    64    25    0.0114000000
      36    50    51    16    0.1062750000
      36    50    57    17    0.0744750000
      36    50    58    25    0.0778500000
      36    50    64    26    0.0232500000
      36    51    57     7    0.3598500000
      36    51    58    15    0.3678750000
      36    51    64    16    0.1142250000
      36    57    58    16    0.1417500000
      36    57    64    17    0.0453750000
      36    58    64     7    0.1417500000
      36    37    43     7    0.0006000000
      36    37    44    15    0.2393250000
      36    37    50    16    0.1113750000
      36    37    51    24    0.0331500000
      36    37    57    25    0.0141750000
      36    37    58    15    0.0227250000
      36    37    64    16    0.0459750000
      36    43    44    16    0.0002250000
      36    43    50    17    0.0001500000
      36    43    51    25    0.0002250000
      36    43    57    26    0.0000750000
      36    43    58    16    0.0002250000
      36    43    64    17    0.0001500000
      36    44    50     7    0.1749000000
      36    44    51    15    0.0153000000
      36    44    57    16    0.0061500000
      36    44    58    24    0.0058500000
      36    44    64    25    0.0159750000
      36    50    51    16    0.0078750000
      36    50    57    17    0.0024750000
      36    50    58    25    0.0028500000
      36    50    64    26    0.0081750000
      36    51    57     7    0.1571250000
      36    51    58    15    0.0087000000
      36    51    64    16    0.0194250000
      36    57    58    16    0.0031500000
      36    57    64    17    0.0079500000
      36    58    64     7    0.0163500000
      36    37    43     7    0.0002250000
      36    37    44    15    0.0000000000
      36    37    50    16    0.0000000000
      36    37    51    24    0.0000000000
      36    37    57    25    0.0000000000
      36    37    58    15    0.0000750000
      36    37    64    16    0.0001500000
      36    43    44    16    0.0168750000
      36    43    50    17    0.0000000000
      36    43    51    25    0.0124500000
      36    43    57    26    0.0039000000
      36    43    58    16    0.0168750000
      36    43    64    17    0.0108750000
      36    44    50     7    0.0043500000
      36    44    51    15    0.4950000000
      36    44    57    16    0.1196250000
      36    44    58    24    0.0561750000
      36    44    64    25    0.0341250000
      36    50    51    16    0.0025500000
      36    50    57    17    0.0005250000
      36    50    58    25    0.0006000000
      36    50    64    26    0.0001500000
      36    51    57     7    0.1908750000
      36    51    58    15    0.0673500000
      36    51    64    16    0.0409500000
      36    57    58    16    0.0176250000
      36    57    64    17    0.0124500000
      36    58    64     7    0.2619750000
      36    37    43     7    0.0531750000
      36    37    44    15    0.0210000000
      36    37    50    16    0.0004500000
      36    37    51    24    0.0880500000
      36    37    57    25    0.0002250000
      36    37    58    15    0.1332750000
      36    37    64    16    0.0102750000
      36    43    44    16    0.0091500000
      36    43    50    17    0.0002250000
      36    43    51    25    0.0356250000
      36    43    57    26    0.0000750000
      36    43    58    16    0.0496500000
      36    43    64    17    0.0036000000
      36    44    50     7    0.0021750000
      36    44    51    15    0.0300000000
      36    44    57    16    0.0003750000
      36    44    58    24    0.0267000000
      36    44    64    25    0.0022500000
      36    50    51    16    0.0011250000
      36    50    57    17    0.0000000000
      36    50    58    25    0.0008250000
      36    50    64    26    0.0001500000
      36    51    57     7    0.0018750000
      36    51    58    15    0.5400000000
      36    51    64    16    0.0258000000
      36    57    58    16    0.0015750000
      36    57    64    17    0.0001500000
      36    58    64     7    0.0334500000
      36    37    43     7    0.0008250000
      36    37    44    15    0.0000000000
      36    37    50    16    0.0000000000
      36    37    51    24    0.0000000000
      36    37    57    25    0.0000000000
      36    37    58    15    0.0000000000
      36    37    64    16    0.0000000000
      36    43    44    16    0.0000000000
      36    43    50    17    0.0000000000
      36    43    51    25    0.0000000000
      36    43    57    26    0.0000000000
      36    43    58    16    0.0000000000
      36    43    64    17    0.0000000000
      36    44    50     7    0.2191500000
      36    44    51    15    0.0042750000
      36    44    57    16    0.0003000000
      36    44    58    24    0.0005250000
      36    44    64    25    0.0000750000
      36    50    51    16    0.0015750000
      36    50    57    17    0.0001500000
      36    50    58    25    0.0000750000
      36    50    64    26    0.0000750000
      36    51    57     7    0.0221250000
      36    51    58    15    0.0309750000
      36    51    64    16    0.0029250000
      36    57    58    16    0.0023250000
      36    57    64    17    0.0002250000
      36    58    64     7    0.0181500000
      36    37    43     7    0.0161250000
      36    37    44    15    0.0689250000
      36    37    50    16    0.0149250000
      36    37    51    24    0.0226500000
      36    37    57    25    0.0102000000
      36    37    58    15    0.1482750000
      36    37    64    16    0.0835500000
      36    43    44    16    0.0078000000
      36    43    50    17    0.0017250000
      36    43    51    25    0.0022500000
      36    43    57    26    0.0011250000
      36    43    58    16    0.0124500000
      36    43    64    17    0.0079500000
      36    44    50     7    0.0626250000
      36    44    51    15    0.1710000000
      36    44    57    16    0.0812250000
      36    44    58    24    0.0919500000
      36    44    64    25    0.0744750000
      36    50    51    16    0.0153000000
      36    50    57    17    0.0074250000
      36    50    58    25    0.0165750000
      36    50    64    26    0.0114000000
      36    51    57     7    0.0331500000
      36    51    58    15    0.0416250000
      36    51    64    16    0.0337500000
      36    57    58    16    0.0173250000
      36    57    64    17    0.0150000000
      36    58    64     7    0.2762250000
      36    37    43     7    0.1330500000
      36    37    44    15    0.0009750000
      36    37    50    16    0.0000000000
      36    37    51    24    0.0005250000
      36    37    57    25    0.0000000000
      36    37    58    15    0.0008250000
      36    37    64    16    0.0000750000
      36    43    44    16    0.0012750000
      36    43    50    17    0.0000000000
      36    43    51    25    0.0008250000
      36    43    57    26    0.0000000000
      36    43    58    16    0.0003750000
      36    43    64    17    0.0000000000
      36    44    50     7    0.0006750000
      36    44    51    15    0.4490250000
      36    44    57    16    0.0145500000
      36    44    58    24    0.0003750000
      36    44    64    25    0.0000000000
      36    50    51    16    0.0001500000
      36    50    57    17    0.0000000000
      36    50    58    25    0.0000000000
      36    50    64    26    0.0000000000
      36    51    57     7    0.0129750000
      36    51    58    15    0.0006000000
      36    51    64    16    0.0000000000
      36    57    58    16    0.0000000000
      36    57    64    17    0.0000000000
      36    58    64     7    0.0033000000
      36    37    43     7    0.0122250000
      36    37    44    15    0.0029250000
      36    37    50    16    0.0033000000
      36    37    51    24    0.0095250000
      36    37    57    25    0.0102750000
      36    37    58    15    0.0224250000
      36    37    64    16    0.0020250000
      36    43    44    16    0.0004500000
      36    43    50    17    0.0002250000
      36    43    51    25    0.0012000000
      36    43    57    26    0.0014250000
      36    43    58    16    0.0030750000
      36    43    64    17    0.0004500000
      36    44    50     7    0.0020250000
      36    44    51    15    0.0021750000
      36    44    57    16    0.0028500000
      36    44    58    24    0.0039000000
      36    44    64    25    0.0004500000
      36    50    51    16    0.0039000000
      36    50    57    17    0.0028500000
      36    50    58    25    0.0047250000
      36    50    64    26    0.0006750000
      36    51    57     7    0.0520500000
      36    51    58    15    0.0765750000
      36    51    64    16    0.0060750000
      36    57    58    16    0.0789750000
      36    57    64    17    0.0068250000
      36    58    64     7    0.0316500000
      36    37    43     7    0.0012000000
      36    37    44    15    0.0000000000
      36    37    50    16    0.0000000000
      36    37    51    24    0.0002250000
      36    37    57    25    0.0000750000
      36    37    58    15    0.0002250000
      36    37    64    16    0.0000000000
      36    43    44    16    0.0000000000
      36    43    50    17    0.0000000000
      36    43    51    25    0.0000750000
      36    43    57    26    0.0000000000
      36    43    58    16    0.0000750000
      36    43    64    17    0.0000750000
      36    44    50     7    0.0384000000
      36    44    51    15    0.0000000000
      36    44    57    16    0.0001500000
      36    44    58    24    0.0000000000
      36    44    64    25    0.0000000000
      36    50    51    16    0.0000000000
      36    50    57    17    0.0000000000
      36    50    58    25    0.0000000000
      36    50    64    26    0.0000000000
      36    51    57     7    0.0411000000
      36    51    58    15    0.7446000000
      36    51    64    16    0.0003750000
      36    57    58    16    0.0393750000
      36    57    64    17    0.0000750000
      36    58    64     7    0.0003750000
      36    37    43     7    0.0166500000
      36    37    44    15    0.0042750000
      36    37    50    16    0.0058500000
      36    37    51    24    0.0020250000
      36    37    57    25    0.0003750000
      36    37    58    15    0.0012750000
      36    37    64    16    0.0008250000
      36    43    44    16    0.0001500000
      36    43    50    17    0.0003000000
      36    43    51    25    0.0000750000
      36    43    57    26    0.0000000000
      36    43    58    16    0.0000750000
      36    43    64    17    0.0000000000
      36    44    50     7    0.2791500000
      36    44    51    15    0.2016750000
      36    44    57    16    0.0595500000
      36    44    58    24    0.1395750000
      36    44    64    25    0.0717750000
      36    50    51    16    0.0668250000
      36    50    57    17    0.0217500000
      36    50    58    25    0.0501000000
      36    50    64    26    0.0249750000
      36    51    57     7    0.0206250000
      36    51    58    15    0.4434750000
      36    51    64    16    0.1655250000
      36    57    58    16    0.0256500000
      36    57    64    17    0.0120000000
      36    58    64     7    0.2751000000
      36    37    43     7    0.0622500000
      36    37    44    15    0.2730750000
      36    37    50    16    0.0469500000
      36    37    51    24    0.0636000000
      36    37    57    25    0.0215250000
      36    37    58    15    0.1407750000
      36    37    64    16    0.0078750000
      36    43    44    16    0.0269250000
      36    43    50    17    0.0043500000
      36    43    51    25    0.0115500000
      36    43    57    26    0.0035250000
      36    43    58    16    0.0230250000
      36    43    64    17    0.0013500000
      36    44    50     7    0.0279750000
      36    44    51    15    0.0535500000
      36    44    57    16    0.0189750000
      36    44    58    24    0.0813000000
      36    44    64    25    0.0045000000
      36    50    51    16    0.0090000000
      36    50    57    17    0.0029250000
      36    50    58    25    0.0145500000
      36    50    64    26    0.0008250000
      36    51    57     7    0.0964500000
      36    51    58    15    0.1323000000
      36    51    64    16    0.0089250000
      36    57    58    16    0.0417750000
      36    57    64    17    0.0024750000
      36    58    64     7    0.0148500000
      36    37    43     7    0.0507750000
      36    37    44    15    0.0000000000
      36    37    50    16    0.0000000000
      36    37    51    24    0.0000000000
      36    37    57    25    0.0000000000
      36    37    58    15    0.0009750000
      36    37    64    16    0.0003000000
      36    43    44    16    0.0000000000
      36    43    50    17    0.0000000000
      36    43    51    25    0.0000000000
      36    43    57    26    0.0000000000
      36    43    58    16    0.0044250000
      36    43    64    17    0.0010500000
      36    44    50     7    0.0002250000
      36    44    51    15    0.0000750000
      36    44    57    16    0.0000000000
      36    44    58    24    0.0000000000
      36    44    64    25    0.0000000000
      36    50    51    16    0.0004500000
      36    50    57    17    0.0000000000
      36    50    58    25    0.0000750000
      36    50    64    26    0.0000000000
      36    51    57     7    0.0006000000
      36    51    58    15    0.0000750000
      36    51    64    16    0.0000000000
      36    57    58    16    0.0000000000
      36    57    64    17    0.0000000000
      36    58    64     7    0.1178250000
      36    37    43     7    0.0323250000
      36    37    44    15    0.2591250000
      36    37    50    16    0.0003750000
      36    37    51    24    0.0456750000
      36    37    57    25    0.0072000000
      36    37    58    15    0.0309750000
      36    37    64    16    0.0008250000
      36    43    44    16    0.0199500000
      36    43    50    17    0.0000750000
      36    43    51    25    0.0045000000
      36    43    57    26    0.0005250000
      36    43    58    16    0.0027000000
      36    43    64    17    0.0000000000
      36    44    50     7    0.0006000000
      36    44    51    15    0.0323250000
      36    44    57    16    0.0049500000
      36    44    58    24    0.0198000000
      36    44    64    25    0.0006000000
      36    50    51    16    0.0001500000
      36    50    57    17    0.0000750000
      36    50    58    25    0.0000000000
      36    50    64    26    0.0000000000
      36    51    57     7    0.0882750000
      36    51    58    15    0.1642500000
      36    51    64    16    0.0016500000
      36    57    58    16    0.0276750000
      36    57    64    17    0.0003000000
      36    58    64     7    0.0039000000
      68    69    83    15    0.0000750000
      68    69    84    31    0.0012000000
      68    69    98    32    0.0018750000
      68    69    99    48    0.0134250000
      68    69   113    49    0.0000000000
      68    69   114    31    0.0001500000
      68    69   128    32    0.0018750000
      68    83    84    32    0.0000000000
      68    83    98    33    0.0000000000
      68    83    99    49    0.0003000000
      68    83   113    50    0.0000000000
      68    83   114    32    0.0000000000
      68    83   128    33    0.0000000000
      68    84    98    15    0.0023250000
      68    84    99    31    0.0207750000
      68    84   113    32    0.0000750000
      68    84   114    48    0.0000750000
      68    84   128    49    0.0006750000
      68    98    99    32    0.0282750000
      68    98   113    33    0.0002250000
      68    98   114    49    0.0001500000
      68    98   128    50    0.0015000000
      68    99   113    15    0.0016500000
      68    99   114    31    0.0034500000
      68    99   128    32    0.0284250000
      68   113   114    32    0.0000000000
      68   113   128    33    0.0000000000
      68   114   128    15    0.0004500000
      68    69    83    15    0.0039750000
      68    69    84    31    0.0001500000
      68    69    98    32    0.0006750000
      68    69    99    48    0.0000750000
      68    69   113    49    0.0000000000
      68    69   114    31    0.0000750000
      68    69   128    32    0.0000000000
      68    83    84    32    0.0000000000
      68    83    98    33    0.0000000000
      68    83    99    49    0.0000000000
      68    83   113    50    0.0000000000
      68    83   114    32    0.0000000000
      68    83   128    33    0.0000000000
      68    84    98    15    0.0348000000
      68    84    99    31    0.0012000000
      68    84   113    32    0.0012750000
      68    84   114    48    0.0000000000
      68    84   128    49    0.0000000000
      68    98    99    32    0.0078750000
      68    98   113    33    0.0053250000
      68    98   114    49    0.0000000000
      68    98   128    50    0.0000000000
      68    99   113    15    0.0032250000
      68    99   114    31    0.0000000000
      68    99   128    32    0.0000000000
      68   113   114    32    0.0000000000
      68   113   128    33    0.0000000000
      68   114   128    15    0.0000000000
      68    69    83    15    0.0004500000
      68    69    84    31    0.0000000000
      68    69    98    32    0.0000000000
      68    69    99    48    0.0000750000
      68    69   113    49    0.0000000000
      68    69   114    31    0.0147000000
      68    69   128    32    0.0025500000
      68    83    84    32    0.0000750000
      68    83    98    33    0.0000000000
      68    83    99    49    0.0000750000
      68    83   113    50    0.0000750000
      68    83   114    32    0.0090000000
      68    83   128    33    0.0011250000
      68    84    98    15    0.0000750000
      68    84    99    31    0.0039750000
      68    84   113    32    0.0015750000
      68    84   114    48    0.0002250000
      68    84   128    49    0.0000750000
      68    98    99    32    0.0000750000
      68    98   113    33    0.0000000000
      68    98   114    49    0.0000000000
      68    98   128    50    0.0000000000
      68    99   113    15    0.0090000000
      68    99   114    31    0.0019500000
      68    99   128    32    0.0006000000
      68   113   114    32    0.0009750000
      68   113   128    33    0.0000750000
      68   114   128    15    0.1119000000
      68    69    83    15    0.0139500000
      68    69    84    31    0.1265250000
      68    69    98    32    0.0001500000
      68    69    99    48    0.0042750000
      68    69   113    49    0.0000000000
      68    69   114    31    0.0062250000
      68    69   128    32    0.0107250000
      68    83    84    32    0.0049500000
      68    83    98    33    0.0000000000
      68    83    99    49    0.0001500000
      68    83   113    50    0.0000000000
      68    83   114    32    0.0000750000
      68    83   128    33    0.0003750000
      68    84    98    15    0.0002250000
      68    84    99    31    0.0143250000
      68    84   113    32    0.0000750000
      68    84   114    48    0.0150750000
      68    84   128    49    0.0264750000
      68    98    99    32    0.0000750000
      68    98   113    33    0.0000000000
      68    98   114    49    0.0000750000
      68    98   128    50    0.0000750000
      68    99   113    15    0.0000750000
      68    99   114    31    0.0208500000
      68    99   128    32    0.0259500000
      68   113   114    32    0.0001500000
      68   113   128    33    0.0003000000
      68   114   128    15    0.0537750000
      68    69    83    15    0.0027000000
      68    69    84    31    0.0000000000
      68    69    98    32    0.0000000000
      68    69    99    48    0.0000000000
      68    69   113    49    0.0000000000
      68    69   114    31    0.0016500000
      68    69   128    32    0.0000000000
      68    83    84    32    0.0000000000
      68    83    98    33    0.0000000000
      68    83    99    49    0.0000000000
      68    83   113    50    0.0000000000
      68    83   114    32    0.0000000000
      68    83   128    33    0.0000000000
      68    84    98    15    0.0000000000
      68    84    99    31    0.2034000000
      68    84   113    32    0.0404250000
      68    84   114    48    0.0000000000
      68    84   128    49    0.0000000000
      68    98    99    32    0.0000750000
      68    98   113    33    0.0000000000
      68    98   114    49    0.0000000000
      68    98   128    50    0.0000000000
      68    99   113    15    0.0381000000
      68    99   114    31    0.0000000000
      68    99   128    32    0.0000000000
      68   113   114    32    0.0001500000
      68   113   128    33    0.0000000000
      68   114   128    15    0.0000750000
      68    69    83    15    0.0327750000
      68    69    84    31    0.0000750000
      68    69    98    32    0.0008250000
      68    69    99    48    0.0006000000
      68    69   113    49    0.0000000000
      68    69   114    31    0.0001500000
      68    69   128    32    0.0001500000
      68    83    84    32    0.0000000000
      68    83    98    33    0.0003000000
      68    83    99    49    0.0002250000
      68    83   113    50    0.0000000000
      68    83   114    32    0.0000000000
      68    83   128    33    0.0000000000
      68    84    98    15    0.0684750000
      68    84    99    31    0.0517500000
      68    84   113    32    0.0000000000
      68    84   114    48    0.0041250000
      68    84   128    49    0.0044250000
      68    98    99    32    0.1576500000
      68    98   113    33    0.0000750000
      68    98   114    49    0.0124500000
      68    98   128    50    0.0150750000
      68    99   113    15    0.0000000000
      68    99   114    31    0.0243750000
      68    99   128    32    0.0230250000
      68   113   114    32    0.0000000000
      68   113   128    33    0.0000000000
      68   114   128    15    0.1005000000
      68    69    83    15    0.0003000000
      68    69    84    31    0.0059250000
      68    69    98    32    0.0143250000
      68    69    99    48    0.0000000000
      68    69   113    49    0.0000000000
      68    69   114    31    0.1384500000
      68    69   128    32    0.0000000000
      68    83    84    32    0.0000000000
      68    83    98    33    0.0000750000
      68    83    99    49    0.0000000000
      68    83   113    50    0.0000000000
      68    83   114    32    0.0006750000
      68    83   128    33    0.0000000000
      68    84    98    15    0.0010500000
      68    84    99    31    0.0000000000
      68    84   113    32    0.0000000000
      68    84   114    48    0.0026250000
      68    84   128    49    0.0000000000
      68    98    99    32    0.0000000000
      68    98   113    33    0.0000000000
      68    98   114    49    0.0063750000
      68    98   128    50    0.0000000000
      68    99   113    15    0.0000750000
      68    99   114    31    0.0000000000
      68    99   128    32    0.0000000000
      68   113   114    32    0.0000000000
      68   113   128    33    0.0000000000
      68   114   128    15    0.0000000000
      68    69    83    15    0.0000750000
      68    69    84    31    0.0005250000
      68    69    98    32    0.0072750000
      68    69    99    48    0.0080250000
      68    69   113    49    0.0023250000
      68    69   114    31    0.0060000000
      68    69   128    32    0.0000750000
      68    83    84    32    0.0000750000
      68    83    98    33    0.0000750000
      68    83    99    49    0.0000000000
      68    83   113    50    0.0000000000
      68    83   114    32    0.0000000000
      68    83   128    33    0.0000000000
      68    84    98    15    0.0022500000
      68    84    99    31    0.0001500000
      68    84   113    32    0.0000750000
      68    84   114    48    0.0000000000
      68    84   128    49    0.0000000000
      68    98    99    32    0.0024000000
      68    98   113    33    0.0003000000
      68    98   114    49    0.0005250000
      68    98   128    50    0.0000000000
      68    99   113    15    0.0055500000
      68    99   114    31    0.0105000000
      68    99   128    32    0.0004500000
      68   113   114    32    0.0032250000
      68   113   128    33    0.0000000000
      68   114   128    15    0.0001500000
      68    69    83    15    0.0207750000
      68    69    84    31    0.0456000000
      68    69    98    32    0.0000000000
      68    69    99    48    0.0006750000
      68    69   113    49    0.0000000000
      68    69   114    31    0.0532500000
      68    69   128    32    0.0029250000
      68    83    84    32    0.0057000000
      68    83    98    33    0.0000000000
      68    83    99    49    0.0000000000
      68    83   113    50    0.0000000000
      68    83   114    32    0.0067500000
      68    83   128    33    0.0002250000
      68    84    98    15    0.0003000000
      68    84    99    31    0.0063750000
      68    84   113    32    0.0016500000
      68    84   114    48    0.0190500000
      68    84   128    49    0.0010500000
      68    98    99    32    0.0000000000
      68    98   113    33    0.0000000000
      68    98   114    49    0.0000000000
      68    98   128    50    0.0000000000
      68    99   113    15    0.0000000000
      68    99   114    31    0.0002250000
      68    99   128    32    0.0000000000
      68   113   114    32    0.0000000000
      68   113   128    33    0.0000000000
      68   114   128    15    0.0004500000
      68    69    83    15    0.0020250000
      68    69    84    31    0.0000000000
      68    69    98    32    0.0000750000
      68    69    99    48    0.0000000000
      68    69   113    49    0.0000000000
      68    69   114    31    0.0004500000
      68    69   128    32    0.0000000000
      68    83    84    32    0.0000000000
      68    83    98    33    0.0000000000
      68    83    99    49    0.0000000000
      68    83   113    50    0.0000000000
      68    83   114    32    0.0001500000
      68    83   128    33    0.0000000000
      68    84    98    15    0.1419000000
      68    84    99    31    0.0000000000
      68    84   113    32    0.0002250000
      68    84   114    48    0.0029250000
      68    84   128    49    0.0000000000
      68    98    99    32    0.0000750000
      68    98   113    33    0.0008250000
      68    98   114    49    0.0060000000
      68    98   128    50    0.0000000000
      68    99   113    15    0.0003000000
      68    99   114    31    0.0000750000
      68    99   128    32    0.0000000000
      68   113   114    32    0.0001500000
      68   113   128    33    0.0000000000
      68   114   128    15    0.0000000000
     132   133   163    31    0.0000750000
     132   133   164    63    0.0000750000
     132   133   194    64    0.0000000000
     132   133   195    96    0.0002250000
     132   133   225    97    0.0000000000
     132   133   226    63    0.0000000000
     132   133   256    64    0.0000000000
     132   163   164    64    0.0078000000
     132   163   194    65    0.0027000000
     132   163   195    97    0.0196500000
     132   163   225    98    0.0000000000
     132   163   226    64    0.0009000000
     132   163   256    65    0.0022500000
     132   164   194    31    0.0177750000
     132   164   195    63    0.0249000000
     132   164   225    64    0.0001500000
     132   164   226    96    0.0002250000
     132   164   256    97    0.0010500000
     132   194   195    64    0.0043500000
     132   194   225    65    0.0000000000
     132   194   226    97    0.0001500000
     132   194   256    98    0.0002250000
     132   195   225    31    0.0001500000
     132   195   226    63    0.0033000000
     132   195   256    64    0.0104250000
     132   225   226    64    0.0000000000
     132   225   256    65    0.0000000000
     132   226   256    31    0.0000000000
     132   133   163    31    0.0260250000
     132   133   164    63    0.0037500000
     132   133   194    64    0.0013500000
     132   133   195    96    0.0073500000
     132   133   225    97    0.0000750000
     132   133   226    63    0.0197250000
     132   133   256    64    0.0057000000
     132   163   164    64    0.0003000000
     132   163   194    65    0.0000750000
     132   163   195    97    0.0010500000
     132   163   225    98    0.0000000000
     132   163   226    64    0.0021750000
     132   163   256    65    0.0008250000
     132   164   194    31    0.0297750000
     132   164   195    63    0.0022500000
     132   164   225    64    0.0000000000
     132   164   226    96    0.0077250000
     132   164   256    97    0.0010500000
     132   194   195    64    0.0015000000
     132   194   225    65    0.0000000000
     132   194   226    97    0.0031500000
     132   194   256    98    0.0001500000
     132   195   225    31    0.0013500000
     132   195   226    63    0.2290500000
     132   195   256    64    0.0122250000
     132   225   226    64    0.0024000000
     132   225   256    65    0.0001500000
     132   226   256    31    0.0402000000
     132   133   163    31    0.0000000000
     132   133   164    63    0.0000000000
     132   133   194    64    0.0000750000
     132   133   195    96    0.0003000000
     132   133   225    97    0.0052500000
     132   133   226    63    0.0000000000
     132   133   256    64    0.0000000000
     132   163   164    64    0.0000000000
     132   163   194    65    0.0000000000
     132   163   195    97    0.0000000000
     132   163   225    98    0.0000000000
     132   163   226    64    0.0000000000
     132   163   256    65    0.0000000000
     132   164   194    31    0.0000000000
     132   164   195    63    0.0000000000
     132   164   225    64    0.0000000000
     132   164   226    96    0.0000000000
     132   164   256    97    0.0000000000
     132   194   195    64    0.0000000000
     132   194   225    65    0.0000000000
     132   194   226    97    0.0000000000
     132   194   256    98    0.0000000000
     132   195   225    31    0.0039000000
     132   195   226    63    0.0000000000
     132   195   256    64    0.0000000000
     132   225   226    64    0.0000000000
     132   225   256    65    0.0000000000
     132   226   256    31    0.0000000000
     132   133   163    31    0.0024750000
     132   133   164    63    0.0000000000
     132   133   194    64    0.0000000000
     132   133   195    96    0.0000000000
     132   133   225    97    0.0001500000
     132   133   226    63    0.0003000000
     132   133   256    64    0.0030750000
     132   163   164    64    0.0000000000
     132   163   194    65    0.0000000000
     132   163   195    97    0.0000000000
     132   163   225    98    0.0004500000
     132   163   226    64    0.0006750000
     132   163   256    65    0.0072000000
     132   164   194    31    0.0000750000
     132   164   195    63    0.0000000000
     132   164   225    64    0.0001500000
     132   164   226    96    0.0000000000
     132   164   256    97    0.0000000000
     132   194   195    64    0.0000000000
     132   194   225    65    0.0114000000
     132   194   226    97    0.0000000000
     132   194   256    98    0.0001500000
     132   195   225    31    0.0000000000
     132   195   226    63    0.0000000000
     132   195   256    64    0.0000000000
     132   225   226    64    0.0000750000
     132   225   256    65    0.0007500000
     132   226   256    31    0.0010500000
     132   133   163    31    0.0003000000
     132   133   164    63    0.0000000000
     132   133   194    64    0.0000000000
     132   133   195    96    0.0000000000
     132   133   225    97    0.0000000000
     132   133   226    63    0.0000000000
     132   133   256    64    0.0000000000
     132   163   164    64    0.0006000000
     132   163   194    65    0.0047250000
     132   163   195    97    0.0000750000
     132   163   225    98    0.0018750000
     132   163   226    64    0.0000000000
     132   163   256    65    0.0000000000
     132   164   194    31    0.0000750000
     132   164   195    63    0.0000000000
     132   164   225    64    0.0000750000
     132   164   226    96    0.0000000000
     132   164   256    97    0.0000000000
     132   194   195    64    0.0000000000
     132   194   225    65    0.0000750000
     132   194   226    97    0.0000000000
     132   194   256    98    0.0000000000
     132   195   225    31    0.0288000000
     132   195   226    63    0.0008250000
     132   195   256    64    0.0000000000
     132   225   226    64    0.0166500000
     132   225   256    65    0.0000000000
     132   226   256    31    0.0105750000
     132   133   163    31    0.0567750000
     132   133   164    63    0.0037500000
     132   133   194    64    0.0000750000
     132   133   195    96    0.0010500000
     132   133   225    97    0.0102000000
     132   133   226    63    0.0013500000
     132   133   256    64    0.0000000000
     132   163   164    64    0.0046500000
     132   163   194    65    0.0000000000
     132   163   195    97    0.0021750000
     132   163   225    98    0.0112500000
     132   163   226    64    0.0018750000
     132   163   256    65    0.0000000000
     132   164   194    31    0.0000000000
     132   164   195    63    0.0028500000
     132   164   225    64    0.0162750000
     132   164   226    96    0.0012000000
     132   164   256    97    0.0000000000
     132   194   195    64    0.0000000000
     132   194   225    65    0.0002250000
     132   194   226    97    0.0000000000
     132   194   256    98    0.0000000000
     132   195   225    31    0.0091500000
     132   195   226    63    0.0005250000
     132   195   256    64    0.0000000000
     132   225   226    64    0.0039750000
     132   225   256    65    0.0000000000
     132   226   256    31    0.0000000000
     132   133   163    31    0.0001500000
     132   133   164    63    0.0084000000
     132   133   194    64    0.0365250000
     132   133   195    96    0.0000000000
     132   133   225    97    0.0000000000
     132   133   226    63    0.1530000000
     132   133   256    64    0.0000750000
     132   163   164    64    0.0000000000
     132   163   194    65    0.0000000000
     132   163   195    97    0.0000000000
     132   163   225    98    0.0000000000
     132   163   226    64    0.0000000000
     132   163   256    65    0.0000000000
     132   164   194    31    0.0021750000
     132   164   195    63    0.0000000000
     132   164   225    64    0.0000000000
     132   164   226    96    0.0015000000
     132   164   256    97    0.0000000000
     132   194   195    64    0.0000000000
     132   194   225    65    0.0000000000
     132   194   226    97    0.0071250000
     132   194   256    98    0.0000000000
     132   195   225    31    0.0000000000
     132   195   226    63    0.0000000000
     132   195   256    64    0.0000000000
     132   225   226    64    0.0000000000
     132   225   256    65    0.0000000000
     132   226   256    31    0.0000000000
     132   133   163    31    0.0084750000
     132   133   164    63    0.5277000000
     132   133   194    64    0.0000000000
     132   133   195    96    0.0000000000
     132   133   225    97    0.0000000000
     132   133   226    63    0.0000000000
     132   133   256    64    0.0000000000
     132   163   164    64    0.0112500000
     132   163   194    65    0.0000000000
     132   163   195    97    0.0000000000
     132   163   225    98    0.0000000000
     132   163   226    64    0.0000000000
     132   163   256    65    0.0000000000
     132   164   194    31    0.0000000000
     132   164   195    63    0.0000000000
     132   164   225    64    0.0000000000
     132   164   226    96    0.0000000000
     132   164   256    97    0.0000000000
     132   194   195    64    0.0000000000
     132   194   225    65    0.0000000000
     132   194   226    97    0.0000000000
     132   194   256    98    0.0000000000
     132   195   225    31    0.0000000000
     132   195   226    63    0.0000750000
     132   195   256    64    0.0000000000
     132   225   226    64    0.0000000000
     132   225   256    65    0.0000000000
     132   226   256    31    0.0000000000
     132   133   163    31    0.0004500000
     132   133   164    63    0.0267750000
     132   133   194    64    0.0000000000
     132   133   195    96    0.0000000000
     132   133   225    97    0.0000000000
     132   133   226    63    0.0000000000
     132   133   256    64    0.0000750000
     132   163   164    64    0.0086250000
     132   163   194    65    0.0000000000
     132   163   195    97    0.0000000000
     132   163   225    98    0.0000000000
     132   163   226    64    0.0000000000
     132   163   256    65    0.0000750000
     132   164   194    31    0.0000000000
     132   164   195    63    0.0000000000
     132   164   225    64    0.0000000000
     132   164   226    96    0.0000000000
     132   164   256    97    0.0009000000
     132   194   195    64    0.0000000000
     132   194   225    65    0.0000000000
     132   194   226    97    0.0000000000
     132   194   256    98    0.0000000000
     132   195   225    31    0.0000000000
     132   195   226    63    0.0000000000
     132   195   256    64    0.0000000000
     132   225   226    64    0.0000000000
     132   225   256    65    0.0000000000
     132   226   256    31    0.0000000000
     132   133   163    31    0.0000000000
     132   133   164    63    0.0000000000
     132   133   194    64    0.0000000000
     132   133   195    96    0.0000000000
     132   133   225    97    0.0000000000
     132   133   226    63    0.0000000000
     132   133   256    64    0.0000000000
     132   163   164    64    0.0000000000
     132   163   194    65    0.0000000000
     132   163   195    97    0.0000000000
     132   163   225    98    0.0000000000
     132   163   226    64    0.0000000000
     132   163   256    65    0.0000000000
     132   164   194    31    0.0164250000
     132   164   195    63    0.0000000000
     132   164   225    64    0.0000000000
     132   164   226    96    0.0000000000
     132   164   256    97    0.0000000000
     132   194   195    64    0.0000750000
     132   194   225    65    0.0000000000
     132   194   226    97    0.0000000000
     132   194   256    98    0.0000000000
     132   195   225    31    0.4188750000
     132   195   226    63    0.0000000000
     132   195   256    64    0.0000000000
     132   225   226    64    0.0000000000
     132   225   256    65    0.0000000000
     132   226   256    31    0.0000000000
     196   197   243    47    0.0002250000
     196   197   244    95    0.0000000000
     196   197   290    96    0.0000000000
     196   197   291   144    0.0000000000
     196   197   337   145    0.0000750000
     196   197   338    95    0.0000000000
     196   197   384    96    0.0000000000
     196   243   244    96    0.0000000000
     196   243   290    97    0.0000000000
     196   243   291   145    0.0000000000
     196   243   337   146    0.0000000000
     196   243   338    96    0.0000000000
     196   243   384    97    0.0000000000
     196   244   290    47    0.0000000000
     196   244   291    95    0.0000000000
     196   244   337    96    0.0000000000
     196   244   338   144    0.0000000000
     196   244   384   145    0.0000000000
     196   290   291    96    0.0000000000
     196   290   337    97    0.0000000000
     196   290   338   145    0.0000000000
     196   290   384   146    0.0000000000
     196   291   337    47    0.0000000000
     196   291   338    95    0.0000000000
     196   291   384    96    0.0000000000
     196   337   338    96    0.0000000000
     196   337   384    97    0.0000000000
     196   338   384    47    0.0000000000
     196   197   243    47    0.0000000000
     196   197   244    95    0.0000000000
     196   197   290    96    0.0000000000
     196   197   291   144    0.0000000000
     196   197   337   145    0.0000750000
     196   197   338    95    0.0000000000
     196   197   384    96    0.0000000000
     196   243   244    96    0.0000000000
     196   243   290    97    0.0000000000
     196   243   291   145    0.0000000000
     196   243   337   146    0.0001500000
     196   243   338    96    0.0000000000
     196   243   384    97    0.0000000000
     196   244   290    47    0.0000000000
     196   244   291    95    0.0000000000
     196   244   337    96    0.0026250000
     196   244   338   144    0.0000000000
     196   244   384   145    0.0000000000
     196   290   291    96    0.0000000000
     196   290   337    97    0.0000000000
     196   290   338   145    0.0000000000
     196   290   384   146    0.0000000000
     196   291   337    47    0.0015000000
     196   291   338    95    0.0000000000
     196   291   384    96    0.0000000000
     196   337   338    96    0.0000000000
     196   337   384    97    0.0000000000
     196   338   384    47    0.0000000000
     196   197   243    47    0.0052500000
     196   197   244    95    0.0000000000
     196   197   290    96    0.0000000000
     196   197   291   144    0.0000000000
     196   197   337   145    0.0000000000
     196   197   338    95    0.0000000000
     196   197   384    96    0.0000000000
     196   243   244    96    0.0000000000
     196   243   290    97    0.0000000000
     196   243   291   145    0.0000000000
     196   243   337   146    0.0000000000
     196   243   338    96    0.0000000000
     196   243   384    97    0.0000000000
     196   244   290    47    0.0072750000
     196   244   291    95    0.0008250000
     196   244   337    96    0.0033000000
     196   244   338   144    0.0000750000
     196   244   384   145    0.0054750000
     196   290   291    96    0.0211500000
     196   290   337    97    0.0654750000
     196   290   338   145    0.0008250000
     196   290   384   146    0.0927000000
     196   291   337    47    0.0521250000
     196   291   338    95    0.0008250000
     196   291   384    96    0.0279750000
     196   337   338    96    0.0049500000
     196   337   384    97    0.3321750000
     196   338   384    47    0.0070500000
     196   197   243    47    0.0000000000
     196   197   244    95    0.0000000000
     196   197   290    96    0.0000000000
     196   197   291   144    0.0000000000
     196   197   337   145    0.0000000000
     196   197   338    95    0.0000750000
     196   197   384    96    0.0000750000
     196   243   244    96    0.0000000000
     196   243   290    97    0.0000000000
     196   243   291   145    0.0000000000
     196   243   337   146    0.0000000000
     196   243   338    96    0.0000000000
     196   243   384    97    0.0000000000
     196   244   290    47    0.0004500000
     196   244   291    95    0.0000000000
     196   244   337    96    0.0000000000
     196   244   338   144    0.0017250000
     196   244   384   145    0.0011250000
     196   290   291    96    0.0000000000
     196   290   337    97    0.0000000000
     196   290   338   145    0.0027000000
     196   290   384   146    0.0018000000
     196   291   337    47    0.0000000000
     196   291   338    95    0.0000000000
     196   291   384    96    0.0000000000
     196   337   338    96    0.0000000000
     196   337   384    97    0.0000000000
     196   338   384    47    0.3837000000
     196   197   243    47    0.0526500000
     196   197   244    95    0.0022500000
     196   197   290    96    0.0000000000
     196   197   291   144    0.0000000000
     196   197   337   145    0.0000000000
     196   197   338    95    0.0355500000
     196   197   384    96    0.0000000000
     196   243   244    96    0.0023250000
     196   243   290    97    0.0000000000
     196   243   291   145    0.0000000000
     196   243   337   146    0.0000000000
     196   243   338    96    0.0217500000
     196   243   384    97    0.0000000000
     196   244   290    47    0.0000000000
     196   244   291    95    0.0000000000
     196   244   337    96    0.0000000000
     196   244   338   144    0.0009750000
     196   244   384   145    0.0000000000
     196   290   291    96    0.0000000000
     196   290   337    97    0.0000000000
     196   290   338   145    0.0000000000
     196   290   384   146    0.0000000000
     196   291   337    47    0.0000000000
     196   291   338    95    0.0000000000
     196   291   384    96    0.0000000000
     196   337   338    96    0.0000000000
     196   337   384    97    0.0000000000
     196   338   384    47    0.0000750000
     196   197   243    47    0.0042000000
     196   197   244    95    0.0234750000
     196   197   290    96    0.0000000000
     196   197   291   144    0.0450000000
     196   197   337   145    0.0006000000
     196   197   338    95    0.0003750000
     196   197   384    96    0.0000750000
     196   243   244    96    0.0024750000
     196   243   290    97    0.0000000000
     196   243   291   145    0.0058500000
     196   243   337   146    0.0000000000
     196   243   338    96    0.0000000000
     196   243   384    97    0.0001500000
     196   244   290    47    0.0000750000
     196   244   291    95    0.1042500000
     196   244   337    96    0.0009750000
     196   244   338   144    0.0000750000
     196   244   384   145    0.0000000000
     196   290   291    96    0.0000750000
     196   290   337    97    0.0000000000
     196   290   338   145    0.0000000000
     196   290   384   146    0.0000000000
     196   291   337    47    0.0048000000
     196   291   338    95    0.0002250000
     196   291   384    96    0.0001500000
     196   337   338    96    0.0000000000
     196   337   384    97    0.0000000000
     196   338   384    47    0.0000000000
     196   197   243    47    0.2436750000
     196   197   244    95    0.0000000000
     196   197   290    96    0.0000000000
     196   197   291   144    0.0000750000
     196   197   337   145    0.0042000000
     196   197   338    95    0.0001500000
     196   197   384    96    0.0002250000
     196   243   244    96    0.0000000000
     196   243   290    97    0.0000000000
     196   243   291   145    0.0000000000
     196   243   337   146    0.0030000000
     196   243   338    96    0.0000000000
     196   243   384    97    0.0000750000
     196   244   290    47    0.0000000000
     196   244   291    95    0.0000000000
     196   244   337    96    0.0000000000
     196   244   338   144    0.0000000000
     196   244   384   145    0.0000000000
     196   290   291    96    0.0000000000
     196   290   337    97    0.0000000000
     196   290   338   145    0.0000000000
     196   290   384   146    0.0000000000
     196   291   337    47    0.0000000000
     196   291   338    95    0.0000000000
     196   291   384    96    0.0000000000
     196   337   338    96    0.0000000000
     196   337   384    97    0.0000000000
     196   338   384    47    0.0000000000
     196   197   243    47    0.0000750000
     196   197   244    95    0.0030750000
     196   197   290    96    0.0000000000
     196   197   291   144    0.0000000000
     196   197   337   145    0.0000750000
     196   197   338    95    0.0013500000
     196   197   384    96    0.0002250000
     196   243   244    96    0.0006750000
     196   243   290    97    0.0000000000
     196   243   291   145    0.0000000000
     196   243   337   146    0.0001500000
     196   243   338    96    0.0003000000
     196   243   384    97    0.0000000000
     196   244   290    47    0.0000000000
     196   244   291    95    0.0000000000
     196   244   337    96    0.0174000000
     196   244   338   144    0.0596250000
     196   244   384   145    0.0026250000
     196   290   291    96    0.0000000000
     196   290   337    97    0.0000000000
     196   290   338   145    0.0000000000
     196   290   384   146    0.0000000000
     196   291   337    47    0.0000000000
     196   291   338    95    0.0000000000
     196   291   384    96    0.0000000000
     196   337   338    96    0.0172500000
     196   337   384    97    0.0003000000
     196   338   384    47    0.0060000000
     196   197   243    47    0.0011250000
     196   197   244    95    0.0000000000
     196   197   290    96    0.0006000000
     196   197   291   144    0.0000000000
     196   197   337   145    0.0002250000
     196   197   338    95    0.0000000000
     196   197   384    96    0.0001500000
     196   243   244    96    0.0000000000
     196   243   290    97    0.0016500000
     196   243   291   145    0.0000000000
     196   243   337   146    0.0006750000
     196   243   338    96    0.0000000000
     196   243   384    97    0.0006750000
     196   244   290    47    0.0000000000
     196   244   291    95    0.0000000000
     196   244   337    96    0.0000000000
     196   244   338   144    0.0000000000
     196   244   384   145    0.0000000000
     196   290   291    96    0.0000000000
     196   290   337    97    0.0002250000
     196   290   338   145    0.0000000000
     196   290   384   146    0.0001500000
     196   291   337    47    0.0000000000
     196   291   338    95    0.0000000000
     196   291   384    96    0.0000000000
     196   337   338    96    0.0009000000
     196   337   384    97    0.0648750000
     196   338   384    47    0.0014250000
     196   197   243    47    0.0000000000
     196   197   244    95    0.0000000000
     196   197   290    96    0.0005250000
     196   197   291   144    0.0010500000
     196   197   337   145    0.0002250000
     196   197   338    95    0.0051750000
     196   197   384    96    0.0000000000
     196   243   244    96    0.0000000000
     196   243   290    97    0.0000000000
     196   243   291   145    0.0000000000
     196   243   337   146    0.0000000000
     196   243   338    96    0.0000000000
     196   243   384    97    0.0000000000
     196   244   290    47    0.0000000000
     196   244   291    95    0.0000000000
     196   244   337    96    0.0000000000
     196   244   338   144    0.0000000000
     196   244   384   145    0.0000000000
     196   290   291    96    0.0000000000
     196   290   337    97    0.0000000000
     196   290   338   145    0.0000000000
     196   290   384   146    0.0000000000
     196   291   337    47    0.0007500000
     196   291   338    95    0.0129000000
     196   291   384    96    0.0000750000
     196   337   338    96    0.0042750000
     196   337   384    97    0.0000000000
     196   338   384    47    0.0003750000
     260   261   323    63    0.0000000000
     260   261   324   127    0.0000000000
     260   261   386   128    0.0000000000
     260   261   387   192    0.0000000000
     260   261   449   193    0.0002250000
     260   261   450   127    0.0008250000
     260   261   512   128    0.0000000000
     260   323   324   128    0.0000000000
     260   323   386   129    0.0000000000
     260   323   387   193    0.0000000000
     260   323   449   194    0.0000000000
     260   323   450   128    0.0000000000
     260   323   512   129    0.0000000000
     260   324   386    63    0.0000000000
     260   324   387   127    0.0000000000
     260   324   449   128    0.0001500000
     260   324   450   192    0.0000000000
     260   324   512   193    0.0000000000
     260   386   387   128    0.0000000000
     260   386   449   129    0.0000000000
     260   386   450   193    0.0000000000
     260   386   512   194    0.0000000000
     260   387   449    63    0.0000000000
     260   387   450   127    0.0000000000
     260   387   512   128    0.0000000000
     260   449   450   128    0.0003000000
     260   449   512   129    0.0000000000
     260   450   512    63    0.0000000000
     260   261   323    63    0.0000000000
     260   261   324   127    0.0003750000
     260   261   386   128    0.0000000000
     260   261   387   192    0.0000000000
     260   261   449   193    0.0000000000
     260   261   450   127    0.0000000000
     260   261   512   128    0.0000000000
     260   323   324   128    0.0000000000
     260   323   386   129    0.0000000000
     260   323   387   193    0.0000000000
     260   323   449   194    0.0000000000
     260   323   450   128    0.0000000000
     260   323   512   129    0.0000000000
     260   324   386    63    0.0000000000
     260   324   387   127    0.0000000000
     260   324   449   128    0.0021750000
     260   324   450   192    0.0000000000
     260   324   512   193    0.0001500000
     260   386   387   128    0.0000000000
     260   386   449   129    0.0000000000
     260   386   450   193    0.0000000000
     260   386   512   194    0.0000000000
     260   387   449    63    0.0000000000
     260   387   450   127    0.0000000000
     260   387   512   128    0.0000000000
     260   449   450   128    0.0000000000
     260   449   512   129    0.0004500000
     260   450   512    63    0.0000000000
     260   261   323    63    0.0002250000
     260   261   324   127    0.0000000000
     260   261   386   128    0.0000000000
     260   261   387   192    0.0000000000
     260   261   449   193    0.0000000000
     260   261   450   127    0.0000000000
     260   261   512   128    0.0008250000
     260   323   324   128    0.0000000000
     260   323   386   129    0.0000000000
     260   323   387   193    0.0000000000
     260   323   449   194    0.0000000000
     260   323   450   128    0.0000000000
     260   323   512   129    0.0000000000
     260   324   386    63    0.0000000000
     260   324   387   127    0.0000000000
     260   324   449   128    0.0000000000
     260   324   450   192    0.0000000000
     260   324   512   193    0.0000000000
     260   386   387   128    0.0000000000
     260   386   449   129    0.0000000000
     260   386   450   193    0.0000000000
     260   386   512   194    0.0000000000
     260   387   449    63    0.0000000000
     260   387   450   127    0.0000000000
     260   387   512   128    0.0005250000
     260   449   450   128    0.0000000000
     260   449   512   129    0.0000000000
     260   450   512    63    0.0000000000
     260   261   323    63    0.0472500000
     260   261   324   127    0.1311750000
     260   261   386   128    0.0012000000
     260   261   387   192    0.0000000000
     260   261   449   193    0.0000750000
     260   261   450   127    0.0000000000
     260   261   512   128    0.0000000000
     260   323   324   128    0.0166500000
     260   323   386   129    0.0003000000
     260   323   387   193    0.0000000000
     260   323   449   194    0.0000000000
     260   323   450   128    0.0000000000
     260   323   512   129    0.0000000000
     260   324   386    63    0.0002250000
     260   324   387   127    0.0000750000
     260   324   449   128    0.0000750000
     260   324   450   192    0.0000000000
     260   324   512   193    0.0000000000
     260   386   387   128    0.0000000000
     260   386   449   129    0.0000000000
     260   386   450   193    0.0000000000
     260   386   512   194    0.0000000000
     260   387   449    63    0.0000000000
     260   387   450   127    0.0000000000
     260   387   512   128    0.0000000000
     260   449   450   128    0.0000000000
     260   449   512   129    0.0000000000
     260   450   512    63    0.0000000000
     260   261   323    63    0.0002250000
     260   261   324   127    0.0000000000
     260   261   386   128    0.0000000000
     260   261   387   192    0.0000000000
     260   261   449   193    0.0000000000
     260   261   450   127    0.0009000000
     260   261   512   128    0.0000000000
     260   323   324   128    0.0000000000
     260   323   386   129    0.0000000000
     260   323   387   193    0.0000000000
     260   323   449   194    0.0000000000
     260   323   450   128    0.0060750000
     260   323   512   129    0.0000000000
     260   324   386    63    0.0000000000
     260   324   387   127    0.0000000000
     260   324   449   128    0.0000000000
     260   324   450   192    0.0000000000
     260   324   512   193    0.0000000000
     260   386   387   128    0.0000000000
     260   386   449   129    0.0000000000
     260   386   450   193    0.0000000000
     260   386   512   194    0.0000000000
     260   387   449    63    0.0000000000
     260   387   450   127    0.0000000000
     260   387   512   128    0.0000000000
     260   449   450   128    0.0000000000
     260   449   512   129    0.0000000000
     260   450   512    63    0.0000000000
     260   261   323    63    0.0000750000
     260   261   324   127    0.0000000000
     260   261   386   128    0.0000000000
     260   261   387   192    0.0000000000
     260   261   449   193    0.0000000000
     260   261   450   127    0.0000000000
     260   261   512   128    0.0000000000
     260   323   324   128    0.0000750000
     260   323   386   129    0.0023250000
     260   323   387   193    0.0000000000
     260   323   449   194    0.0000000000
     260   323   450   128    0.0012750000
     260   323   512   129    0.0000000000
     260   324   386    63    0.0038250000
     260   324   387   127    0.0000000000
     260   324   449   128    0.0000000000
     260   324   450   192    0.0000750000
     260   324   512   193    0.0000000000
     260   386   387   128    0.0000750000
     260   386   449   129    0.0000000000
     260   386   450   193    0.0012000000
     260   386   512   194    0.0000000000
     260   387   449    63    0.0000000000
     260   387   450   127    0.0000750000
     260   387   512   128    0.0000000000
     260   449   450   128    0.0000000000
     260   449   512   129    0.0000000000
     260   450   512    63    0.0000000000
     260   261   323    63    0.0000000000
     260   261   324   127    0.0000000000
     260   261   386   128    0.0000000000
     260   261   387   192    0.0000000000
     260   261   449   193    0.0000000000
     260   261   450   127    0.0000000000
     260   261   512   128    0.0000000000
     260   323   324   128    0.0000000000
     260   323   386   129    0.0000000000
     260   323   387   193    0.0000000000
     260   323   449   194    0.0000000000
     260   323   450   128    0.0000000000
     260   323   512   129    0.0000000000
     260   324   386    63    0.0000000000
     260   324   387   127    0.0000000000
     260   324   449   128    0.0000000000
     260   324   450   192    0.0002250000
     260   324   512   193    0.0000000000
     260   386   387   128    0.0000000000
     260   386   449   129    0.0000000000
     260   386   450   193    0.0000000000
     260   386   512   194    0.0000000000
     260   387   449    63    0.0000000000
     260   387   450   127    0.0000000000
     260   387   512   128    0.0000000000
     260   449   450   128    0.0000000000
     260   449   512   129    0.0000000000
     260   450   512    63    0.0000000000
     260   261   323    63    0.0000000000
     260   261   324   127    0.0000000000
     260   261   386   128    0.0000000000
     260   261   387   192    0.0000000000
     260   261   449   193    0.0000750000
     260   261   450   127    0.0000000000
     260   261   512   128    0.0000000000
     260   323   324   128    0.0000000000
     260   323   386   129    0.0000000000
     260   323   387   193    0.0000000000
     260   323   449   194    0.0000000000
     260   323   450   128    0.0000000000
     260   323   512   129    0.0000000000
     260   324   386    63    0.0000750000
     260   324   387   127    0.0000000000
     260   324   449   128    0.0018000000
     260   324   450   192    0.0000000000
     260   324   512   193    0.0000000000
     260   386   387   128    0.0000000000
     260   386   449   129    0.0000000000
     260   386   450   193    0.0000000000
     260   386   512   194    0.0000000000
     260   387   449    63    0.0000000000
     260   387   450   127    0.0000000000
     260   387   512   128    0.0000000000
     260   449   450   128    0.0000000000
     260   449   512   129    0.0000000000
     260   450   512    63    0.4455000000
     260   261   323    63    0.0000000000
     260   261   324   127    0.0000000000
     260   261   386   128    0.0000000000
     260   261   387   192    0.0001500000
     260   261   449   193    0.0000000000
     260   261   450   127    0.0041250000
     260   261   512   128    0.0000000000
     260   323   324   128    0.0000000000
     260   323   386   129    0.0000000000
     260   323   387   193    0.0000000000
     260   323   449   194    0.0000000000
     260   323   450   128    0.0000000000
     260   323   512   129    0.0000000000
     260   324   386    63    0.0000000000
     260   324   387   127    0.0000000000
     260   324   449   128    0.0000000000
     260   324   450   192    0.0000000000
     260   324   512   193    0.0000000000
     260   386   387   128    0.0000000000
     260   386   449   129    0.0000000000
     260   386   450   193    0.0000000000
     260   386   512   194    0.0000000000
     260   387   449    63    0.0000000000
     260   387   450   127    0.0005250000
     260   387   512   128    0.0000000000
     260   449   450   128    0.0000000000
     260   449   512   129    0.0000000000
     260   450   512    63    0.0000000000
     260   261   323    63    0.0000000000
     260   261   324   127    0.0000000000
     260   261   386   128    0.0000000000
     260   261   387   192    0.0000000000
     260   261   449   193    0.0000000000
     260   261   450   127    0.0000000000
     260   261   512   128    0.0000000000
     260   323   324   128    0.0000000000
     260   323   386   129    0.0000000000
     260   323   387   193    0.0000000000
     260   323   449   194    0.0000000000
     260   323   450   128    0.0000000000
     260   323   512   129    0.0000000000
     260   324   386    63    0.0000000000
     260   324   387   127    0.0000000000
     260   324   449   128    0.0000000000
     260   324   450   192    0.0000000000
     260   324   512   193    0.0000000000
     260   386   387   128    0.0000000000
     260   386   449   129    0.0000000000
     260   386   450   193    0.0000000000
     260   386   512   194    0.0000000000
     260   387   449    63    0.0000000000
     260   387   450   127    0.0000000000
     260   387   512   128    0.0000000000
     260   449   450   128    0.0000000000
     260   449   512   129    0.0000000000
     260   450   512    63    0.0000000000
     260   261   323    63    0.0092250000
     260   261   324   127    0.0202500000
     260   261   386   128    0.0004500000
     260   261   387   192    0.0009750000
     260   261   449   193    0.0004500000
     260   261   450   127    0.5266500000
     260   261   512   128    0.0003000000
     260   323   324   128    0.0009750000
     260   323   386   129    0.0000000000
     260   323   387   193    0.0001500000
     260   323   449   194    0.0000750000
     260   323   450   128    0.0063000000
     260   323   512   129    0.0000000000
     260   324   386    63    0.0003000000
     260   324   387   127    0.0003750000
     260   324   449   128    0.0002250000
     260   324   450   192    0.0289500000
     260   324   512   193    0.0000000000
     260   386   387   128    0.0000000000
     260   386   449   129    0.0000000000
     260   386   450   193    0.0004500000
     260   386   512   194    0.0000000000
     260   387   449    63    0.0000000000
     260   387   450   127    0.0011250000
     260   387   512   128    0.0000000000
     260   449   450   128    0.0006750000
     260   449   512   129    0.0000000000
     260   450   512    63    0.0002250000
     260   261   323    63    0.0010500000
     260   261   324   127    0.0011250000
     260   261   386   128    0.0000000000
     260   261   387   192    0.0000000000
     260   261   449   193    0.0000000000
     260   261   450   127    0.0002250000
     260   261   512   128    0.0000000000
     260   323   324   128    0.0000000000
     260   323   386   129    0.0000000000
     260   323   387   193    0.0000000000
     260   323   449   194    0.0000000000
     260   323   450   128    0.0000000000
     260   323   512   129    0.0000000000
     260   324   386    63    0.0000000000
     260   324   387   127    0.0000000000
     260   324   449   128    0.0000000000
     260   324   450   192    0.0000000000
     260   324   512   193    0.0000000000
     260   386   387   128    0.0000000000
     260   386   449   129    0.0000000000
     260   386   450   193    0.0000000000
     260   386   512   194    0.0000000000
     260   387   449    63    0.0000000000
     260   387   450   127    0.0000000000
     260   387   512   128    0.0000000000
     260   449   450   128    0.0000000000
     260   449   512   129    0.0000000000
     260   450   512    63    0.0000000000
     260   261   323    63    0.0000750000
     260   261   324   127    0.0000000000
     260   261   386   128    0.0000000000
     260   261   387   192    0.0000000000
     260   261   449   193    0.0000000000
     260   261   450   127    0.0000000000
     260   261   512   128    0.0000000000
     260   323   324   128    0.0022500000
     260   323   386   129    0.0000750000
     260   323   387   193    0.0000000000
     260   323   449   194    0.0000000000
     260   323   450   128    0.0000750000
     260   323   512   129    0.0000000000
     260   324   386    63    0.0270000000
     260   324   387   127    0.0008250000
     260   324   449   128    0.0000000000
     260   324   450   192    0.0000000000
     260   324   512   193    0.0000000000
     260   386   387   128    0.0000000000
     260   386   449   129    0.0000000000
     260   386   450   193    0.0000000000
     260   386   512   194    0.0000000000
     260   387   449    63    0.0000000000
     260   387   450   127    0.0000000000
     260   387   512   128    0.0000000000
     260   449   450   128    0.0000000000
     260   449   512   129    0.0000000000
     260   450   512    63    0.0000000000
     260   261   323    63    0.0000000000
     260   261   324   127    0.0000000000
     260   261   386   128    0.0000000000
     260   261   387   192    0.0000000000
     260   261   449   193    0.0000000000
     260   261   450   127    0.0000000000
     260   261   512   128    0.0000000000
     260   323   324   128    0.0000000000
     260   323   386   129    0.0000000000
     260   323   387   193    0.0000000000
     260   323   449   194    0.0000000000
     260   323   450   128    0.0000000000
     260   323   512   129    0.0000000000
     260   324   386    63    0.0060750000
     260   324   387   127    0.0000000000
     260   324   449   128    0.0000000000
     260   324   450   192    0.0000000000
     260   324   512   193    0.0000000000
     260   386   387   128    0.0000000000
     260   386   449   129    0.0000000000
     260   386   450   193    0.0000000000
     260   386   512   194    0.0000000000
     260   387   449    63    0.0000000000
     260   387   450   127    0.0000000000
     260   387   512   128    0.0000000000
     260   449   450   128    0.0000000000
     260   449   512   129    0.0000000000
     260   450   512    63    0.0000000000
