      36    37    43     7    0.0010500000
      36    37    44    15    0.0135750000
      36    37    50    16    0.0018750000
      36    37    51    24    0.0534750000
      36    37    57    25    0.0174000000
      36    37    58    15    0.0729000000
      36    37    64    16    0.0088500000
      36    43    44    16    0.0000750000
      36    43    50    17    0.0000000000
      36    43    51    25    0.0001500000
      36    43    57    26    0.0000750000
      36    43    58    16    0.0000750000
      36    43    64    17    0.0000000000
      36    44    50     7    0.0057750000
      36    44    51    15    0.1046250000
      36    44    57    16    0.0400500000
      36    44    58    24    0.0429000000
      36    44    64    25    0.0045000000
      36    50    51    16    0.0153000000
      36    50    57    17    0.0062250000
      36    50    58    25    0.0078750000
      36    50    64    26    0.0010500000
      36    51    57     7    0.1698000000
      36    51    58    15    0.3331500000
      36    51    64    16    0.0315750000
      36    57    58    16    0.1062750000
      36    57    64    17    0.0099000000
      36    58    64     7    0.0425250000
      36    37    43     7    0.0097500000
      36    37    44    15    0.1187250000
      36    37    50    16    0.0120750000
      36    37    51    24    0.0590250000
      36    37    57    25    0.0089250000
      36    37    58    15    0.1044000000
      36    37    64    16    0.0282000000
      36    43    44    16    0.0171000000
      36    43    50    17    0.0026250000
      36    43    51    25    0.0036000000
      36    43    57    26    0.0007500000
      36    43    58    16    0.0031500000
      36    43    64    17    0.0006000000
      36    44    50     7    0.0276750000
      36    44    51    15    0.0657750000
      36    44    57    16    0.0116250000
      36    44    58    24    0.0325500000
      36    44    64    25    0.0091500000
      36    50    51    16    0.0080250000
      36    50    57    17    0.0016500000
      36    50    58    25    0.0035250000
      36    50    64    26    0.0012000000
      36    51    57     7    0.0078000000
      36    51    58    15    0.0253500000
      36    51    64    16    0.0082500000
      36    57    58    16    0.0043500000
      36    57    64    17    0.0016500000
      36    58    64     7    0.0111000000
      36    37    43     7    0.0066750000
      36    37    44    15    0.0235500000
      36    37    50    16    0.0048750000
      36    37    51    24    0.0008250000
      36    37    57    25    0.0020250000
      36    37    58    15    0.0003000000
      36    37    64    16    0.0003750000
      36    43    44    16    0.0153000000
      36    43    50    17    0.0045750000
      36    43    51    25    0.0012000000
      36    43    57    26    0.0010500000
      36    43    58    16    0.0000750000
      36    43    64    17    0.0003000000
      36    44    50     7    0.1200000000
      36    44    51    15    0.0311250000
      36    44    57    16    0.0462000000
      36    44    58    24    0.0036750000
      36    44    64    25    0.0081750000
      36    50    51    16    0.0048750000
      36    50    57    17    0.0083250000
      36    50    58    25    0.0006000000
      36    50    64    26    0.0015750000
      36    51    57     7    0.0833250000
      36    51    58    15    0.0026250000
      36    51    64    16    0.0039750000
      36    57    58    16    0.0049500000
      36    57    64    17    0.0081000000
      36    58    64     7    0.1691250000
      36    37    43     7    0.0111750000
      36    37    44    15    0.0055500000
      36    37    50    16    0.0007500000
      36    37    51    24    0.0000000000
      36    37    57    25    0.0000750000
      36    37    58    15    0.0049500000
      36    37    64    16    0.0006750000
      36    43    44    16    0.0133500000
      36    43    50    17    0.0024000000
      36    43    51    25    0.0000000000
      36    43    57    26    0.0000000000
      36    43    58    16    0.0111000000
      36    43    64    17    0.0006000000
      36    44    50     7    0.1119000000
      36    44    51    15    0.0000000000
      36    44    57    16    0.0000750000
      36    44    58    24    0.0234750000
      36    44    64    25    0.0017250000
      36    50    51    16    0.0000000000
      36    50    57    17    0.0000000000
      36    50    58    25    0.0051750000
      36    50    64    26    0.0004500000
      36    51    57     7    0.0636750000
      36    51    58    15    0.0000000000
      36    51    64    16    0.0000000000
      36    57    58    16    0.0003000000
      36    57    64    17    0.0000000000
      36    58    64     7    0.0240000000
      36    37    43     7    0.0102000000
      36    37    44    15    0.0157500000
      36    37    50    16    0.0018000000
      36    37    51    24    0.0250500000
      36    37    57    25    0.0001500000
      36    37    58    15    0.0381750000
      36    37    64    16    0.0111750000
      36    43    44    16    0.0102750000
      36    43    50    17    0.0012750000
      36    43    51    25    0.0167250000
      36    43    57    26    0.0005250000
      36    43    58    16    0.0256500000
      36    43    64    17    0.0063000000
      36    44    50     7    0.0975750000
      36    44    51    15    0.0431250000
      36    44    57    16    0.0006750000
      36    44    58    24    0.0471000000
      36    44    64    25    0.0134250000
      36    50    51    16    0.0071250000
      36    50    57    17    0.0000750000
      36    50    58    25    0.0093750000
      36    50    64    26    0.0027750000
      36    51    57     7    0.0045000000
      36    51    58    15    0.2769000000
      36    51    64    16    0.0653250000
      36    57    58    16    0.0036750000
      36    57    64    17    0.0006750000
      36    58    64     7    0.0983250000
      36    37    43     7    0.0016500000
      36    37    44    15    0.0006000000
      36    37    50    16    0.0006000000
      36    37    51    24    0.0000000000
      36    37    57    25    0.0000000000
      36    37    58    15    0.0006750000
      36    37    64    16    0.0003000000
      36    43    44    16    0.0011250000
      36    43    50    17    0.0009000000
      36    43    51    25    0.0000000000
      36    43    57    26    0.0000000000
      36    43    58    16    0.0016500000
      36    43    64    17    0.0009000000
      36    44    50     7    0.3144750000
      36    44    51    15    0.0028500000
      36    44    57    16    0.0083250000
      36    44    58    24    0.0022500000
      36    44    64    25    0.0010500000
      36    50    51    16    0.0048000000
      36    50    57    17    0.0150000000
      36    50    58    25    0.0028500000
      36    50    64    26    0.0014250000
      36    51    57     7    0.1497000000
      36    51    58    15    0.0072750000
      36    51    64    16    0.0042750000
      36    57    58    16    0.0129750000
      36    57    64    17    0.0075750000
      36    58    64     7    0.2511000000
      36    37    43     7    0.0095250000
      36    37    44    15    0.0242250000
      36    37    50    16    0.0399000000
      36    37    51    24    0.0000000000
      36    37    57    25    0.0003000000
      36    37    58    15    0.0045750000
      36    37    64    16    0.0077250000
      36    43    44    16    0.0018750000
      36    43    50    17    0.0030750000
      36    43    51    25    0.0000000000
      36    43    57    26    0.0000000000
      36    43    58    16    0.0000750000
      36    43    64    17    0.0005250000
      36    44    50     7    0.3618000000
      36    44    51    15    0.0000000000
      36    44    57    16    0.0000000000
      36    44    58    24    0.0008250000
      36    44    64    25    0.0012750000
      36    50    51    16    0.0000000000
      36    50    57    17    0.0003000000
      36    50    58    25    0.0015000000
      36    50    64    26    0.0027000000
      36    51    57     7    0.0015000000
      36    51    58    15    0.0015750000
      36    51    64    16    0.0020250000
      36    57    58    16    0.0116250000
      36    57    64    17    0.0152250000
      36    58    64     7    0.1289250000
      36    37    43     7    0.0159750000
      36    37    44    15    0.0009000000
      36    37    50    16    0.0019500000
      36    37    51    24    0.0014250000
      36    37    57    25    0.0011250000
      36    37    58    15    0.0505500000
      36    37    64    16    0.0322500000
      36    43    44    16    0.0000000000
      36    43    50    17    0.0000750000
      36    43    51    25    0.0000000000
      36    43    57    26    0.0000000000
      36    43    58    16    0.0011250000
      36    43    64    17    0.0006750000
      36    44    50     7    0.1112250000
      36    44    51    15    0.0601500000
      36    44    57    16    0.0333000000
      36    44    58    24    0.0024750000
      36    44    64    25    0.0015750000
      36    50    51    16    0.1003500000
      36    50    57    17    0.0843750000
      36    50    58    25    0.0051750000
      36    50    64    26    0.0034500000
      36    51    57     7    0.2829750000
      36    51    58    15    0.0099000000
      36    51    64    16    0.0065250000
      36    57    58    16    0.0088500000
      36    57    64    17    0.0060750000
      36    58    64     7    0.4152750000
      36    37    43     7    0.0017250000
      36    37    44    15    0.0000750000
      36    37    50    16    0.0013500000
      36    37    51    24    0.0002250000
      36    37    57    25    0.0000000000
      36    37    58    15    0.0008250000
      36    37    64    16    0.0002250000
      36    43    44    16    0.0000000000
      36    43    50    17    0.0000000000
      36    43    51    25    0.0000000000
      36    43    57    26    0.0000000000
      36    43    58    16    0.0000000000
      36    43    64    17    0.0000000000
      36    44    50     7    0.0006000000
      36    44    51    15    0.0000750000
      36    44    57    16    0.0000750000
      36    44    58    24    0.0000000000
      36    44    64    25    0.0000000000
      36    50    51    16    0.0058500000
      36    50    57    17    0.0017250000
      36    50    58    25    0.0002250000
      36    50    64    26    0.0001500000
      36    51    57     7    0.0273000000
      36    51    58    15    0.0171750000
      36    51    64    16    0.0160500000
      36    57    58    16    0.0006750000
      36    57    64    17    0.0005250000
      36    58    64     7    0.1411500000
      36    37    43     7    0.0052500000
      36    37    44    15    0.0129750000
      36    37    50    16    0.0011250000
      36    37    51    24    0.0002250000
      36    37    57    25    0.0003000000
      36    37    58    15    0.0199500000
      36    37    64    16    0.0088500000
      36    43    44    16    0.0001500000
      36    43    50    17    0.0000000000
      36    43    51    25    0.0000000000
      36    43    57    26    0.0000000000
      36    43    58    16    0.0006750000
      36    43    64    17    0.0006000000
      36    44    50     7    0.0301500000
      36    44    51    15    0.0051000000
      36    44    57    16    0.0050250000
      36    44    58    24    0.1894500000
      36    44    64    25    0.0330750000
      36    50    51    16    0.0008250000
      36    50    57    17    0.0003750000
      36    50    58    25    0.0157500000
      36    50    64    26    0.0032250000
      36    51    57     7    0.0003000000
      36    51    58    15    0.0064500000
      36    51    64    16    0.0006750000
      36    57    58    16    0.0062250000
      36    57    64    17    0.0007500000
      36    58    64     7    0.0516000000
      36    37    43     7    0.0159750000
      36    37    44    15    0.0999750000
      36    37    50    16    0.0973500000
      36    37    51    24    0.2100750000
      36    37    57    25    0.0136500000
      36    37    58    15    0.2614500000
      36    37    64    16    0.0066750000
      36    43    44    16    0.0047250000
      36    43    50    17    0.0051000000
      36    43    51    25    0.0093000000
      36    43    57    26    0.0004500000
      36    43    58    16    0.0111750000
      36    43    64    17    0.0004500000
      36    44    50     7    0.0477750000
      36    44    51    15    0.1002000000
      36    44    57    16    0.0043500000
      36    44    58    24    0.0423000000
      36    44    64    25    0.0009000000
      36    50    51    16    0.1074000000
      36    50    57    17    0.0060000000
      36    50    58    25    0.0463500000
      36    50    64    26    0.0007500000
      36    51    57     7    0.0310500000
      36    51    58    15    0.2071500000
      36    51    64    16    0.0036750000
      36    57    58    16    0.0145500000
      36    57    64    17    0.0003000000
      36    58    64     7    0.0094500000
      36    37    43     7    0.0005250000
      36    37    44    15    0.0024000000
      36    37    50    16    0.0022500000
      36    37    51    24    0.0022500000
      36    37    57    25    0.0006750000
      36    37    58    15    0.0159000000
      36    37    64    16    0.0042750000
      36    43    44    16    0.0009000000
      36    43    50    17    0.0008250000
      36    43    51    25    0.0009000000
      36    43    57    26    0.0002250000
      36    43    58    16    0.0084000000
      36    43    64    17    0.0027750000
      36    44    50     7    0.0219000000
      36    44    51    15    0.0168000000
      36    44    57    16    0.0033000000
      36    44    58    24    0.0324750000
      36    44    64    25    0.0206250000
      36    50    51    16    0.0144000000
      36    50    57    17    0.0037500000
      36    50    58    25    0.0334500000
      36    50    64    26    0.0184500000
      36    51    57     7    0.1220250000
      36    51    58    15    0.0660750000
      36    51    64    16    0.0402000000
      36    57    58    16    0.0138000000
      36    57    64    17    0.0085500000
      36    58    64     7    0.1516500000
      36    37    43     7    0.1392000000
      36    37    44    15    0.0298500000
      36    37    50    16    0.0018000000
      36    37    51    24    0.0039750000
      36    37    57    25    0.0239250000
      36    37    58    15    0.1314000000
      36    37    64    16    0.0244500000
      36    43    44    16    0.0235500000
      36    43    50    17    0.0016500000
      36    43    51    25    0.0034500000
      36    43    57    26    0.0197250000
      36    43    58    16    0.0979500000
      36    43    64    17    0.0185250000
      36    44    50     7    0.0052500000
      36    44    51    15    0.0036750000
      36    44    57    16    0.0184500000
      36    44    58    24    0.0341250000
      36    44    64    25    0.0058500000
      36    50    51    16    0.0001500000
      36    50    57    17    0.0017250000
      36    50    58    25    0.0024750000
      36    50    64    26    0.0003750000
      36    51    57     7    0.0159750000
      36    51    58    15    0.0102750000
      36    51    64    16    0.0014250000
      36    57    58    16    0.0542250000
      36    57    64    17    0.0087000000
      36    58    64     7    0.0494250000
      36    37    43     7    0.6572250000
      36    37    44    15    0.0012000000
      36    37    50    16    0.0005250000
      36    37    51    24    0.0001500000
      36    37    57    25    0.0016500000
      36    37    58    15    0.0021000000
      36    37    64    16    0.0007500000
      36    43    44    16    0.0010500000
      36    43    50    17    0.0004500000
      36    43    51    25    0.0001500000
      36    43    57    26    0.0018750000
      36    43    58    16    0.0022500000
      36    43    64    17    0.0010500000
      36    44    50     7    0.0333750000
      36    44    51    15    0.0000000000
      36    44    57    16    0.0080250000
      36    44    58    24    0.0021000000
      36    44    64    25    0.0003000000
      36    50    51    16    0.0000000000
      36    50    57    17    0.0018000000
      36    50    58    25    0.0006750000
      36    50    64    26    0.0000750000
      36    51    57     7    0.0043500000
      36    51    58    15    0.0036750000
      36    51    64    16    0.0008250000
      36    57    58    16    0.0480000000
      36    57    64    17    0.0101250000
      36    58    64     7    0.0246750000
      36    37    43     7    0.0258750000
      36    37    44    15    0.0000750000
      36    37    50    16    0.0003000000
      36    37    51    24    0.0003000000
      36    37    57    25    0.0000750000
      36    37    58    15    0.0025500000
      36    37    64    16    0.0012750000
      36    43    44    16    0.0003000000
      36    43    50    17    0.0004500000
      36    43    51    25    0.0003000000
      36    43    57    26    0.0003750000
      36    43    58    16    0.0036750000
      36    43    64    17    0.0021750000
      36    44    50     7    0.2022750000
      36    44    51    15    0.0030000000
      36    44    57    16    0.0018000000
      36    44    58    24    0.0015000000
      36    44    64    25    0.0006750000
      36    50    51    16    0.0039000000
      36    50    57    17    0.0030000000
      36    50    58    25    0.0047250000
      36    50    64    26    0.0016500000
      36    51    57     7    0.0457500000
      36    51    58    15    0.0039750000
      36    51    64    16    0.0015000000
      36    57    58    16    0.0037500000
      36    57    64    17    0.0023250000
      36    58    64     7    0.0646500000
      36    37    43     7    0.0057000000
      36    37    44    15    0.0129000000
      36    37    50    16    0.0009750000
      36    37    51    24    0.0618000000
      36    37    57    25    0.0000000000
      36    37    58    15    0.4290750000
      36    37    64    16    0.0158250000
      36    43    44    16    0.0001500000
      36    43    50    17    0.0000000000
      36    43    51    25    0.0011250000
      36    43    57    26    0.0000000000
      36    43    58    16    0.0063750000
      36    43    64    17    0.0000750000
      36    44    50     7    0.0175500000
      36    44    51    15    0.0250500000
      36    44    57    16    0.0000000000
      36    44    58    24    0.0166500000
      36    44    64    25    0.0003000000
      36    50    51    16    0.0022500000
      36    50    57    17    0.0000000000
      36    50    58    25    0.0013500000
      36    50    64    26    0.0000750000
      36    51    57     7    0.0000000000
      36    51    58    15    0.1006500000
      36    51    64    16    0.0062250000
      36    57    58    16    0.0000000000
      36    57    64    17    0.0000000000
      36    58    64     7    0.0294000000
      36    37    43     7    0.0099000000
      36    37    44    15    0.0686250000
      36    37    50    16    0.0304500000
      36    37    51    24    0.0034500000
      36    37    57    25    0.0004500000
      36    37    58    15    0.0502500000
      36    37    64    16    0.0084000000
      36    43    44    16    0.0007500000
      36    43    50    17    0.0002250000
      36    43    51    25    0.0000750000
      36    43    57    26    0.0000000000
      36    43    58    16    0.0009000000
      36    43    64    17    0.0006000000
      36    44    50     7    0.1656750000
      36    44    51    15    0.0005250000
      36    44    57    16    0.0001500000
      36    44    58    24    0.0071250000
      36    44    64    25    0.0012750000
      36    50    51    16    0.0003750000
      36    50    57    17    0.0001500000
      36    50    58    25    0.0032250000
      36    50    64    26    0.0006000000
      36    51    57     7    0.0091500000
      36    51    58    15    0.0124500000
      36    51    64    16    0.0023250000
      36    57    58    16    0.0029250000
      36    57    64    17    0.0005250000
      36    58    64     7    0.0261000000
      36    37    43     7    0.2183250000
      36    37    44    15    0.0043500000
      36    37    50    16    0.0010500000
      36    37    51    24    0.0075750000
      36    37    57    25    0.0083250000
      36    37    58    15    0.0011250000
      36    37    64    16    0.0102000000
      36    43    44    16    0.0022500000
      36    43    50    17    0.0006000000
      36    43    51    25    0.0044250000
      36    43    57    26    0.0045750000
      36    43    58    16    0.0005250000
      36    43    64    17    0.0054750000
      36    44    50     7    0.0015000000
      36    44    51    15    0.0031500000
      36    44    57    16    0.0037500000
      36    44    58    24    0.0000000000
      36    44    64    25    0.0000000000
      36    50    51    16    0.0005250000
      36    50    57    17    0.0005250000
      36    50    58    25    0.0000000000
      36    50    64    26    0.0000000000
      36    51    57     7    0.4675500000
      36    51    58    15    0.0000000000
      36    51    64    16    0.0003750000
      36    57    58    16    0.0000000000
      36    57    64    17    0.0004500000
      36    58    64     7    0.0066000000
      36    37    43     7    0.6306750000
      36    37    44    15    0.0076500000
      36    37    50    16    0.0037500000
      36    37    51    24    0.0045750000
      36    37    57    25    0.0013500000
      36    37    58    15    0.0038250000
      36    37    64    16    0.0043500000
      36    43    44    16    0.0066750000
      36    43    50    17    0.0031500000
      36    43    51    25    0.0045750000
      36    43    57    26    0.0012750000
      36    43    58    16    0.0036000000
      36    43    64    17    0.0040500000
      36    44    50     7    0.0212250000
      36    44    51    15    0.0002250000
      36    44    57    16    0.0000000000
      36    44    58    24    0.0000000000
      36    44    64    25    0.0001500000
      36    50    51    16    0.0003750000
      36    50    57    17    0.0000750000
      36    50    58    25    0.0000750000
      36    50    64    26    0.0002250000
      36    51    57     7    0.1587000000
      36    51    58    15    0.0529500000
      36    51    64    16    0.0609750000
      36    57    58    16    0.0120000000
      36    57    64    17    0.0138750000
      36    58    64     7    0.2361000000
      36    37    43     7    0.0087750000
      36    37    44    15    0.0048750000
      36    37    50    16    0.0121500000
      36    37    51    24    0.0063750000
      36    37    57    25    0.0002250000
      36    37    58    15    0.0224250000
      36    37    64    16    0.0012000000
      36    43    44    16    0.0012000000
      36    43    50    17    0.0037500000
      36    43    51    25    0.0018000000
      36    43    57    26    0.0001500000
      36    43    58    16    0.0082500000
      36    43    64    17    0.0009000000
      36    44    50     7    0.1239000000
      36    44    51    15    0.0198750000
      36    44    57    16    0.0017250000
      36    44    58    24    0.0266250000
      36    44    64    25    0.0025500000
      36    50    51    16    0.0707250000
      36    50    57    17    0.0081000000
      36    50    58    25    0.1815750000
      36    50    64    26    0.0125250000
      36    51    57     7    0.0184500000
      36    51    58    15    0.1959750000
      36    51    64    16    0.0183750000
      36    57    58    16    0.0174750000
      36    57    64    17    0.0008250000
      36    58    64     7    0.0203250000
      36    37    43     7    0.3888000000
      36    37    44    15    0.0295500000
      36    37    50    16    0.0054000000
      36    37    51    24    0.0000000000
      36    37    57    25    0.0017250000
      36    37    58    15    0.0235500000
      36    37    64    16    0.0182250000
      36    43    44    16    0.0165000000
      36    43    50    17    0.0021000000
      36    43    51    25    0.0000000000
      36    43    57    26    0.0010500000
      36    43    58    16    0.0111750000
      36    43    64    17    0.0087750000
      36    44    50     7    0.0811500000
      36    44    51    15    0.0000000000
      36    44    57    16    0.0027000000
      36    44    58    24    0.0049500000
      36    44    64    25    0.0030000000
      36    50    51    16    0.0000000000
      36    50    57    17    0.0003750000
      36    50    58    25    0.0009750000
      36    50    64    26    0.0008250000
      36    51    57     7    0.0000000000
      36    51    58    15    0.0000000000
      36    51    64    16    0.0000000000
      36    57    58    16    0.0004500000
      36    57    64    17    0.0003000000
      36    58    64     7    0.0095250000
      36    37    43     7    0.0458250000
      36    37    44    15    0.2565750000
      36    37    50    16    0.0414750000
      36    37    51    24    0.0121500000
      36    37    57    25    0.0245250000
      36    37    58    15    0.1581750000
      36    37    64    16    0.0215250000
      36    43    44    16    0.0250500000
      36    43    50    17    0.0057750000
      36    43    51    25    0.0015750000
      36    43    57    26    0.0024000000
      36    43    58    16    0.0176250000
      36    43    64    17    0.0019500000
      36    44    50     7    0.0275250000
      36    44    51    15    0.0162750000
      36    44    57    16    0.0264750000
      36    44    58    24    0.0777750000
      36    44    64    25    0.0103500000
      36    50    51    16    0.0023250000
      36    50    57    17    0.0065250000
      36    50    58    25    0.0224250000
      36    50    64    26    0.0029250000
      36    51    57     7    0.0201750000
      36    51    58    15    0.0288750000
      36    51    64    16    0.0033750000
      36    57    58    16    0.0579000000
      36    57    64    17    0.0060000000
      36    58    64     7    0.0444750000
      36    37    43     7    0.0096750000
      36    37    44    15    0.0019500000
      36    37    50    16    0.0033750000
      36    37    51    24    0.0126750000
      36    37    57    25    0.0013500000
      36    37    58    15    0.0024750000
      36    37    64    16    0.0105750000
      36    43    44    16    0.0003000000
      36    43    50    17    0.0003000000
      36    43    51    25    0.0006750000
      36    43    57    26    0.0000750000
      36    43    58    16    0.0000750000
      36    43    64    17    0.0009750000
      36    44    50     7    0.2233500000
      36    44    51    15    0.0012750000
      36    44    57    16    0.0000000000
      36    44    58    24    0.0003000000
      36    44    64    25    0.0009000000
      36    50    51    16    0.0022500000
      36    50    57    17    0.0002250000
      36    50    58    25    0.0005250000
      36    50    64    26    0.0018750000
      36    51    57     7    0.0561000000
      36    51    58    15    0.1134750000
      36    51    64    16    0.2085750000
      36    57    58    16    0.0080250000
      36    57    64    17    0.0368250000
      36    58    64     7    0.0539250000
      36    37    43     7    0.0987000000
      36    37    44    15    0.0026250000
      36    37    50    16    0.0035250000
      36    37    51    24    0.0242250000
      36    37    57    25    0.0132750000
      36    37    58    15    0.0099750000
      36    37    64    16    0.0000750000
      36    43    44    16    0.0072000000
      36    43    50    17    0.0060750000
      36    43    51    25    0.0762750000
      36    43    57    26    0.0390000000
      36    43    58    16    0.0303000000
      36    43    64    17    0.0002250000
      36    44    50     7    0.0020250000
      36    44    51    15    0.0161250000
      36    44    57    16    0.0069750000
      36    44    58    24    0.0011250000
      36    44    64    25    0.0000000000
      36    50    51    16    0.0134250000
      36    50    57    17    0.0069000000
      36    50    58    25    0.0009750000
      36    50    64    26    0.0000750000
      36    51    57     7    0.2245500000
      36    51    58    15    0.0199500000
      36    51    64    16    0.0001500000
      36    57    58    16    0.0108000000
      36    57    64    17    0.0000000000
      36    58    64     7    0.0002250000
      36    37    43     7    0.0211500000
      36    37    44    15    0.0015750000
      36    37    50    16    0.0039000000
      36    37    51    24    0.0075750000
      36    37    57    25    0.0008250000
      36    37    58    15    0.0098250000
      36    37    64    16    0.0110250000
      36    43    44    16    0.0039750000
      36    43    50    17    0.0090000000
      36    43    51    25    0.0210000000
      36    43    57    26    0.0015750000
      36    43    58    16    0.0246000000
      36    43    64    17    0.0278250000
      36    44    50     7    0.0168750000
      36    44    51    15    0.0051750000
      36    44    57    16    0.0008250000
      36    44    58    24    0.0029250000
      36    44    64    25    0.0045000000
      36    50    51    16    0.0090750000
      36    50    57    17    0.0030750000
      36    50    58    25    0.0075000000
      36    50    64    26    0.0080250000
      36    51    57     7    0.0066750000
      36    51    58    15    0.0702000000
      36    51    64    16    0.0931500000
      36    57    58    16    0.0023250000
      36    57    64    17    0.0026250000
      36    58    64     7    0.2243250000
      36    37    43     7    0.0051000000
      36    37    44    15    0.0973500000
      36    37    50    16    0.0177750000
      36    37    51    24    0.0067500000
      36    37    57    25    0.0014250000
      36    37    58    15    0.0000000000
      36    37    64    16    0.0000750000
      36    43    44    16    0.0015750000
      36    43    50    17    0.0003000000
      36    43    51    25    0.0000750000
      36    43    57    26    0.0000000000
      36    43    58    16    0.0000000000
      36    43    64    17    0.0000000000
      36    44    50     7    0.0078000000
      36    44    51    15    0.0019500000
      36    44    57    16    0.0005250000
      36    44    58    24    0.0000000000
      36    44    64    25    0.0000750000
      36    50    51    16    0.0005250000
      36    50    57    17    0.0001500000
      36    50    58    25    0.0000000000
      36    50    64    26    0.0000000000
      36    51    57     7    0.1697250000
      36    51    58    15    0.0042000000
      36    51    64    16    0.0117750000
      36    57    58    16    0.0009000000
      36    57    64    17    0.0014250000
      36    58    64     7    0.0012750000
      36    37    43     7    0.0922500000
      36    37    44    15    0.0024750000
      36    37    50    16    0.0020250000
      36    37    51    24    0.0003750000
      36    37    57    25    0.0026250000
      36    37    58    15    0.6353250000
      36    37    64    16    0.0022500000
      36    43    44    16    0.0133500000
      36    43    50    17    0.0090750000
      36    43    51    25    0.0012750000
      36    43    57    26    0.0052500000
      36    43    58    16    0.0759000000
      36    43    64    17    0.0003000000
      36    44    50     7    0.0318000000
      36    44    51    15    0.0005250000
      36    44    57    16    0.0018000000
      36    44    58    24    0.0022500000
      36    44    64    25    0.0000000000
      36    50    51    16    0.0004500000
      36    50    57    17    0.0016500000
      36    50    58    25    0.0022500000
      36    50    64    26    0.0000000000
      36    51    57     7    0.0633000000
      36    51    58    15    0.0003750000
      36    51    64    16    0.0001500000
      36    57    58    16    0.0025500000
      36    57    64    17    0.0008250000
      36    58    64     7    0.0018000000
      68    69    83    15    0.0002250000
      68    69    84    31    0.0592500000
      68    69    98    32    0.0749250000
      68    69    99    48    0.0000000000
      68    69   113    49    0.0819000000
      68    69   114    31    0.0021750000
      68    69   128    32    0.0168750000
      68    83    84    32    0.0000000000
      68    83    98    33    0.0000750000
      68    83    99    49    0.0000000000
      68    83   113    50    0.0000000000
      68    83   114    32    0.0000000000
      68    83   128    33    0.0000000000
      68    84    98    15    0.0835500000
      68    84    99    31    0.0000000000
      68    84   113    32    0.0292500000
      68    84   114    48    0.0002250000
      68    84   128    49    0.0021000000
      68    98    99    32    0.0000000000
      68    98   113    33    0.0481500000
      68    98   114    49    0.0003750000
      68    98   128    50    0.0029250000
      68    99   113    15    0.0000000000
      68    99   114    31    0.0000000000
      68    99   128    32    0.0000000000
      68   113   114    32    0.0006000000
      68   113   128    33    0.0054000000
      68   114   128    15    0.0012750000
      68    69    83    15    0.1565250000
      68    69    84    31    0.0481500000
      68    69    98    32    0.0005250000
      68    69    99    48    0.1749000000
      68    69   113    49    0.0000000000
      68    69   114    31    0.0000000000
      68    69   128    32    0.0060750000
      68    83    84    32    0.0105000000
      68    83    98    33    0.0000000000
      68    83    99    49    0.0603000000
      68    83   113    50    0.0000000000
      68    83   114    32    0.0000000000
      68    83   128    33    0.0027750000
      68    84    98    15    0.0000000000
      68    84    99    31    0.0672000000
      68    84   113    32    0.0000000000
      68    84   114    48    0.0000000000
      68    84   128    49    0.0021750000
      68    98    99    32    0.0005250000
      68    98   113    33    0.0000000000
      68    98   114    49    0.0000000000
      68    98   128    50    0.0000000000
      68    99   113    15    0.0000750000
      68    99   114    31    0.0000000000
      68    99   128    32    0.0154500000
      68   113   114    32    0.0000000000
      68   113   128    33    0.0000000000
      68   114   128    15    0.0016500000
      68    69    83    15    0.0692250000
      68    69    84    31    0.0000000000
      68    69    98    32    0.0020250000
      68    69    99    48    0.0007500000
      68    69   113    49    0.0002250000
      68    69   114    31    0.0699000000
      68    69   128    32    0.0000000000
      68    83    84    32    0.0000000000
      68    83    98    33    0.0006000000
      68    83    99    49    0.0000750000
      68    83   113    50    0.0000000000
      68    83   114    32    0.0154500000
      68    83   128    33    0.0000000000
      68    84    98    15    0.0016500000
      68    84    99    31    0.0000000000
      68    84   113    32    0.0000000000
      68    84   114    48    0.0000000000
      68    84   128    49    0.0000000000
      68    98    99    32    0.0039000000
      68    98   113    33    0.0024000000
      68    98   114    49    0.0006000000
      68    98   128    50    0.0000000000
      68    99   113    15    0.0093000000
      68    99   114    31    0.0005250000
      68    99   128    32    0.0000000000
      68   113   114    32    0.0001500000
      68   113   128    33    0.0000000000
      68   114   128    15    0.0000000000
      68    69    83    15    0.0003750000
      68    69    84    31    0.0003000000
      68    69    98    32    0.0000750000
      68    69    99    48    0.0000000000
      68    69   113    49    0.0003750000
      68    69   114    31    0.0000000000
      68    69   128    32    0.0001500000
      68    83    84    32    0.0332250000
      68    83    98    33    0.0071250000
      68    83    99    49    0.0010500000
      68    83   113    50    0.0321750000
      68    83   114    32    0.0063750000
      68    83   128    33    0.0344250000
      68    84    98    15    0.1048500000
      68    84    99    31    0.0006750000
      68    84   113    32    0.0249000000
      68    84   114    48    0.0046500000
      68    84   128    49    0.0260250000
      68    98    99    32    0.0001500000
      68    98   113    33    0.0049500000
      68    98   114    49    0.0010500000
      68    98   128    50    0.0047250000
      68    99   113    15    0.0096000000
      68    99   114    31    0.0004500000
      68    99   128    32    0.0038250000
      68   113   114    32    0.0150750000
      68   113   128    33    0.1093500000
      68   114   128    15    0.0290250000
      68    69    83    15    0.0115500000
      68    69    84    31    0.0000000000
      68    69    98    32    0.0000000000
      68    69    99    48    0.0000000000
      68    69   113    49    0.0000000000
      68    69   114    31    0.0000750000
      68    69   128    32    0.0000000000
      68    83    84    32    0.0000000000
      68    83    98    33    0.0000000000
      68    83    99    49    0.0000000000
      68    83   113    50    0.0000000000
      68    83   114    32    0.0000000000
      68    83   128    33    0.0000000000
      68    84    98    15    0.0000750000
      68    84    99    31    0.0000000000
      68    84   113    32    0.0000000000
      68    84   114    48    0.0000000000
      68    84   128    49    0.0000000000
      68    98    99    32    0.0000000000
      68    98   113    33    0.0000000000
      68    98   114    49    0.0000000000
      68    98   128    50    0.0000000000
      68    99   113    15    0.0012000000
      68    99   114    31    0.0000000000
      68    99   128    32    0.0000000000
      68   113   114    32    0.0000000000
      68   113   128    33    0.0000000000
      68   114   128    15    0.0008250000
      68    69    83    15    0.0125250000
      68    69    84    31    0.6223500000
      68    69    98    32    0.0054750000
      68    69    99    48    0.1615500000
      68    69   113    49    0.0015750000
      68    69   114    31    0.0288750000
      68    69   128    32    0.0002250000
      68    83    84    32    0.0103500000
      68    83    98    33    0.0013500000
      68    83    99    49    0.0038250000
      68    83   113    50    0.0000000000
      68    83   114    32    0.0029250000
      68    83   128    33    0.0001500000
      68    84    98    15    0.0062250000
      68    84    99    31    0.2125500000
      68    84   113    32    0.0021000000
      68    84   114    48    0.0195000000
      68    84   128    49    0.0000750000
      68    98    99    32    0.0019500000
      68    98   113    33    0.0000750000
      68    98   114    49    0.0001500000
      68    98   128    50    0.0000000000
      68    99   113    15    0.0064500000
      68    99   114    31    0.0581250000
      68    99   128    32    0.0002250000
      68   113   114    32    0.0007500000
      68   113   128    33    0.0000000000
      68   114   128    15    0.0003750000
      68    69    83    15    0.0014250000
      68    69    84    31    0.0000000000
      68    69    98    32    0.0000000000
      68    69    99    48    0.0000000000
      68    69   113    49    0.0000000000
      68    69   114    31    0.0000000000
      68    69   128    32    0.0000000000
      68    83    84    32    0.0010500000
      68    83    98    33    0.0007500000
      68    83    99    49    0.0019500000
      68    83   113    50    0.0000000000
      68    83   114    32    0.0007500000
      68    83   128    33    0.0002250000
      68    84    98    15    0.0873000000
      68    84    99    31    0.2502750000
      68    84   113    32    0.0000000000
      68    84   114    48    0.0000750000
      68    84   128    49    0.0000000000
      68    98    99    32    0.1028250000
      68    98   113    33    0.0000000000
      68    98   114    49    0.0000000000
      68    98   128    50    0.0000000000
      68    99   113    15    0.0000000000
      68    99   114    31    0.0000750000
      68    99   128    32    0.0000000000
      68   113   114    32    0.0000000000
      68   113   128    33    0.0000000000
      68   114   128    15    0.0003000000
      68    69    83    15    0.0000000000
      68    69    84    31    0.0006750000
      68    69    98    32    0.0013500000
      68    69    99    48    0.0073500000
      68    69   113    49    0.0001500000
      68    69   114    31    0.0500250000
      68    69   128    32    0.0000750000
      68    83    84    32    0.0000000000
      68    83    98    33    0.0000000000
      68    83    99    49    0.0000000000
      68    83   113    50    0.0000000000
      68    83   114    32    0.0000000000
      68    83   128    33    0.0000000000
      68    84    98    15    0.1122750000
      68    84    99    31    0.0246750000
      68    84   113    32    0.0006750000
      68    84   114    48    0.0037500000
      68    84   128    49    0.0000000000
      68    98    99    32    0.0873750000
      68    98   113    33    0.0021750000
      68    98   114    49    0.0133500000
      68    98   128    50    0.0000750000
      68    99   113    15    0.0204000000
      68    99   114    31    0.1128000000
      68    99   128    32    0.0002250000
      68   113   114    32    0.0031500000
      68   113   128    33    0.0000000000
      68   114   128    15    0.0016500000
      68    69    83    15    0.5946750000
      68    69    84    31    0.0083250000
      68    69    98    32    0.0089250000
      68    69    99    48    0.0000750000
      68    69   113    49    0.0000000000
      68    69   114    31    0.0000750000
      68    69   128    32    0.0000750000
      68    83    84    32    0.0087750000
      68    83    98    33    0.0092250000
      68    83    99    49    0.0000750000
      68    83   113    50    0.0000000000
      68    83   114    32    0.0000750000
      68    83   128    33    0.0001500000
      68    84    98    15    0.3474750000
      68    84    99    31    0.0022500000
      68    84   113    32    0.0010500000
      68    84   114    48    0.0000000000
      68    84   128    49    0.0000000000
      68    98    99    32    0.0023250000
      68    98   113    33    0.0009750000
      68    98   114    49    0.0000000000
      68    98   128    50    0.0000000000
      68    99   113    15    0.0003000000
      68    99   114    31    0.0000000000
      68    99   128    32    0.0000000000
      68   113   114    32    0.0000000000
      68   113   128    33    0.0000000000
      68   114   128    15    0.0162750000
      68    69    83    15    0.0000000000
      68    69    84    31    0.0000000000
      68    69    98    32    0.0000000000
      68    69    99    48    0.0000000000
      68    69   113    49    0.0000000000
      68    69   114    31    0.0132000000
      68    69   128    32    0.0000000000
      68    83    84    32    0.0001500000
      68    83    98    33    0.0012750000
      68    83    99    49    0.0000000000
      68    83   113    50    0.0000000000
      68    83   114    32    0.0000750000
      68    83   128    33    0.0000000000
      68    84    98    15    0.0390750000
      68    84    99    31    0.0000000000
      68    84   113    32    0.0000000000
      68    84   114    48    0.0000000000
      68    84   128    49    0.0000000000
      68    98    99    32    0.0002250000
      68    98   113    33    0.0000000000
      68    98   114    49    0.0000000000
      68    98   128    50    0.0000000000
      68    99   113    15    0.0000000000
      68    99   114    31    0.0000000000
      68    99   128    32    0.0000000000
      68   113   114    32    0.0000000000
      68   113   128    33    0.0000000000
      68   114   128    15    0.0001500000
     132   133   163    31    0.0009750000
     132   133   164    63    0.0000000000
     132   133   194    64    0.0000750000
     132   133   195    96    0.0000750000
     132   133   225    97    0.0000000000
     132   133   226    63    0.0002250000
     132   133   256    64    0.0004500000
     132   163   164    64    0.0000750000
     132   163   194    65    0.0120000000
     132   163   195    97    0.0089250000
     132   163   225    98    0.0000000000
     132   163   226    64    0.0417750000
     132   163   256    65    0.0713250000
     132   164   194    31    0.0036000000
     132   164   195    63    0.0000000000
     132   164   225    64    0.0000000000
     132   164   226    96    0.0000750000
     132   164   256    97    0.0002250000
     132   194   195    64    0.0043500000
     132   194   225    65    0.0000000000
     132   194   226    97    0.0093750000
     132   194   256    98    0.0181500000
     132   195   225    31    0.0000000000
     132   195   226    63    0.0175500000
     132   195   256    64    0.0258000000
     132   225   226    64    0.0000000000
     132   225   256    65    0.0000000000
     132   226   256    31    0.1353750000
     132   133   163    31    0.0000000000
     132   133   164    63    0.0267750000
     132   133   194    64    0.0001500000
     132   133   195    96    0.0059250000
     132   133   225    97    0.0012750000
     132   133   226    63    0.0000000000
     132   133   256    64    0.0009000000
     132   163   164    64    0.0000000000
     132   163   194    65    0.0000000000
     132   163   195    97    0.0000000000
     132   163   225    98    0.0000000000
     132   163   226    64    0.0000000000
     132   163   256    65    0.0000000000
     132   164   194    31    0.0030000000
     132   164   195    63    0.0903750000
     132   164   225    64    0.0221250000
     132   164   226    96    0.0000000000
     132   164   256    97    0.0001500000
     132   194   195    64    0.0001500000
     132   194   225    65    0.0000000000
     132   194   226    97    0.0000000000
     132   194   256    98    0.0000000000
     132   195   225    31    0.0153750000
     132   195   226    63    0.0000000000
     132   195   256    64    0.0001500000
     132   225   226    64    0.0000000000
     132   225   256    65    0.0000000000
     132   226   256    31    0.0003750000
     132   133   163    31    0.0035250000
     132   133   164    63    0.0000000000
     132   133   194    64    0.0000000000
     132   133   195    96    0.0000000000
     132   133   225    97    0.0000000000
     132   133   226    63    0.0000000000
     132   133   256    64    0.0003000000
     132   163   164    64    0.0000000000
     132   163   194    65    0.0000000000
     132   163   195    97    0.0000000000
     132   163   225    98    0.0000000000
     132   163   226    64    0.0000000000
     132   163   256    65    0.0000000000
     132   164   194    31    0.0000000000
     132   164   195    63    0.0000000000
     132   164   225    64    0.0003000000
     132   164   226    96    0.0000000000
     132   164   256    97    0.0000750000
     132   194   195    64    0.0000000000
     132   194   225    65    0.0000000000
     132   194   226    97    0.0000000000
     132   194   256    98    0.0000000000
     132   195   225    31    0.0000000000
     132   195   226    63    0.0000000000
     132   195   256    64    0.0000000000
     132   225   226    64    0.0000000000
     132   225   256    65    0.0000000000
     132   226   256    31    0.0036000000
     132   133   163    31    0.0008250000
     132   133   164    63    0.0000000000
     132   133   194    64    0.0001500000
     132   133   195    96    0.0000750000
     132   133   225    97    0.0002250000
     132   133   226    63    0.0022500000
     132   133   256    64    0.0000000000
     132   163   164    64    0.0000000000
     132   163   194    65    0.0000000000
     132   163   195    97    0.0000000000
     132   163   225    98    0.0000000000
     132   163   226    64    0.0000000000
     132   163   256    65    0.0000000000
     132   164   194    31    0.0000000000
     132   164   195    63    0.0000000000
     132   164   225    64    0.0000000000
     132   164   226    96    0.0000000000
     132   164   256    97    0.0000000000
     132   194   195    64    0.0000000000
     132   194   225    65    0.0000000000
     132   194   226    97    0.0000000000
     132   194   256    98    0.0000000000
     132   195   225    31    0.0000000000
     132   195   226    63    0.0000000000
     132   195   256    64    0.0000000000
     132   225   226    64    0.0000000000
     132   225   256    65    0.0000000000
     132   226   256    31    0.0000000000
     132   133   163    31    0.0001500000
     132   133   164    63    0.0002250000
     132   133   194    64    0.0000000000
     132   133   195    96    0.0039000000
     132   133   225    97    0.0000000000
     132   133   226    63    0.0005250000
     132   133   256    64    0.0107250000
     132   163   164    64    0.0000000000
     132   163   194    65    0.0000000000
     132   163   195    97    0.0000000000
     132   163   225    98    0.0000000000
     132   163   226    64    0.0001500000
     132   163   256    65    0.0006000000
     132   164   194    31    0.0001500000
     132   164   195    63    0.0106500000
     132   164   225    64    0.0000000000
     132   164   226    96    0.0001500000
     132   164   256    97    0.0028500000
     132   194   195    64    0.0011250000
     132   194   225    65    0.0000000000
     132   194   226    97    0.0000000000
     132   194   256    98    0.0003000000
     132   195   225    31    0.0000000000
     132   195   226    63    0.0018750000
     132   195   256    64    0.0216750000
     132   225   226    64    0.0000000000
     132   225   256    65    0.0000000000
     132   226   256    31    0.0202500000
     132   133   163    31    0.0879000000
     132   133   164    63    0.2739750000
     132   133   194    64    0.0031500000
     132   133   195    96    0.0102000000
     132   133   225    97    0.1165500000
     132   133   226    63    0.4191000000
     132   133   256    64    0.0006000000
     132   163   164    64    0.0621000000
     132   163   194    65    0.0006750000
     132   163   195    97    0.0019500000
     132   163   225    98    0.0273750000
     132   163   226    64    0.1183500000
     132   163   256    65    0.0001500000
     132   164   194    31    0.0034500000
     132   164   195    63    0.0129750000
     132   164   225    64    0.0774000000
     132   164   226    96    0.1325250000
     132   164   256    97    0.0001500000
     132   194   195    64    0.0007500000
     132   194   225    65    0.0032250000
     132   194   226    97    0.0012750000
     132   194   256    98    0.0000000000
     132   195   225    31    0.0216750000
     132   195   226    63    0.0050250000
     132   195   256    64    0.0000000000
     132   225   226    64    0.0617250000
     132   225   256    65    0.0006750000
     132   226   256    31    0.0005250000
     132   133   163    31    0.0014250000
     132   133   164    63    0.0166500000
     132   133   194    64    0.0026250000
     132   133   195    96    0.0000000000
     132   133   225    97    0.0000000000
     132   133   226    63    0.0000000000
     132   133   256    64    0.0021000000
     132   163   164    64    0.0001500000
     132   163   194    65    0.0000000000
     132   163   195    97    0.0000000000
     132   163   225    98    0.0000000000
     132   163   226    64    0.0000000000
     132   163   256    65    0.0000000000
     132   164   194    31    0.0036000000
     132   164   195    63    0.0000000000
     132   164   225    64    0.0000000000
     132   164   226    96    0.0000000000
     132   164   256    97    0.0000000000
     132   194   195    64    0.0000000000
     132   194   225    65    0.0000000000
     132   194   226    97    0.0000000000
     132   194   256    98    0.0000000000
     132   195   225    31    0.0057750000
     132   195   226    63    0.0001500000
     132   195   256    64    0.0130500000
     132   225   226    64    0.0000000000
     132   225   256    65    0.0010500000
     132   226   256    31    0.0059250000
     132   133   163    31    0.0012000000
     132   133   164    63    0.0000000000
     132   133   194    64    0.0000750000
     132   133   195    96    0.0210750000
     132   133   225    97    0.0000000000
     132   133   226    63    0.0003000000
     132   133   256    64    0.0098250000
     132   163   164    64    0.0000000000
     132   163   194    65    0.0000000000
     132   163   195    97    0.0000750000
     132   163   225    98    0.0000000000
     132   163   226    64    0.0000000000
     132   163   256    65    0.0000750000
     132   164   194    31    0.0000000000
     132   164   195    63    0.0000000000
     132   164   225    64    0.0000000000
     132   164   226    96    0.0000000000
     132   164   256    97    0.0000000000
     132   194   195    64    0.0000000000
     132   194   225    65    0.0000000000
     132   194   226    97    0.0000000000
     132   194   256    98    0.0000000000
     132   195   225    31    0.0000000000
     132   195   226    63    0.0044250000
     132   195   256    64    0.0740250000
     132   225   226    64    0.0000000000
     132   225   256    65    0.0000000000
     132   226   256    31    0.0034500000
     132   133   163    31    0.0000000000
     132   133   164    63    0.0000000000
     132   133   194    64    0.0000000000
     132   133   195    96    0.0000000000
     132   133   225    97    0.0000000000
     132   133   226    63    0.0000000000
     132   133   256    64    0.0000000000
     132   163   164    64    0.0000000000
     132   163   194    65    0.0000000000
     132   163   195    97    0.0000000000
     132   163   225    98    0.0000000000
     132   163   226    64    0.0000000000
     132   163   256    65    0.0000000000
     132   164   194    31    0.0007500000
     132   164   195    63    0.0000000000
     132   164   225    64    0.0000000000
     132   164   226    96    0.0000000000
     132   164   256    97    0.0000000000
     132   194   195    64    0.0000000000
     132   194   225    65    0.0000000000
     132   194   226    97    0.0000000000
     132   194   256    98    0.0000000000
     132   195   225    31    0.0000000000
     132   195   226    63    0.0000750000
     132   195   256    64    0.0013500000
     132   225   226    64    0.0000000000
     132   225   256    65    0.0000000000
     132   226   256    31    0.0027000000
     132   133   163    31    0.0000000000
     132   133   164    63    0.0000000000
     132   133   194    64    0.0000000000
     132   133   195    96    0.0003000000
     132   133   225    97    0.0003000000
     132   133   226    63    0.0006000000
     132   133   256    64    0.0000750000
     132   163   164    64    0.0000000000
     132   163   194    65    0.0000000000
     132   163   195    97    0.0000000000
     132   163   225    98    0.0000750000
     132   163   226    64    0.0000000000
     132   163   256    65    0.0000000000
     132   164   194    31    0.0003000000
     132   164   195    63    0.0000000000
     132   164   225    64    0.0000000000
     132   164   226    96    0.0000000000
     132   164   256    97    0.0000000000
     132   194   195    64    0.0017250000
     132   194   225    65    0.0021750000
     132   194   226    97    0.0000000000
     132   194   256    98    0.0000000000
     132   195   225    31    0.5295000000
     132   195   226    63    0.0025500000
     132   195   256    64    0.0008250000
     132   225   226    64    0.0036000000
     132   225   256    65    0.0009000000
     132   226   256    31    0.0014250000
     196   197   243    47    0.0004500000
     196   197   244    95    0.0000000000
     196   197   290    96    0.0000000000
     196   197   291   144    0.0000000000
     196   197   337   145    0.0000750000
     196   197   338    95    0.0000750000
     196   197   384    96    0.0000000000
     196   243   244    96    0.0000000000
     196   243   290    97    0.0000000000
     196   243   291   145    0.0000000000
     196   243   337   146    0.0000000000
     196   243   338    96    0.0000000000
     196   243   384    97    0.0000000000
     196   244   290    47    0.0000000000
     196   244   291    95    0.0000000000
     196   244   337    96    0.0000000000
     196   244   338   144    0.0000000000
     196   244   384   145    0.0000000000
     196   290   291    96    0.0000000000
     196   290   337    97    0.0000000000
     196   290   338   145    0.0000000000
     196   290   384   146    0.0000000000
     196   291   337    47    0.0021750000
     196   291   338    95    0.0000750000
     196   291   384    96    0.0001500000
     196   337   338    96    0.0001500000
     196   337   384    97    0.0033750000
     196   338   384    47    0.0006750000
     196   197   243    47    0.0000000000
     196   197   244    95    0.0000000000
     196   197   290    96    0.0000000000
     196   197   291   144    0.0000000000
     196   197   337   145    0.0000750000
     196   197   338    95    0.0000000000
     196   197   384    96    0.0000000000
     196   243   244    96    0.0000750000
     196   243   290    97    0.0000000000
     196   243   291   145    0.0000000000
     196   243   337   146    0.0000750000
     196   243   338    96    0.0000000000
     196   243   384    97    0.0000000000
     196   244   290    47    0.0000000000
     196   244   291    95    0.0002250000
     196   244   337    96    0.0066750000
     196   244   338   144    0.0000000000
     196   244   384   145    0.0000000000
     196   290   291    96    0.0000000000
     196   290   337    97    0.0000000000
     196   290   338   145    0.0000000000
     196   290   384   146    0.0000000000
     196   291   337    47    0.0023250000
     196   291   338    95    0.0000000000
     196   291   384    96    0.0000000000
     196   337   338    96    0.0000000000
     196   337   384    97    0.0000000000
     196   338   384    47    0.0000000000
     196   197   243    47    0.0023250000
     196   197   244    95    0.0000000000
     196   197   290    96    0.0000000000
     196   197   291   144    0.0000000000
     196   197   337   145    0.0000000000
     196   197   338    95    0.0012000000
     196   197   384    96    0.0001500000
     196   243   244    96    0.0000000000
     196   243   290    97    0.0000000000
     196   243   291   145    0.0000000000
     196   243   337   146    0.0000000000
     196   243   338    96    0.0000000000
     196   243   384    97    0.0000000000
     196   244   290    47    0.0000000000
     196   244   291    95    0.0000000000
     196   244   337    96    0.0000000000
     196   244   338   144    0.0000000000
     196   244   384   145    0.0000000000
     196   290   291    96    0.0000000000
     196   290   337    97    0.0000000000
     196   290   338   145    0.0000000000
     196   290   384   146    0.0000000000
     196   291   337    47    0.0000000000
     196   291   338    95    0.0000000000
     196   291   384    96    0.0000000000
     196   337   338    96    0.0000000000
     196   337   384    97    0.0000000000
     196   338   384    47    0.0000000000
     196   197   243    47    0.0000000000
     196   197   244    95    0.0000000000
     196   197   290    96    0.0000000000
     196   197   291   144    0.0000000000
     196   197   337   145    0.0000000000
     196   197   338    95    0.0000000000
     196   197   384    96    0.0000000000
     196   243   244    96    0.0000000000
     196   243   290    97    0.0000000000
     196   243   291   145    0.0000000000
     196   243   337   146    0.0000000000
     196   243   338    96    0.0000000000
     196   243   384    97    0.0000000000
     196   244   290    47    0.0258000000
     196   244   291    95    0.0882000000
     196   244   337    96    0.0076500000
     196   244   338   144    0.0000000000
     196   244   384   145    0.0000000000
     196   290   291    96    0.0027750000
     196   290   337    97    0.0004500000
     196   290   338   145    0.0000000000
     196   290   384   146    0.0000000000
     196   291   337    47    0.0675000000
     196   291   338    95    0.0000000000
     196   291   384    96    0.0004500000
     196   337   338    96    0.0000000000
     196   337   384    97    0.0001500000
     196   338   384    47    0.0017250000
     196   197   243    47    0.0000000000
     196   197   244    95    0.0000000000
     196   197   290    96    0.0005250000
     196   197   291   144    0.0000000000
     196   197   337   145    0.0000000000
     196   197   338    95    0.0000000000
     196   197   384    96    0.0000000000
     196   243   244    96    0.0000000000
     196   243   290    97    0.0000000000
     196   243   291   145    0.0000000000
     196   243   337   146    0.0000000000
     196   243   338    96    0.0000000000
     196   243   384    97    0.0000000000
     196   244   290    47    0.0000000000
     196   244   291    95    0.0000000000
     196   244   337    96    0.0000000000
     196   244   338   144    0.0000000000
     196   244   384   145    0.0000000000
     196   290   291    96    0.0000000000
     196   290   337    97    0.0000000000
     196   290   338   145    0.0000000000
     196   290   384   146    0.0000000000
     196   291   337    47    0.0000000000
     196   291   338    95    0.0000000000
     196   291   384    96    0.0000000000
     196   337   338    96    0.0000000000
     196   337   384    97    0.0000000000
     196   338   384    47    0.0000000000
     196   197   243    47    0.0009000000
     196   197   244    95    0.0000000000
     196   197   290    96    0.0003000000
     196   197   291   144    0.0000000000
     196   197   337   145    0.0000000000
     196   197   338    95    0.0000000000
     196   197   384    96    0.0000000000
     196   243   244    96    0.0000000000
     196   243   290    97    0.0000000000
     196   243   291   145    0.0000000000
     196   243   337   146    0.0000000000
     196   243   338    96    0.0000000000
     196   243   384    97    0.0000000000
     196   244   290    47    0.0000000000
     196   244   291    95    0.0000000000
     196   244   337    96    0.0000000000
     196   244   338   144    0.0000000000
     196   244   384   145    0.0000000000
     196   290   291    96    0.0000000000
     196   290   337    97    0.0000000000
     196   290   338   145    0.0000000000
     196   290   384   146    0.0000000000
     196   291   337    47    0.0000000000
     196   291   338    95    0.0000000000
     196   291   384    96    0.0000000000
     196   337   338    96    0.0000000000
     196   337   384    97    0.0000000000
     196   338   384    47    0.0000000000
     196   197   243    47    0.0074250000
     196   197   244    95    0.0015000000
     196   197   290    96    0.0004500000
     196   197   291   144    0.0000000000
     196   197   337   145    0.0012750000
     196   197   338    95    0.0057750000
     196   197   384    96    0.0017250000
     196   243   244    96    0.0045000000
     196   243   290    97    0.0012000000
     196   243   291   145    0.0000000000
     196   243   337   146    0.0000000000
     196   243   338    96    0.0005250000
     196   243   384    97    0.0000750000
     196   244   290    47    0.0057000000
     196   244   291    95    0.0000000000
     196   244   337    96    0.0000750000
     196   244   338   144    0.0000000000
     196   244   384   145    0.0000000000
     196   290   291    96    0.0000000000
     196   290   337    97    0.0000000000
     196   290   338   145    0.0000000000
     196   290   384   146    0.0000000000
     196   291   337    47    0.0005250000
     196   291   338    95    0.0000000000
     196   291   384    96    0.0000000000
     196   337   338    96    0.0000750000
     196   337   384    97    0.0000000000
     196   338   384    47    0.0001500000
     196   197   243    47    0.0000000000
     196   197   244    95    0.0000750000
     196   197   290    96    0.0000750000
     196   197   291   144    0.0000000000
     196   197   337   145    0.0000000000
     196   197   338    95    0.0000000000
     196   197   384    96    0.0000000000
     196   243   244    96    0.0000750000
     196   243   290    97    0.0000750000
     196   243   291   145    0.0000000000
     196   243   337   146    0.0000000000
     196   243   338    96    0.0000000000
     196   243   384    97    0.0000750000
     196   244   290    47    0.4656000000
     196   244   291    95    0.0284250000
     196   244   337    96    0.0009000000
     196   244   338   144    0.0006750000
     196   244   384   145    0.0037500000
     196   290   291    96    0.0120750000
     196   290   337    97    0.0006000000
     196   290   338   145    0.0004500000
     196   290   384   146    0.0024750000
     196   291   337    47    0.0012000000
     196   291   338    95    0.0018000000
     196   291   384    96    0.0076500000
     196   337   338    96    0.0002250000
     196   337   384    97    0.0001500000
     196   338   384    47    0.0022500000
     196   197   243    47    0.0000000000
     196   197   244    95    0.0000000000
     196   197   290    96    0.0000000000
     196   197   291   144    0.0021000000
     196   197   337   145    0.0000000000
     196   197   338    95    0.0029250000
     196   197   384    96    0.0002250000
     196   243   244    96    0.0000000000
     196   243   290    97    0.0000000000
     196   243   291   145    0.0000750000
     196   243   337   146    0.0000000000
     196   243   338    96    0.0000000000
     196   243   384    97    0.0000000000
     196   244   290    47    0.0000000000
     196   244   291    95    0.0000000000
     196   244   337    96    0.0000000000
     196   244   338   144    0.0000000000
     196   244   384   145    0.0000000000
     196   290   291    96    0.0000000000
     196   290   337    97    0.0000000000
     196   290   338   145    0.0000000000
     196   290   384   146    0.0000000000
     196   291   337    47    0.0132000000
     196   291   338    95    0.2399250000
     196   291   384    96    0.0598500000
     196   337   338    96    0.0049500000
     196   337   384    97    0.0009000000
     196   338   384    47    0.0232500000
     196   197   243    47    0.0293250000
     196   197   244    95    0.0065250000
     196   197   290    96    0.0002250000
     196   197   291   144    0.0000000000
     196   197   337   145    0.0000000000
     196   197   338    95    0.0000000000
     196   197   384    96    0.0003750000
     196   243   244    96    0.0546750000
     196   243   290    97    0.0010500000
     196   243   291   145    0.0000000000
     196   243   337   146    0.0000000000
     196   243   338    96    0.0005250000
     196   243   384    97    0.0048750000
     196   244   290    47    0.0065250000
     196   244   291    95    0.0000000000
     196   244   337    96    0.0000000000
     196   244   338   144    0.0003000000
     196   244   384   145    0.0014250000
     196   290   291    96    0.0000000000
     196   290   337    97    0.0000000000
     196   290   338   145    0.0000000000
     196   290   384   146    0.0000000000
     196   291   337    47    0.0000000000
     196   291   338    95    0.0000000000
     196   291   384    96    0.0000000000
     196   337   338    96    0.0000000000
     196   337   384    97    0.0000000000
     196   338   384    47    0.0061500000
     260   261   323    63    0.0000000000
     260   261   324   127    0.0000000000
     260   261   386   128    0.0000000000
     260   261   387   192    0.0000000000
     260   261   449   193    0.0000000000
     260   261   450   127    0.0000000000
     260   261   512   128    0.0000000000
     260   323   324   128    0.0000000000
     260   323   386   129    0.0000000000
     260   323   387   193    0.0000000000
     260   323   449   194    0.0000000000
     260   323   450   128    0.0001500000
     260   323   512   129    0.0000000000
     260   324   386    63    0.0000000000
     260   324   387   127    0.0000000000
     260   324   449   128    0.0000000000
     260   324   450   192    0.0000000000
     260   324   512   193    0.0000000000
     260   386   387   128    0.0000000000
     260   386   449   129    0.0000000000
     260   386   450   193    0.0000000000
     260   386   512   194    0.0000000000
     260   387   449    63    0.0000000000
     260   387   450   127    0.0000000000
     260   387   512   128    0.0000000000
     260   449   450   128    0.0000000000
     260   449   512   129    0.0000000000
     260   450   512    63    0.0000000000
     260   261   323    63    0.0012000000
     260   261   324   127    0.0000000000
     260   261   386   128    0.0000000000
     260   261   387   192    0.0000000000
     260   261   449   193    0.0000000000
     260   261   450   127    0.0000000000
     260   261   512   128    0.0000000000
     260   323   324   128    0.0000000000
     260   323   386   129    0.0000000000
     260   323   387   193    0.0000000000
     260   323   449   194    0.0000000000
     260   323   450   128    0.0000000000
     260   323   512   129    0.0000000000
     260   324   386    63    0.0000000000
     260   324   387   127    0.0000000000
     260   324   449   128    0.0000000000
     260   324   450   192    0.0000000000
     260   324   512   193    0.0000000000
     260   386   387   128    0.0000000000
     260   386   449   129    0.0000000000
     260   386   450   193    0.0000000000
     260   386   512   194    0.0000000000
     260   387   449    63    0.0000000000
     260   387   450   127    0.0000000000
     260   387   512   128    0.0000000000
     260   449   450   128    0.0000000000
     260   449   512   129    0.0000000000
     260   450   512    63    0.0000000000
     260   261   323    63    0.0000000000
     260   261   324   127    0.0000000000
     260   261   386   128    0.0000000000
     260   261   387   192    0.0000000000
     260   261   449   193    0.0000000000
     260   261   450   127    0.0000000000
     260   261   512   128    0.0000000000
     260   323   324   128    0.0000000000
     260   323   386   129    0.0000000000
     260   323   387   193    0.0000000000
     260   323   449   194    0.0000000000
     260   323   450   128    0.0000000000
     260   323   512   129    0.0000000000
     260   324   386    63    0.0000000000
     260   324   387   127    0.0000000000
     260   324   449   128    0.0000000000
     260   324   450   192    0.0000000000
     260   324   512   193    0.0000000000
     260   386   387   128    0.0000000000
     260   386   449   129    0.0000000000
     260   386   450   193    0.0000000000
     260   386   512   194    0.0000000000
     260   387   449    63    0.0000000000
     260   387   450   127    0.0000000000
     260   387   512   128    0.0000000000
     260   449   450   128    0.0000000000
     260   449   512   129    0.0000000000
     260   450   512    63    0.0000000000
     260   261   323    63    0.0000000000
     260   261   324   127    0.0000000000
     260   261   386   128    0.0000000000
     260   261   387   192    0.0000000000
     260   261   449   193    0.0000000000
     260   261   450   127    0.0000000000
     260   261   512   128    0.0000000000
     260   323   324   128    0.0000000000
     260   323   386   129    0.0000000000
     260   323   387   193    0.0000000000
     260   323   449   194    0.0000000000
     260   323   450   128    0.0000000000
     260   323   512   129    0.0000000000
     260   324   386    63    0.0000000000
     260   324   387   127    0.0000000000
     260   324   449   128    0.0000000000
     260   324   450   192    0.0000000000
     260   324   512   193    0.0000000000
     260   386   387   128    0.0000000000
     260   386   449   129    0.0000000000
     260   386   450   193    0.0000000000
     260   386   512   194    0.0000000000
     260   387   449    63    0.0000750000
     260   387   450   127    0.0000000000
     260   387   512   128    0.0091500000
     260   449   450   128    0.0000000000
     260   449   512   129    0.0000000000
     260   450   512    63    0.0000000000
     260   261   323    63    0.0000000000
     260   261   324   127    0.0000000000
     260   261   386   128    0.0000000000
     260   261   387   192    0.0000000000
     260   261   449   193    0.0000000000
     260   261   450   127    0.0000000000
     260   261   512   128    0.0000000000
     260   323   324   128    0.0000000000
     260   323   386   129    0.0000000000
     260   323   387   193    0.0000000000
     260   323   449   194    0.0000000000
     260   323   450   128    0.0000000000
     260   323   512   129    0.0000000000
     260   324   386    63    0.0000000000
     260   324   387   127    0.0000000000
     260   324   449   128    0.0003000000
     260   324   450   192    0.0000000000
     260   324   512   193    0.0000000000
     260   386   387   128    0.0000000000
     260   386   449   129    0.0000000000
     260   386   450   193    0.0000000000
     260   386   512   194    0.0000000000
     260   387   449    63    0.0201000000
     260   387   450   127    0.0000000000
     260   387   512   128    0.0000000000
     260   449   450   128    0.0000000000
     260   449   512   129    0.0000000000
     260   450   512    63    0.0000000000
     260   261   323    63    0.0000000000
     260   261   324   127    0.0000000000
     260   261   386   128    0.0000000000
     260   261   387   192    0.0000000000
     260   261   449   193    0.0000000000
     260   261   450   127    0.0000000000
     260   261   512   128    0.0000000000
     260   323   324   128    0.0000000000
     260   323   386   129    0.0000000000
     260   323   387   193    0.0000000000
     260   323   449   194    0.0000000000
     260   323   450   128    0.0000750000
     260   323   512   129    0.0000000000
     260   324   386    63    0.0000750000
     260   324   387   127    0.0000000000
     260   324   449   128    0.0000000000
     260   324   450   192    0.0000000000
     260   324   512   193    0.0000000000
     260   386   387   128    0.0000000000
     260   386   449   129    0.0000000000
     260   386   450   193    0.0000000000
     260   386   512   194    0.0000000000
     260   387   449    63    0.0000000000
     260   387   450   127    0.0000750000
     260   387   512   128    0.0003750000
     260   449   450   128    0.0000000000
     260   449   512   129    0.0000000000
     260   450   512    63    0.0001500000
     260   261   323    63    0.0000000000
     260   261   324   127    0.0000000000
     260   261   386   128    0.0000000000
     260   261   387   192    0.0000000000
     260   261   449   193    0.0000000000
     260   261   450   127    0.0000000000
     260   261   512   128    0.0000000000
     260   323   324   128    0.0000000000
     260   323   386   129    0.0000000000
     260   323   387   193    0.0000000000
     260   323   449   194    0.0000000000
     260   323   450   128    0.0000000000
     260   323   512   129    0.0000000000
     260   324   386    63    0.0000000000
     260   324   387   127    0.0000000000
     260   324   449   128    0.0000000000
     260   324   450   192    0.0000000000
     260   324   512   193    0.0000000000
     260   386   387   128    0.0000000000
     260   386   449   129    0.0000000000
     260   386   450   193    0.0000000000
     260   386   512   194    0.0000000000
     260   387   449    63    0.0000000000
     260   387   450   127    0.0000000000
     260   387   512   128    0.0000000000
     260   449   450   128    0.0000000000
     260   449   512   129    0.0000000000
     260   450   512    63    0.0000000000
     260   261   323    63    0.0112500000
     260   261   324   127    0.0000000000
     260   261   386   128    0.0000000000
     260   261   387   192    0.0000000000
     260   261   449   193    0.0000000000
     260   261   450   127    0.0000000000
     260   261   512   128    0.0000000000
     260   323   324   128    0.0000000000
     260   323   386   129    0.0000000000
     260   323   387   193    0.0000000000
     260   323   449   194    0.0000000000
     260   323   450   128    0.0000000000
     260   323   512   129    0.0000000000
     260   324   386    63    0.0000000000
     260   324   387   127    0.0000000000
     260   324   449   128    0.0000000000
     260   324   450   192    0.0000000000
     260   324   512   193    0.0000000000
     260   386   387   128    0.0000000000
     260   386   449   129    0.0000000000
     260   386   450   193    0.0000000000
     260   386   512   194    0.0000000000
     260   387   449    63    0.0000000000
     260   387   450   127    0.0000000000
     260   387   512   128    0.0000000000
     260   449   450   128    0.0000000000
     260   449   512   129    0.0000000000
     260   450   512    63    0.0000000000
     260   261   323    63    0.0000000000
     260   261   324   127    0.0000000000
     260   261   386   128    0.0000000000
     260   261   387   192    0.0000000000
     260   261   449   193    0.0000000000
     260   261   450   127    0.0000000000
     260   261   512   128    0.0000000000
     260   323   324   128    0.0000000000
     260   323   386   129    0.0000000000
     260   323   387   193    0.0000000000
     260   323   449   194    0.0000000000
     260   323   450   128    0.0000000000
     260   323   512   129    0.0000000000
     260   324   386    63    0.0000000000
     260   324   387   127    0.0000000000
     260   324   449   128    0.0000000000
     260   324   450   192    0.0000000000
     260   324   512   193    0.0000000000
     260   386   387   128    0.0000000000
     260   386   449   129    0.0000000000
     260   386   450   193    0.0000000000
     260   386   512   194    0.0000000000
     260   387   449    63    0.0000000000
     260   387   450   127    0.0000000000
     260   387   512   128    0.0000000000
     260   449   450   128    0.0000000000
     260   449   512   129    0.0000000000
     260   450   512    63    0.0000000000
     260   261   323    63    0.0000000000
     260   261   324   127    0.0000000000
     260   261   386   128    0.0000000000
     260   261   387   192    0.0000000000
     260   261   449   193    0.0000000000
     260   261   450   127    0.0014250000
     260   261   512   128    0.0269250000
     260   323   324   128    0.0000000000
     260   323   386   129    0.0000000000
     260   323   387   193    0.0000000000
     260   323   449   194    0.0000000000
     260   323   450   128    0.0000000000
     260   323   512   129    0.0000000000
     260   324   386    63    0.0000000000
     260   324   387   127    0.0000000000
     260   324   449   128    0.0000000000
     260   324   450   192    0.0000000000
     260   324   512   193    0.0000000000
     260   386   387   128    0.0000000000
     260   386   449   129    0.0000000000
     260   386   450   193    0.0000000000
     260   386   512   194    0.0000000000
     260   387   449    63    0.0000000000
     260   387   450   127    0.0000000000
     260   387   512   128    0.0000000000
     260   449   450   128    0.0000000000
     260   449   512   129    0.0000000000
     260   450   512    63    0.0025500000
     260   261   323    63    0.0000750000
     260   261   324   127    0.0000000000
     260   261   386   128    0.0000000000
     260   261   387   192    0.0000000000
     260   261   449   193    0.0000000000
     260   261   450   127    0.0000000000
     260   261   512   128    0.0000000000
     260   323   324   128    0.0000000000
     260   323   386   129    0.0000000000
     260   323   387   193    0.0000000000
     260   323   449   194    0.0000000000
     260   323   450   128    0.0000000000
     260   323   512   129    0.0000000000
     260   324   386    63    0.0035250000
     260   324   387   127    0.0016500000
     260   324   449   128    0.0000000000
     260   324   450   192    0.0653250000
     260   324   512   193    0.0000000000
     260   386   387   128    0.0000750000
     260   386   449   129    0.0000000000
     260   386   450   193    0.0006000000
     260   386   512   194    0.0000000000
     260   387   449    63    0.0000000000
     260   387   450   127    0.0002250000
     260   387   512   128    0.0000000000
     260   449   450   128    0.0000000000
     260   449   512   129    0.0000000000
     260   450   512    63    0.0000000000
     260   261   323    63    0.0000000000
     260   261   324   127    0.0000750000
     260   261   386   128    0.0001500000
     260   261   387   192    0.0000000000
     260   261   449   193    0.0000000000
     260   261   450   127    0.0000000000
     260   261   512   128    0.0000000000
     260   323   324   128    0.0000000000
     260   323   386   129    0.0000000000
     260   323   387   193    0.0000000000
     260   323   449   194    0.0000000000
     260   323   450   128    0.0000000000
     260   323   512   129    0.0000000000
     260   324   386    63    0.0523500000
     260   324   387   127    0.0005250000
     260   324   449   128    0.0000000000
     260   324   450   192    0.0000000000
     260   324   512   193    0.0000000000
     260   386   387   128    0.0001500000
     260   386   449   129    0.0000000000
     260   386   450   193    0.0000000000
     260   386   512   194    0.0000000000
     260   387   449    63    0.0000000000
     260   387   450   127    0.0000000000
     260   387   512   128    0.0000000000
     260   449   450   128    0.0000000000
     260   449   512   129    0.0000000000
     260   450   512    63    0.0000000000
     260   261   323    63    0.0000000000
     260   261   324   127    0.0000000000
     260   261   386   128    0.0000000000
     260   261   387   192    0.0000000000
     260   261   449   193    0.0000000000
     260   261   450   127    0.0000000000
     260   261   512   128    0.0000000000
     260   323   324   128    0.0000000000
     260   323   386   129    0.0000000000
     260   323   387   193    0.0000000000
     260   323   449   194    0.0000000000
     260   323   450   128    0.0000000000
     260   323   512   129    0.0000000000
     260   324   386    63    0.0000000000
     260   324   387   127    0.0000000000
     260   324   449   128    0.0000000000
     260   324   450   192    0.0000000000
     260   324   512   193    0.0000000000
     260   386   387   128    0.0000000000
     260   386   449   129    0.0000000000
     260   386   450   193    0.0000000000
     260   386   512   194    0.0000000000
     260   387   449    63    0.0000000000
     260   387   450   127    0.0000000000
     260   387   512   128    0.0000000000
     260   449   450   128    0.0000000000
     260   449   512   129    0.0000000000
     260   450   512    63    0.0000000000
     260   261   323    63    0.0031500000
     260   261   324   127    0.0002250000
     260   261   386   128    0.0000000000
     260   261   387   192    0.0000000000
     260   261   449   193    0.0000000000
     260   261   450   127    0.0000000000
     260   261   512   128    0.0000000000
     260   323   324   128    0.0000750000
     260   323   386   129    0.0000000000
     260   323   387   193    0.0000000000
     260   323   449   194    0.0000000000
     260   323   450   128    0.0000000000
     260   323   512   129    0.0000000000
     260   324   386    63    0.0000000000
     260   324   387   127    0.0013500000
     260   324   449   128    0.0003750000
     260   324   450   192    0.0002250000
     260   324   512   193    0.0000000000
     260   386   387   128    0.0000000000
     260   386   449   129    0.0000000000
     260   386   450   193    0.0000000000
     260   386   512   194    0.0000000000
     260   387   449    63    0.0000000000
     260   387   450   127    0.0000000000
     260   387   512   128    0.0000000000
     260   449   450   128    0.0000000000
     260   449   512   129    0.0000000000
     260   450   512    63    0.0000000000
