      36    37    43     7    0.0964500000
      36    37    44    15    0.0007500000
      36    37    50    16    0.0015000000
      36    37    51    24    0.1004250000
      36    37    57    25    0.0139500000
      36    37    58    15    0.0996750000
      36    37    64    16    0.0429750000
      36    43    44    16    0.0003000000
      36    43    50    17    0.0006750000
      36    43    51    25    0.0404250000
      36    43    57    26    0.0058500000
      36    43    58    16    0.0396000000
      36    43    64    17    0.0176250000
      36    44    50     7    0.3297750000
      36    44    51    15    0.0009000000
      36    44    57    16    0.0002250000
      36    44    58    24    0.0006750000
      36    44    64    25    0.0004500000
      36    50    51    16    0.0018750000
      36    50    57    17    0.0008250000
      36    50    58    25    0.0015750000
      36    50    64    26    0.0009000000
      36    51    57     7    0.1091250000
      36    51    58    15    0.3230250000
      36    51    64    16    0.1013250000
      36    57    58    16    0.0456000000
      36    57    64    17    0.0153750000
      36    58    64     7    0.1120500000
      36    37    43     7    0.1419000000
      36    37    44    15    0.0686250000
      36    37    50    16    0.0018750000
      36    37    51    24    0.0028500000
      36    37    57    25    0.0007500000
      36    37    58    15    0.0102000000
      36    37    64    16    0.0015000000
      36    43    44    16    0.0398250000
      36    43    50    17    0.0008250000
      36    43    51    25    0.0021750000
      36    43    57    26    0.0006750000
      36    43    58    16    0.0057000000
      36    43    64    17    0.0009000000
      36    44    50     7    0.0171000000
      36    44    51    15    0.0170250000
      36    44    57    16    0.0056250000
      36    44    58    24    0.0054750000
      36    44    64    25    0.0013500000
      36    50    51    16    0.0009750000
      36    50    57    17    0.0004500000
      36    50    58    25    0.0001500000
      36    50    64    26    0.0000000000
      36    51    57     7    0.2596500000
      36    51    58    15    0.0136500000
      36    51    64    16    0.0019500000
      36    57    58    16    0.0055500000
      36    57    64    17    0.0012000000
      36    58    64     7    0.0558750000
      36    37    43     7    0.0019500000
      36    37    44    15    0.0000000000
      36    37    50    16    0.0000000000
      36    37    51    24    0.0000000000
      36    37    57    25    0.0000000000
      36    37    58    15    0.0004500000
      36    37    64    16    0.0004500000
      36    43    44    16    0.0000000000
      36    43    50    17    0.0000000000
      36    43    51    25    0.0000000000
      36    43    57    26    0.0000000000
      36    43    58    16    0.0003000000
      36    43    64    17    0.0003000000
      36    44    50     7    0.0911250000
      36    44    51    15    0.5602500000
      36    44    57    16    0.1497000000
      36    44    58    24    0.0060000000
      36    44    64    25    0.0065250000
      36    50    51    16    0.0635250000
      36    50    57    17    0.0141750000
      36    50    58    25    0.0005250000
      36    50    64    26    0.0005250000
      36    51    57     7    0.1788000000
      36    51    58    15    0.0053250000
      36    51    64    16    0.0057750000
      36    57    58    16    0.0048750000
      36    57    64    17    0.0048000000
      36    58    64     7    0.6227250000
      36    37    43     7    0.0647250000
      36    37    44    15    0.0004500000
      36    37    50    16    0.0006000000
      36    37    51    24    0.0104250000
      36    37    57    25    0.0064500000
      36    37    58    15    0.1473000000
      36    37    64    16    0.0066000000
      36    43    44    16    0.0003000000
      36    43    50    17    0.0005250000
      36    43    51    25    0.0051000000
      36    43    57    26    0.0022500000
      36    43    58    16    0.0557250000
      36    43    64    17    0.0023250000
      36    44    50     7    0.2669250000
      36    44    51    15    0.0015000000
      36    44    57    16    0.0006750000
      36    44    58    24    0.0002250000
      36    44    64    25    0.0000000000
      36    50    51    16    0.0028500000
      36    50    57    17    0.0015000000
      36    50    58    25    0.0007500000
      36    50    64    26    0.0000000000
      36    51    57     7    0.4233000000
      36    51    58    15    0.0217500000
      36    51    64    16    0.0017250000
      36    57    58    16    0.0130500000
      36    57    64    17    0.0010500000
      36    58    64     7    0.0121500000
      36    37    43     7    0.0628500000
      36    37    44    15    0.0283500000
      36    37    50    16    0.0960750000
      36    37    51    24    0.0722250000
      36    37    57    25    0.0007500000
      36    37    58    15    0.0861000000
      36    37    64    16    0.0005250000
      36    43    44    16    0.0061500000
      36    43    50    17    0.0230250000
      36    43    51    25    0.0169500000
      36    43    57    26    0.0000750000
      36    43    58    16    0.0177750000
      36    43    64    17    0.0003750000
      36    44    50     7    0.0510000000
      36    44    51    15    0.0074250000
      36    44    57    16    0.0000750000
      36    44    58    24    0.0072000000
      36    44    64    25    0.0000750000
      36    50    51    16    0.0249750000
      36    50    57    17    0.0003000000
      36    50    58    25    0.0240750000
      36    50    64    26    0.0000000000
      36    51    57     7    0.0029250000
      36    51    58    15    0.6849000000
      36    51    64    16    0.0010500000
      36    57    58    16    0.0025500000
      36    57    64    17    0.0000000000
      36    58    64     7    0.0009750000
      36    37    43     7    0.0156000000
      36    37    44    15    0.1080750000
      36    37    50    16    0.1076250000
      36    37    51    24    0.0123750000
      36    37    57    25    0.0051750000
      36    37    58    15    0.3579000000
      36    37    64    16    0.0252750000
      36    43    44    16    0.0070500000
      36    43    50    17    0.0080250000
      36    43    51    25    0.0004500000
      36    43    57    26    0.0003000000
      36    43    58    16    0.0142500000
      36    43    64    17    0.0012000000
      36    44    50     7    0.0893250000
      36    44    51    15    0.0018000000
      36    44    57    16    0.0006750000
      36    44    58    24    0.0396750000
      36    44    64    25    0.0031500000
      36    50    51    16    0.0023250000
      36    50    57    17    0.0009750000
      36    50    58    25    0.0449250000
      36    50    64    26    0.0033750000
      36    51    57     7    0.0035250000
      36    51    58    15    0.0143250000
      36    51    64    16    0.0018750000
      36    57    58    16    0.0063000000
      36    57    64    17    0.0006750000
      36    58    64     7    0.0300750000
      36    37    43     7    0.0075000000
      36    37    44    15    0.0141000000
      36    37    50    16    0.0000000000
      36    37    51    24    0.0143250000
      36    37    57    25    0.0004500000
      36    37    58    15    0.0069750000
      36    37    64    16    0.0052500000
      36    43    44    16    0.0001500000
      36    43    50    17    0.0000000000
      36    43    51    25    0.0002250000
      36    43    57    26    0.0000000000
      36    43    58    16    0.0000750000
      36    43    64    17    0.0002250000
      36    44    50     7    0.0002250000
      36    44    51    15    0.6331500000
      36    44    57    16    0.0112500000
      36    44    58    24    0.0010500000
      36    44    64    25    0.0005250000
      36    50    51    16    0.0003000000
      36    50    57    17    0.0000000000
      36    50    58    25    0.0000000000
      36    50    64    26    0.0000000000
      36    51    57     7    0.0115500000
      36    51    58    15    0.0012750000
      36    51    64    16    0.0007500000
      36    57    58    16    0.0000000000
      36    57    64    17    0.0000000000
      36    58    64     7    0.0099000000
      36    37    43     7    0.0042000000
      36    37    44    15    0.0003000000
      36    37    50    16    0.0426750000
      36    37    51    24    0.0063000000
      36    37    57    25    0.0165750000
      36    37    58    15    0.0037500000
      36    37    64    16    0.0340500000
      36    43    44    16    0.0000750000
      36    43    50    17    0.0014250000
      36    43    51    25    0.0003000000
      36    43    57    26    0.0009750000
      36    43    58    16    0.0001500000
      36    43    64    17    0.0014250000
      36    44    50     7    0.0006000000
      36    44    51    15    0.0000000000
      36    44    57    16    0.0000000000
      36    44    58    24    0.0000000000
      36    44    64    25    0.0000000000
      36    50    51    16    0.0087000000
      36    50    57    17    0.0207750000
      36    50    58    25    0.0009000000
      36    50    64    26    0.0087750000
      36    51    57     7    0.0986250000
      36    51    58    15    0.0004500000
      36    51    64    16    0.0028500000
      36    57    58    16    0.0009000000
      36    57    64    17    0.0088500000
      36    58    64     7    0.0283500000
      36    37    43     7    0.0000000000
      36    37    44    15    0.0066000000
      36    37    50    16    0.0000000000
      36    37    51    24    0.0000000000
      36    37    57    25    0.0000000000
      36    37    58    15    0.0000000000
      36    37    64    16    0.0000000000
      36    43    44    16    0.0010500000
      36    43    50    17    0.0000000000
      36    43    51    25    0.0000000000
      36    43    57    26    0.0000000000
      36    43    58    16    0.0000000000
      36    43    64    17    0.0000000000
      36    44    50     7    0.0006000000
      36    44    51    15    0.0001500000
      36    44    57    16    0.0000750000
      36    44    58    24    0.0019500000
      36    44    64    25    0.0000750000
      36    50    51    16    0.0000000000
      36    50    57    17    0.0000000000
      36    50    58    25    0.0000000000
      36    50    64    26    0.0000000000
      36    51    57     7    0.0024000000
      36    51    58    15    0.0018750000
      36    51    64    16    0.0007500000
      36    57    58    16    0.0006000000
      36    57    64    17    0.0002250000
      36    58    64     7    0.0318000000
      36    37    43     7    0.0510750000
      36    37    44    15    0.5737500000
      36    37    50    16    0.0268500000
      36    37    51    24    0.0990750000
      36    37    57    25    0.0273750000
      36    37    58    15    0.0566250000
      36    37    64    16    0.0832500000
      36    43    44    16    0.0387000000
      36    43    50    17    0.0211500000
      36    43    51    25    0.0196500000
      36    43    57    26    0.0072750000
      36    43    58    16    0.0105000000
      36    43    64    17    0.0262500000
      36    44    50     7    0.0236250000
      36    44    51    15    0.1002750000
      36    44    57    16    0.0270000000
      36    44    58    24    0.0366000000
      36    44    64    25    0.0593250000
      36    50    51    16    0.0069750000
      36    50    57    17    0.0045000000
      36    50    58    25    0.0032250000
      36    50    64    26    0.0052500000
      36    51    57     7    0.1103250000
      36    51    58    15    0.1189500000
      36    51    64    16    0.1544250000
      36    57    58    16    0.0344250000
      36    57    64    17    0.0474750000
      36    58    64     7    0.1810500000
      36    37    43     7    0.0265500000
      36    37    44    15    0.0005250000
      36    37    50    16    0.0002250000
      36    37    51    24    0.0000000000
      36    37    57    25    0.0000000000
      36    37    58    15    0.0003000000
      36    37    64    16    0.0000750000
      36    43    44    16    0.0002250000
      36    43    50    17    0.0002250000
      36    43    51    25    0.0000000000
      36    43    57    26    0.0000000000
      36    43    58    16    0.0003750000
      36    43    64    17    0.0000000000
      36    44    50     7    0.1983000000
      36    44    51    15    0.0000000000
      36    44    57    16    0.0000750000
      36    44    58    24    0.0003750000
      36    44    64    25    0.0000750000
      36    50    51    16    0.0000000000
      36    50    57    17    0.0003000000
      36    50    58    25    0.0003000000
      36    50    64    26    0.0000000000
      36    51    57     7    0.0030750000
      36    51    58    15    0.0039750000
      36    51    64    16    0.0003750000
      36    57    58    16    0.0438000000
      36    57    64    17    0.0033000000
      36    58    64     7    0.0343500000
      36    37    43     7    0.0935250000
      36    37    44    15    0.0000000000
      36    37    50    16    0.0000000000
      36    37    51    24    0.0007500000
      36    37    57    25    0.0004500000
      36    37    58    15    0.0060750000
      36    37    64    16    0.0011250000
      36    43    44    16    0.0003000000
      36    43    50    17    0.0005250000
      36    43    51    25    0.0032250000
      36    43    57    26    0.0024000000
      36    43    58    16    0.0189000000
      36    43    64    17    0.0028500000
      36    44    50     7    0.0720750000
      36    44    51    15    0.0002250000
      36    44    57    16    0.0006750000
      36    44    58    24    0.0006750000
      36    44    64    25    0.0000750000
      36    50    51    16    0.0009750000
      36    50    57    17    0.0015000000
      36    50    58    25    0.0025500000
      36    50    64    26    0.0004500000
      36    51    57     7    0.0197250000
      36    51    58    15    0.0473250000
      36    51    64    16    0.0089250000
      36    57    58    16    0.0332250000
      36    57    64    17    0.0041250000
      36    58    64     7    0.0318000000
      36    37    43     7    0.0531000000
      36    37    44    15    0.0173250000
      36    37    50    16    0.0026250000
      36    37    51    24    0.0353250000
      36    37    57    25    0.0000000000
      36    37    58    15    0.0323250000
      36    37    64    16    0.0081000000
      36    43    44    16    0.0019500000
      36    43    50    17    0.0003750000
      36    43    51    25    0.0054000000
      36    43    57    26    0.0000000000
      36    43    58    16    0.0119250000
      36    43    64    17    0.0028500000
      36    44    50     7    0.0026250000
      36    44    51    15    0.0018750000
      36    44    57    16    0.0000000000
      36    44    58    24    0.0013500000
      36    44    64    25    0.0003000000
      36    50    51    16    0.0003750000
      36    50    57    17    0.0000000000
      36    50    58    25    0.0002250000
      36    50    64    26    0.0000000000
      36    51    57     7    0.0000000000
      36    51    58    15    0.1125000000
      36    51    64    16    0.0289500000
      36    57    58    16    0.0000750000
      36    57    64    17    0.0000000000
      36    58    64     7    0.1921500000
      36    37    43     7    0.0009000000
      36    37    44    15    0.0447000000
      36    37    50    16    0.0003000000
      36    37    51    24    0.0012000000
      36    37    57    25    0.0003000000
      36    37    58    15    0.0000000000
      36    37    64    16    0.0000000000
      36    43    44    16    0.0008250000
      36    43    50    17    0.0000000000
      36    43    51    25    0.0001500000
      36    43    57    26    0.0000000000
      36    43    58    16    0.0000000000
      36    43    64    17    0.0000000000
      36    44    50     7    0.0110250000
      36    44    51    15    0.0088500000
      36    44    57    16    0.0013500000
      36    44    58    24    0.0001500000
      36    44    64    25    0.0000000000
      36    50    51    16    0.0003000000
      36    50    57    17    0.0000750000
      36    50    58    25    0.0000000000
      36    50    64    26    0.0000000000
      36    51    57     7    0.1434750000
      36    51    58    15    0.0063750000
      36    51    64    16    0.0002250000
      36    57    58    16    0.0019500000
      36    57    64    17    0.0000000000
      36    58    64     7    0.0036750000
      36    37    43     7    0.0199500000
      36    37    44    15    0.0022500000
      36    37    50    16    0.0011250000
      36    37    51    24    0.0030000000
      36    37    57    25    0.0012000000
      36    37    58    15    0.5171250000
      36    37    64    16    0.0333000000
      36    43    44    16    0.0002250000
      36    43    50    17    0.0000000000
      36    43    51    25    0.0000000000
      36    43    57    26    0.0000750000
      36    43    58    16    0.0218250000
      36    43    64    17    0.0018750000
      36    44    50     7    0.0218250000
      36    44    51    15    0.0000750000
      36    44    57    16    0.0000000000
      36    44    58    24    0.0030000000
      36    44    64    25    0.0001500000
      36    50    51    16    0.0000000000
      36    50    57    17    0.0000000000
      36    50    58    25    0.0014250000
      36    50    64    26    0.0001500000
      36    51    57     7    0.1616250000
      36    51    58    15    0.0041250000
      36    51    64    16    0.0144750000
      36    57    58    16    0.0017250000
      36    57    64    17    0.0072000000
      36    58    64     7    0.0489000000
      36    37    43     7    0.0189000000
      36    37    44    15    0.0003000000
      36    37    50    16    0.0145500000
      36    37    51    24    0.0000750000
      36    37    57    25    0.0000000000
      36    37    58    15    0.0002250000
      36    37    64    16    0.0012000000
      36    43    44    16    0.0000000000
      36    43    50    17    0.0010500000
      36    43    51    25    0.0000000000
      36    43    57    26    0.0000000000
      36    43    58    16    0.0001500000
      36    43    64    17    0.0002250000
      36    44    50     7    0.0093000000
      36    44    51    15    0.0000000000
      36    44    57    16    0.0000000000
      36    44    58    24    0.0000000000
      36    44    64    25    0.0000000000
      36    50    51    16    0.0002250000
      36    50    57    17    0.0000750000
      36    50    58    25    0.0000000000
      36    50    64    26    0.0000750000
      36    51    57     7    0.0161250000
      36    51    58    15    0.0000750000
      36    51    64    16    0.0003750000
      36    57    58    16    0.0000000000
      36    57    64    17    0.0000000000
      36    58    64     7    0.0309750000
      36    37    43     7    0.1638750000
      36    37    44    15    0.0231750000
      36    37    50    16    0.0009750000
      36    37    51    24    0.0003000000
      36    37    57    25    0.0000000000
      36    37    58    15    0.6298500000
      36    37    64    16    0.0168000000
      36    43    44    16    0.0186750000
      36    43    50    17    0.0009000000
      36    43    51    25    0.0001500000
      36    43    57    26    0.0000000000
      36    43    58    16    0.1356000000
      36    43    64    17    0.0039750000
      36    44    50     7    0.0144750000
      36    44    51    15    0.0019500000
      36    44    57    16    0.0006750000
      36    44    58    24    0.0218250000
      36    44    64    25    0.0005250000
      36    50    51    16    0.0000750000
      36    50    57    17    0.0000750000
      36    50    58    25    0.0013500000
      36    50    64    26    0.0000000000
      36    51    57     7    0.0367500000
      36    51    58    15    0.0003000000
      36    51    64    16    0.0000000000
      36    57    58    16    0.0000000000
      36    57    64    17    0.0000000000
      36    58    64     7    0.0210000000
      36    37    43     7    0.0033000000
      36    37    44    15    0.0957750000
      36    37    50    16    0.0033750000
      36    37    51    24    0.0062250000
      36    37    57    25    0.0189750000
      36    37    58    15    0.0361500000
      36    37    64    16    0.0040500000
      36    43    44    16    0.0141750000
      36    43    50    17    0.0010500000
      36    43    51    25    0.0011250000
      36    43    57    26    0.0040500000
      36    43    58    16    0.0061500000
      36    43    64    17    0.0009000000
      36    44    50     7    0.0243000000
      36    44    51    15    0.0437250000
      36    44    57    16    0.1289250000
      36    44    58    24    0.0905250000
      36    44    64    25    0.0080250000
      36    50    51    16    0.0017250000
      36    50    57    17    0.0068250000
      36    50    58    25    0.0030750000
      36    50    64    26    0.0006000000
      36    51    57     7    0.0570750000
      36    51    58    15    0.0275250000
      36    51    64    16    0.0030000000
      36    57    58    16    0.0739500000
      36    57    64    17    0.0086250000
      36    58    64     7    0.0186750000
      36    37    43     7    0.3282000000
      36    37    44    15    0.0013500000
      36    37    50    16    0.0002250000
      36    37    51    24    0.0006000000
      36    37    57    25    0.0132750000
      36    37    58    15    0.0970500000
      36    37    64    16    0.0062250000
      36    43    44    16    0.0013500000
      36    43    50    17    0.0001500000
      36    43    51    25    0.0003000000
      36    43    57    26    0.0102000000
      36    43    58    16    0.0711750000
      36    43    64    17    0.0046500000
      36    44    50     7    0.0036000000
      36    44    51    15    0.0006000000
      36    44    57    16    0.0054000000
      36    44    58    24    0.0012750000
      36    44    64    25    0.0000750000
      36    50    51    16    0.0000000000
      36    50    57    17    0.0005250000
      36    50    58    25    0.0000750000
      36    50    64    26    0.0000000000
      36    51    57     7    0.0119250000
      36    51    58    15    0.0029250000
      36    51    64    16    0.0000750000
      36    57    58    16    0.0820500000
      36    57    64    17    0.0026250000
      36    58    64     7    0.0194250000
      36    37    43     7    0.0002250000
      36    37    44    15    0.0072750000
      36    37    50    16    0.0063000000
      36    37    51    24    0.0042000000
      36    37    57    25    0.0001500000
      36    37    58    15    0.0018000000
      36    37    64    16    0.0003750000
      36    43    44    16    0.0000000000
      36    43    50    17    0.0000000000
      36    43    51    25    0.0000000000
      36    43    57    26    0.0000000000
      36    43    58    16    0.0000000000
      36    43    64    17    0.0000000000
      36    44    50     7    0.0037500000
      36    44    51    15    0.0018000000
      36    44    57    16    0.0000750000
      36    44    58    24    0.0002250000
      36    44    64    25    0.0000000000
      36    50    51    16    0.0009750000
      36    50    57    17    0.0001500000
      36    50    58    25    0.0001500000
      36    50    64    26    0.0000000000
      36    51    57     7    0.0009750000
      36    51    58    15    0.0003750000
      36    51    64    16    0.0000000000
      36    57    58    16    0.0000000000
      36    57    64    17    0.0000000000
      36    58    64     7    0.1298250000
      36    37    43     7    0.2817000000
      36    37    44    15    0.0231750000
      36    37    50    16    0.0000000000
      36    37    51    24    0.0166500000
      36    37    57    25    0.0160500000
      36    37    58    15    0.0810000000
      36    37    64    16    0.0085500000
      36    43    44    16    0.0107250000
      36    43    50    17    0.0000000000
      36    43    51    25    0.0076500000
      36    43    57    26    0.0084750000
      36    43    58    16    0.0290250000
      36    43    64    17    0.0024000000
      36    44    50     7    0.0016500000
      36    44    51    15    0.0753000000
      36    44    57    16    0.0784500000
      36    44    58    24    0.1151250000
      36    44    64    25    0.0079500000
      36    50    51    16    0.0002250000
      36    50    57    17    0.0000750000
      36    50    58    25    0.0001500000
      36    50    64    26    0.0000000000
      36    51    57     7    0.0774750000
      36    51    58    15    0.0955500000
      36    51    64    16    0.0057750000
      36    57    58    16    0.0927000000
      36    57    64    17    0.0075000000
      36    58    64     7    0.0372000000
      36    37    43     7    0.3613500000
      36    37    44    15    0.0505500000
      36    37    50    16    0.0012000000
      36    37    51    24    0.0147750000
      36    37    57    25    0.0230250000
      36    37    58    15    0.0107250000
      36    37    64    16    0.0013500000
      36    43    44    16    0.0192000000
      36    43    50    17    0.0006000000
      36    43    51    25    0.0066000000
      36    43    57    26    0.0123000000
      36    43    58    16    0.0086250000
      36    43    64    17    0.0014250000
      36    44    50     7    0.0040500000
      36    44    51    15    0.0016500000
      36    44    57    16    0.0029250000
      36    44    58    24    0.0005250000
      36    44    64    25    0.0000000000
      36    50    51    16    0.0000750000
      36    50    57    17    0.0000750000
      36    50    58    25    0.0000000000
      36    50    64    26    0.0000000000
      36    51    57     7    0.0642000000
      36    51    58    15    0.0003000000
      36    51    64    16    0.0000000000
      36    57    58    16    0.0006750000
      36    57    64    17    0.0000750000
      36    58    64     7    0.0030750000
      36    37    43     7    0.0828750000
      36    37    44    15    0.0021000000
      36    37    50    16    0.0065250000
      36    37    51    24    0.0001500000
      36    37    57    25    0.0001500000
      36    37    58    15    0.0007500000
      36    37    64    16    0.0000000000
      36    43    44    16    0.0003000000
      36    43    50    17    0.0013500000
      36    43    51    25    0.0000750000
      36    43    57    26    0.0001500000
      36    43    58    16    0.0002250000
      36    43    64    17    0.0000000000
      36    44    50     7    0.0005250000
      36    44    51    15    0.0000750000
      36    44    57    16    0.0000000000
      36    44    58    24    0.0000750000
      36    44    64    25    0.0000000000
      36    50    51    16    0.0001500000
      36    50    57    17    0.0001500000
      36    50    58    25    0.0000750000
      36    50    64    26    0.0000000000
      36    51    57     7    0.2310750000
      36    51    58    15    0.0510000000
      36    51    64    16    0.0036000000
      36    57    58    16    0.0977250000
      36    57    64    17    0.0100500000
      36    58    64     7    0.0565500000
      36    37    43     7    0.0178500000
      36    37    44    15    0.2248500000
      36    37    50    16    0.1640250000
      36    37    51    24    0.0021000000
      36    37    57    25    0.0024000000
      36    37    58    15    0.0003000000
      36    37    64    16    0.0012750000
      36    43    44    16    0.0069000000
      36    43    50    17    0.0066750000
      36    43    51    25    0.0000000000
      36    43    57    26    0.0000000000
      36    43    58    16    0.0002250000
      36    43    64    17    0.0001500000
      36    44    50     7    0.3024750000
      36    44    51    15    0.0012000000
      36    44    57    16    0.0013500000
      36    44    58    24    0.0001500000
      36    44    64    25    0.0006000000
      36    50    51    16    0.0007500000
      36    50    57    17    0.0008250000
      36    50    58    25    0.0002250000
      36    50    64    26    0.0003750000
      36    51    57     7    0.6887250000
      36    51    58    15    0.0001500000
      36    51    64    16    0.0012750000
      36    57    58    16    0.0001500000
      36    57    64    17    0.0012750000
      36    58    64     7    0.0120000000
      36    37    43     7    0.0387000000
      36    37    44    15    0.0231000000
      36    37    50    16    0.0152250000
      36    37    51    24    0.0557250000
      36    37    57    25    0.0019500000
      36    37    58    15    0.5088000000
      36    37    64    16    0.0102750000
      36    43    44    16    0.0019500000
      36    43    50    17    0.0013500000
      36    43    51    25    0.0041250000
      36    43    57    26    0.0002250000
      36    43    58    16    0.0267000000
      36    43    64    17    0.0008250000
      36    44    50     7    0.0716250000
      36    44    51    15    0.2089500000
      36    44    57    16    0.0073500000
      36    44    58    24    0.0190500000
      36    44    64    25    0.0005250000
      36    50    51    16    0.1169250000
      36    50    57    17    0.0051750000
      36    50    58    25    0.0129000000
      36    50    64    26    0.0004500000
      36    51    57     7    0.0208500000
      36    51    58    15    0.0560250000
      36    51    64    16    0.0012750000
      36    57    58    16    0.0016500000
      36    57    64    17    0.0000750000
      36    58    64     7    0.0086250000
      36    37    43     7    0.1077000000
      36    37    44    15    0.0129000000
      36    37    50    16    0.0067500000
      36    37    51    24    0.0055500000
      36    37    57    25    0.0004500000
      36    37    58    15    0.0870750000
      36    37    64    16    0.0010500000
      36    43    44    16    0.0234000000
      36    43    50    17    0.0135000000
      36    43    51    25    0.0079500000
      36    43    57    26    0.0010500000
      36    43    58    16    0.1455750000
      36    43    64    17    0.0022500000
      36    44    50     7    0.1327500000
      36    44    51    15    0.0480000000
      36    44    57    16    0.0057750000
      36    44    58    24    0.0703500000
      36    44    64    25    0.0010500000
      36    50    51    16    0.0237000000
      36    50    57    17    0.0029250000
      36    50    58    25    0.0456000000
      36    50    64    26    0.0006000000
      36    51    57     7    0.0085500000
      36    51    58    15    0.0399750000
      36    51    64    16    0.0006750000
      36    57    58    16    0.0045750000
      36    57    64    17    0.0001500000
      36    58    64     7    0.0075750000
      36    37    43     7    0.0006000000
      36    37    44    15    0.0009000000
      36    37    50    16    0.0000750000
      36    37    51    24    0.0000750000
      36    37    57    25    0.0000000000
      36    37    58    15    0.0013500000
      36    37    64    16    0.0000750000
      36    43    44    16    0.0373500000
      36    43    50    17    0.0069000000
      36    43    51    25    0.0009750000
      36    43    57    26    0.0000750000
      36    43    58    16    0.0421500000
      36    43    64    17    0.0018000000
      36    44    50     7    0.0963750000
      36    44    51    15    0.0094500000
      36    44    57    16    0.0009000000
      36    44    58    24    0.1530000000
      36    44    64    25    0.0042000000
      36    50    51    16    0.0014250000
      36    50    57    17    0.0000750000
      36    50    58    25    0.0392250000
      36    50    64    26    0.0012000000
      36    51    57     7    0.0000000000
      36    51    58    15    0.0048750000
      36    51    64    16    0.0000750000
      36    57    58    16    0.0007500000
      36    57    64    17    0.0000000000
      36    58    64     7    0.0066000000
      36    37    43     7    0.0308250000
      36    37    44    15    0.0237750000
      36    37    50    16    0.0024000000
      36    37    51    24    0.0021000000
      36    37    57    25    0.0006750000
      36    37    58    15    0.0873000000
      36    37    64    16    0.0002250000
      36    43    44    16    0.0117000000
      36    43    50    17    0.0012000000
      36    43    51    25    0.0009000000
      36    43    57    26    0.0001500000
      36    43    58    16    0.0420750000
      36    43    64    17    0.0000750000
      36    44    50     7    0.0101250000
      36    44    51    15    0.0171750000
      36    44    57    16    0.0036750000
      36    44    58    24    0.0796500000
      36    44    64    25    0.0002250000
      36    50    51    16    0.0012750000
      36    50    57    17    0.0000750000
      36    50    58    25    0.0080250000
      36    50    64    26    0.0000000000
      36    51    57     7    0.0603750000
      36    51    58    15    0.0057000000
      36    51    64    16    0.0001500000
      36    57    58    16    0.0016500000
      36    57    64    17    0.0000000000
      36    58    64     7    0.0021750000
      36    37    43     7    0.0078750000
      36    37    44    15    0.0001500000
      36    37    50    16    0.0000000000
      36    37    51    24    0.0000000000
      36    37    57    25    0.0000000000
      36    37    58    15    0.0000000000
      36    37    64    16    0.0000000000
      36    43    44    16    0.0000750000
      36    43    50    17    0.0000000000
      36    43    51    25    0.0000750000
      36    43    57    26    0.0000000000
      36    43    58    16    0.0000750000
      36    43    64    17    0.0000750000
      36    44    50     7    0.0002250000
      36    44    51    15    0.0000000000
      36    44    57    16    0.0000000000
      36    44    58    24    0.0000000000
      36    44    64    25    0.0000000000
      36    50    51    16    0.0000000000
      36    50    57    17    0.0000000000
      36    50    58    25    0.0000000000
      36    50    64    26    0.0000000000
      36    51    57     7    0.0039750000
      36    51    58    15    0.0177000000
      36    51    64    16    0.0056250000
      36    57    58    16    0.0000750000
      36    57    64    17    0.0001500000
      36    58    64     7    0.0161250000
      36    37    43     7    0.0636750000
      36    37    44    15    0.2407500000
      36    37    50    16    0.0017250000
      36    37    51    24    0.0006750000
      36    37    57    25    0.0190500000
      36    37    58    15    0.0349500000
      36    37    64    16    0.0024000000
      36    43    44    16    0.0391500000
      36    43    50    17    0.0006000000
      36    43    51    25    0.0000750000
      36    43    57    26    0.0042000000
      36    43    58    16    0.0060750000
      36    43    64    17    0.0004500000
      36    44    50     7    0.0030000000
      36    44    51    15    0.0012750000
      36    44    57    16    0.0221250000
      36    44    58    24    0.0293250000
      36    44    64    25    0.0018750000
      36    50    51    16    0.0000750000
      36    50    57    17    0.0002250000
      36    50    58    25    0.0003750000
      36    50    64    26    0.0000000000
      36    51    57     7    0.0057750000
      36    51    58    15    0.0005250000
      36    51    64    16    0.0000000000
      36    57    58    16    0.0062250000
      36    57    64    17    0.0003000000
      36    58    64     7    0.0222000000
      68    69    83    15    0.0000000000
      68    69    84    31    0.0003000000
      68    69    98    32    0.0000000000
      68    69    99    48    0.0031500000
      68    69   113    49    0.0009000000
      68    69   114    31    0.0000000000
      68    69   128    32    0.0000000000
      68    83    84    32    0.0000000000
      68    83    98    33    0.0000000000
      68    83    99    49    0.0000000000
      68    83   113    50    0.0000000000
      68    83   114    32    0.0000000000
      68    83   128    33    0.0000000000
      68    84    98    15    0.0000000000
      68    84    99    31    0.0474750000
      68    84   113    32    0.0102000000
      68    84   114    48    0.0001500000
      68    84   128    49    0.0002250000
      68    98    99    32    0.0000750000
      68    98   113    33    0.0000000000
      68    98   114    49    0.0000000000
      68    98   128    50    0.0000000000
      68    99   113    15    0.1611000000
      68    99   114    31    0.0020250000
      68    99   128    32    0.0022500000
      68   113   114    32    0.0004500000
      68   113   128    33    0.0005250000
      68   114   128    15    0.5887500000
      68    69    83    15    0.0000750000
      68    69    84    31    0.1436250000
      68    69    98    32    0.0000000000
      68    69    99    48    0.0253500000
      68    69   113    49    0.0011250000
      68    69   114    31    0.0000000000
      68    69   128    32    0.0000000000
      68    83    84    32    0.0000000000
      68    83    98    33    0.0000000000
      68    83    99    49    0.0000000000
      68    83   113    50    0.0000000000
      68    83   114    32    0.0000000000
      68    83   128    33    0.0000000000
      68    84    98    15    0.0000000000
      68    84    99    31    0.0095250000
      68    84   113    32    0.0001500000
      68    84   114    48    0.0000000000
      68    84   128    49    0.0000000000
      68    98    99    32    0.0000000000
      68    98   113    33    0.0000000000
      68    98   114    49    0.0000000000
      68    98   128    50    0.0000000000
      68    99   113    15    0.0012000000
      68    99   114    31    0.0000000000
      68    99   128    32    0.0000000000
      68   113   114    32    0.0000000000
      68   113   128    33    0.0000000000
      68   114   128    15    0.0000000000
      68    69    83    15    0.0500250000
      68    69    84    31    0.0000750000
      68    69    98    32    0.0000750000
      68    69    99    48    0.0000000000
      68    69   113    49    0.0000000000
      68    69   114    31    0.0000000000
      68    69   128    32    0.0000000000
      68    83    84    32    0.0014250000
      68    83    98    33    0.0005250000
      68    83    99    49    0.0000750000
      68    83   113    50    0.0000000000
      68    83   114    32    0.0000000000
      68    83   128    33    0.0001500000
      68    84    98    15    0.0063750000
      68    84    99    31    0.0000000000
      68    84   113    32    0.0000000000
      68    84   114    48    0.0000000000
      68    84   128    49    0.0001500000
      68    98    99    32    0.0000000000
      68    98   113    33    0.0000000000
      68    98   114    49    0.0000000000
      68    98   128    50    0.0003000000
      68    99   113    15    0.0000000000
      68    99   114    31    0.0000000000
      68    99   128    32    0.0018750000
      68   113   114    32    0.0000000000
      68   113   128    33    0.0000750000
      68   114   128    15    0.0262500000
      68    69    83    15    0.0000000000
      68    69    84    31    0.0000000000
      68    69    98    32    0.0000000000
      68    69    99    48    0.0024000000
      68    69   113    49    0.0009750000
      68    69   114    31    0.2097000000
      68    69   128    32    0.0001500000
      68    83    84    32    0.0000000000
      68    83    98    33    0.0000000000
      68    83    99    49    0.0000000000
      68    83   113    50    0.0000000000
      68    83   114    32    0.0000000000
      68    83   128    33    0.0000000000
      68    84    98    15    0.0000000000
      68    84    99    31    0.0000000000
      68    84   113    32    0.0000000000
      68    84   114    48    0.0000000000
      68    84   128    49    0.0000000000
      68    98    99    32    0.0000000000
      68    98   113    33    0.0000000000
      68    98   114    49    0.0000000000
      68    98   128    50    0.0000000000
      68    99   113    15    0.0055500000
      68    99   114    31    0.0074250000
      68    99   128    32    0.0000750000
      68   113   114    32    0.0028500000
      68   113   128    33    0.0000000000
      68   114   128    15    0.0003000000
      68    69    83    15    0.0011250000
      68    69    84    31    0.0999750000
      68    69    98    32    0.0000000000
      68    69    99    48    0.0000000000
      68    69   113    49    0.0000000000
      68    69   114    31    0.0583500000
      68    69   128    32    0.0024000000
      68    83    84    32    0.0003000000
      68    83    98    33    0.0000000000
      68    83    99    49    0.0000000000
      68    83   113    50    0.0000000000
      68    83   114    32    0.0000750000
      68    83   128    33    0.0001500000
      68    84    98    15    0.0000000000
      68    84    99    31    0.0000750000
      68    84   113    32    0.0000000000
      68    84   114    48    0.0082500000
      68    84   128    49    0.0001500000
      68    98    99    32    0.0000000000
      68    98   113    33    0.0000000000
      68    98   114    49    0.0000000000
      68    98   128    50    0.0000000000
      68    99   113    15    0.0005250000
      68    99   114    31    0.0000000000
      68    99   128    32    0.0000000000
      68   113   114    32    0.0000000000
      68   113   128    33    0.0000000000
      68   114   128    15    0.0003000000
      68    69    83    15    0.0002250000
      68    69    84    31    0.0000000000
      68    69    98    32    0.0000000000
      68    69    99    48    0.0000000000
      68    69   113    49    0.0000000000
      68    69   114    31    0.0003750000
      68    69   128    32    0.0003750000
      68    83    84    32    0.0000000000
      68    83    98    33    0.0000000000
      68    83    99    49    0.0000000000
      68    83   113    50    0.0000000000
      68    83   114    32    0.0000000000
      68    83   128    33    0.0000000000
      68    84    98    15    0.5493000000
      68    84    99    31    0.0000000000
      68    84   113    32    0.0000000000
      68    84   114    48    0.0000000000
      68    84   128    49    0.0000000000
      68    98    99    32    0.0000000000
      68    98   113    33    0.0000000000
      68    98   114    49    0.0000000000
      68    98   128    50    0.0000000000
      68    99   113    15    0.0000000000
      68    99   114    31    0.0000000000
      68    99   128    32    0.0000000000
      68   113   114    32    0.0000000000
      68   113   128    33    0.0000000000
      68   114   128    15    0.0015750000
      68    69    83    15    0.0037500000
      68    69    84    31    0.1926000000
      68    69    98    32    0.0000000000
      68    69    99    48    0.2360250000
      68    69   113    49    0.0105750000
      68    69   114    31    0.0001500000
      68    69   128    32    0.0663000000
      68    83    84    32    0.0008250000
      68    83    98    33    0.0000000000
      68    83    99    49    0.0012750000
      68    83   113    50    0.0000750000
      68    83   114    32    0.0000000000
      68    83   128    33    0.0003000000
      68    84    98    15    0.0000000000
      68    84    99    31    0.1848000000
      68    84   113    32    0.0040500000
      68    84   114    48    0.0000750000
      68    84   128    49    0.0352500000
      68    98    99    32    0.0000000000
      68    98   113    33    0.0000000000
      68    98   114    49    0.0000000000
      68    98   128    50    0.0000000000
      68    99   113    15    0.0163500000
      68    99   114    31    0.0004500000
      68    99   128    32    0.0945000000
      68   113   114    32    0.0002250000
      68   113   128    33    0.0178500000
      68   114   128    15    0.0040500000
      68    69    83    15    0.0000000000
      68    69    84    31    0.0000000000
      68    69    98    32    0.0000000000
      68    69    99    48    0.0000000000
      68    69   113    49    0.0000000000
      68    69   114    31    0.0000000000
      68    69   128    32    0.0000000000
      68    83    84    32    0.0000000000
      68    83    98    33    0.0000000000
      68    83    99    49    0.0000000000
      68    83   113    50    0.0000000000
      68    83   114    32    0.0000000000
      68    83   128    33    0.0000000000
      68    84    98    15    0.0013500000
      68    84    99    31    0.0025500000
      68    84   113    32    0.0000000000
      68    84   114    48    0.0009750000
      68    84   128    49    0.0000000000
      68    98    99    32    0.0000000000
      68    98   113    33    0.0000000000
      68    98   114    49    0.0000000000
      68    98   128    50    0.0000000000
      68    99   113    15    0.0000000000
      68    99   114    31    0.1297500000
      68    99   128    32    0.0000750000
      68   113   114    32    0.0000000000
      68   113   128    33    0.0000000000
      68   114   128    15    0.0000750000
      68    69    83    15    0.1761000000
      68    69    84    31    0.0018750000
      68    69    98    32    0.0002250000
      68    69    99    48    0.0000000000
      68    69   113    49    0.0000000000
      68    69   114    31    0.0334500000
      68    69   128    32    0.0031500000
      68    83    84    32    0.0016500000
      68    83    98    33    0.0003000000
      68    83    99    49    0.0000000000
      68    83   113    50    0.0000000000
      68    83   114    32    0.0185250000
      68    83   128    33    0.0030000000
      68    84    98    15    0.0454500000
      68    84    99    31    0.0000750000
      68    84   113    32    0.0008250000
      68    84   114    48    0.0010500000
      68    84   128    49    0.0001500000
      68    98    99    32    0.0000000000
      68    98   113    33    0.0001500000
      68    98   114    49    0.0002250000
      68    98   128    50    0.0000000000
      68    99   113    15    0.0000750000
      68    99   114    31    0.0000000000
      68    99   128    32    0.0000000000
      68   113   114    32    0.0000000000
      68   113   128    33    0.0000000000
      68   114   128    15    0.0051000000
      68    69    83    15    0.0263250000
      68    69    84    31    0.1179000000
      68    69    98    32    0.0006000000
      68    69    99    48    0.0002250000
      68    69   113    49    0.0001500000
      68    69   114    31    0.0000000000
      68    69   128    32    0.0000000000
      68    83    84    32    0.0037500000
      68    83    98    33    0.0000000000
      68    83    99    49    0.0000000000
      68    83   113    50    0.0000000000
      68    83   114    32    0.0000000000
      68    83   128    33    0.0000000000
      68    84    98    15    0.0013500000
      68    84    99    31    0.0006750000
      68    84   113    32    0.0006750000
      68    84   114    48    0.0000750000
      68    84   128    49    0.0000000000
      68    98    99    32    0.0000000000
      68    98   113    33    0.0000000000
      68    98   114    49    0.0000000000
      68    98   128    50    0.0000000000
      68    99   113    15    0.0057750000
      68    99   114    31    0.0009750000
      68    99   128    32    0.0000000000
      68   113   114    32    0.0003000000
      68   113   128    33    0.0000000000
      68   114   128    15    0.0000750000
     132   133   163    31    0.0000000000
     132   133   164    63    0.0001500000
     132   133   194    64    0.0000750000
     132   133   195    96    0.0000000000
     132   133   225    97    0.0000000000
     132   133   226    63    0.0000000000
     132   133   256    64    0.0000000000
     132   163   164    64    0.0000000000
     132   163   194    65    0.0000000000
     132   163   195    97    0.0000000000
     132   163   225    98    0.0000000000
     132   163   226    64    0.0000000000
     132   163   256    65    0.0000000000
     132   164   194    31    0.1155000000
     132   164   195    63    0.0000000000
     132   164   225    64    0.0051000000
     132   164   226    96    0.0000000000
     132   164   256    97    0.0000000000
     132   194   195    64    0.0000000000
     132   194   225    65    0.0006000000
     132   194   226    97    0.0000000000
     132   194   256    98    0.0000000000
     132   195   225    31    0.0002250000
     132   195   226    63    0.0000000000
     132   195   256    64    0.0000000000
     132   225   226    64    0.0000000000
     132   225   256    65    0.0000000000
     132   226   256    31    0.0000000000
     132   133   163    31    0.0000000000
     132   133   164    63    0.0000000000
     132   133   194    64    0.0000000000
     132   133   195    96    0.0000000000
     132   133   225    97    0.0000750000
     132   133   226    63    0.0013500000
     132   133   256    64    0.0000000000
     132   163   164    64    0.0000000000
     132   163   194    65    0.0000000000
     132   163   195    97    0.0000000000
     132   163   225    98    0.0000000000
     132   163   226    64    0.0000750000
     132   163   256    65    0.0000000000
     132   164   194    31    0.0000750000
     132   164   195    63    0.0000000000
     132   164   225    64    0.0000750000
     132   164   226    96    0.0000000000
     132   164   256    97    0.0000000000
     132   194   195    64    0.0000000000
     132   194   225    65    0.0000750000
     132   194   226    97    0.0000000000
     132   194   256    98    0.0000000000
     132   195   225    31    0.0003000000
     132   195   226    63    0.0000000000
     132   195   256    64    0.0000000000
     132   225   226    64    0.0000000000
     132   225   256    65    0.0000000000
     132   226   256    31    0.0000000000
     132   133   163    31    0.0000000000
     132   133   164    63    0.0000000000
     132   133   194    64    0.0000000000
     132   133   195    96    0.0001500000
     132   133   225    97    0.0000000000
     132   133   226    63    0.0000000000
     132   133   256    64    0.0000000000
     132   163   164    64    0.0000000000
     132   163   194    65    0.0000000000
     132   163   195    97    0.0000000000
     132   163   225    98    0.0000000000
     132   163   226    64    0.0000000000
     132   163   256    65    0.0000000000
     132   164   194    31    0.0000000000
     132   164   195    63    0.0000000000
     132   164   225    64    0.0000000000
     132   164   226    96    0.0000000000
     132   164   256    97    0.0000000000
     132   194   195    64    0.0000750000
     132   194   225    65    0.0002250000
     132   194   226    97    0.0000000000
     132   194   256    98    0.0000000000
     132   195   225    31    0.0075750000
     132   195   226    63    0.0006750000
     132   195   256    64    0.0492000000
     132   225   226    64    0.0000000000
     132   225   256    65    0.0009750000
     132   226   256    31    0.0000750000
     132   133   163    31    0.0000000000
     132   133   164    63    0.0000000000
     132   133   194    64    0.0000000000
     132   133   195    96    0.0000000000
     132   133   225    97    0.0000000000
     132   133   226    63    0.0000000000
     132   133   256    64    0.0000000000
     132   163   164    64    0.0000000000
     132   163   194    65    0.0000000000
     132   163   195    97    0.0000000000
     132   163   225    98    0.0000000000
     132   163   226    64    0.0000000000
     132   163   256    65    0.0000000000
     132   164   194    31    0.0000000000
     132   164   195    63    0.2592000000
     132   164   225    64    0.0000000000
     132   164   226    96    0.0000000000
     132   164   256    97    0.0000000000
     132   194   195    64    0.0000750000
     132   194   225    65    0.0000000000
     132   194   226    97    0.0000000000
     132   194   256    98    0.0000000000
     132   195   225    31    0.0000000000
     132   195   226    63    0.0000000000
     132   195   256    64    0.0000000000
     132   225   226    64    0.0000000000
     132   225   256    65    0.0000000000
     132   226   256    31    0.0000000000
     132   133   163    31    0.0000000000
     132   133   164    63    0.0001500000
     132   133   194    64    0.0000000000
     132   133   195    96    0.0000000000
     132   133   225    97    0.0000000000
     132   133   226    63    0.0000000000
     132   133   256    64    0.0000000000
     132   163   164    64    0.0179250000
     132   163   194    65    0.0050250000
     132   163   195    97    0.0000000000
     132   163   225    98    0.0000000000
     132   163   226    64    0.0002250000
     132   163   256    65    0.0000000000
     132   164   194    31    0.0962250000
     132   164   195    63    0.0000000000
     132   164   225    64    0.0000000000
     132   164   226    96    0.0087750000
     132   164   256    97    0.0000000000
     132   194   195    64    0.0000000000
     132   194   225    65    0.0000000000
     132   194   226    97    0.0008250000
     132   194   256    98    0.0000000000
     132   195   225    31    0.0006750000
     132   195   226    63    0.0011250000
     132   195   256    64    0.0000750000
     132   225   226    64    0.0000000000
     132   225   256    65    0.0000000000
     132   226   256    31    0.0000000000
     132   133   163    31    0.0707250000
     132   133   164    63    0.0431250000
     132   133   194    64    0.0003000000
     132   133   195    96    0.0000000000
     132   133   225    97    0.0000000000
     132   133   226    63    0.0050250000
     132   133   256    64    0.0337500000
     132   163   164    64    0.0047250000
     132   163   194    65    0.0000000000
     132   163   195    97    0.0000000000
     132   163   225    98    0.0000000000
     132   163   226    64    0.0003750000
     132   163   256    65    0.0039750000
     132   164   194    31    0.0026250000
     132   164   195    63    0.0000000000
     132   164   225    64    0.0005250000
     132   164   226    96    0.0124500000
     132   164   256    97    0.0989250000
     132   194   195    64    0.0000000000
     132   194   225    65    0.0000000000
     132   194   226    97    0.0001500000
     132   194   256    98    0.0004500000
     132   195   225    31    0.0000000000
     132   195   226    63    0.0000000000
     132   195   256    64    0.0000000000
     132   225   226    64    0.0000000000
     132   225   256    65    0.0000000000
     132   226   256    31    0.0258750000
     132   133   163    31    0.0143250000
     132   133   164    63    0.0800250000
     132   133   194    64    0.0000000000
     132   133   195    96    0.0000000000
     132   133   225    97    0.0000000000
     132   133   226    63    0.0000000000
     132   133   256    64    0.0000000000
     132   163   164    64    0.0043500000
     132   163   194    65    0.0000000000
     132   163   195    97    0.0000000000
     132   163   225    98    0.0000000000
     132   163   226    64    0.0000000000
     132   163   256    65    0.0000000000
     132   164   194    31    0.0000750000
     132   164   195    63    0.0000000000
     132   164   225    64    0.0000000000
     132   164   226    96    0.0000000000
     132   164   256    97    0.0000000000
     132   194   195    64    0.0000000000
     132   194   225    65    0.0000000000
     132   194   226    97    0.0000000000
     132   194   256    98    0.0000000000
     132   195   225    31    0.0079500000
     132   195   226    63    0.0000000000
     132   195   256    64    0.0000000000
     132   225   226    64    0.0000000000
     132   225   256    65    0.0000000000
     132   226   256    31    0.0004500000
     132   133   163    31    0.0000000000
     132   133   164    63    0.0000000000
     132   133   194    64    0.0002250000
     132   133   195    96    0.0000000000
     132   133   225    97    0.0000000000
     132   133   226    63    0.0000000000
     132   133   256    64    0.0000000000
     132   163   164    64    0.0000000000
     132   163   194    65    0.0000000000
     132   163   195    97    0.0000000000
     132   163   225    98    0.0000000000
     132   163   226    64    0.0000000000
     132   163   256    65    0.0000000000
     132   164   194    31    0.0000750000
     132   164   195    63    0.0000000000
     132   164   225    64    0.0000000000
     132   164   226    96    0.0000000000
     132   164   256    97    0.0000000000
     132   194   195    64    0.0000000000
     132   194   225    65    0.0000000000
     132   194   226    97    0.0000000000
     132   194   256    98    0.0000000000
     132   195   225    31    0.0000000000
     132   195   226    63    0.0000000000
     132   195   256    64    0.0000000000
     132   225   226    64    0.0000000000
     132   225   256    65    0.0000000000
     132   226   256    31    0.0000750000
     132   133   163    31    0.0000000000
     132   133   164    63    0.0346500000
     132   133   194    64    0.0000000000
     132   133   195    96    0.0000000000
     132   133   225    97    0.0000000000
     132   133   226    63    0.0171000000
     132   133   256    64    0.0054000000
     132   163   164    64    0.0002250000
     132   163   194    65    0.0000000000
     132   163   195    97    0.0000000000
     132   163   225    98    0.0000000000
     132   163   226    64    0.0002250000
     132   163   256    65    0.0000750000
     132   164   194    31    0.0000000000
     132   164   195    63    0.0000000000
     132   164   225    64    0.0000000000
     132   164   226    96    0.0834000000
     132   164   256    97    0.0252750000
     132   194   195    64    0.0000000000
     132   194   225    65    0.0000000000
     132   194   226    97    0.0000000000
     132   194   256    98    0.0000000000
     132   195   225    31    0.0000000000
     132   195   226    63    0.0000000000
     132   195   256    64    0.0000000000
     132   225   226    64    0.0000750000
     132   225   256    65    0.0002250000
     132   226   256    31    0.0440250000
     132   133   163    31    0.0024000000
     132   133   164    63    0.0001500000
     132   133   194    64    0.0000000000
     132   133   195    96    0.0000000000
     132   133   225    97    0.0000000000
     132   133   226    63    0.0000750000
     132   133   256    64    0.0023250000
     132   163   164    64    0.0000000000
     132   163   194    65    0.0000000000
     132   163   195    97    0.0000000000
     132   163   225    98    0.0000000000
     132   163   226    64    0.0000000000
     132   163   256    65    0.0008250000
     132   164   194    31    0.0024000000
     132   164   195    63    0.0000000000
     132   164   225    64    0.0000000000
     132   164   226    96    0.0000750000
     132   164   256    97    0.0006000000
     132   194   195    64    0.0000000000
     132   194   225    65    0.0000000000
     132   194   226    97    0.0000000000
     132   194   256    98    0.0000750000
     132   195   225    31    0.0000000000
     132   195   226    63    0.0000000000
     132   195   256    64    0.0000000000
     132   225   226    64    0.0000000000
     132   225   256    65    0.0000000000
     132   226   256    31    0.0053250000
     196   197   243    47    0.0000000000
     196   197   244    95    0.0000000000
     196   197   290    96    0.0000000000
     196   197   291   144    0.0000750000
     196   197   337   145    0.0000000000
     196   197   338    95    0.0000000000
     196   197   384    96    0.0009000000
     196   243   244    96    0.0000000000
     196   243   290    97    0.0000000000
     196   243   291   145    0.0000000000
     196   243   337   146    0.0000000000
     196   243   338    96    0.0000000000
     196   243   384    97    0.0000000000
     196   244   290    47    0.0000000000
     196   244   291    95    0.0000000000
     196   244   337    96    0.0000000000
     196   244   338   144    0.0000000000
     196   244   384   145    0.0000000000
     196   290   291    96    0.0000000000
     196   290   337    97    0.0000000000
     196   290   338   145    0.0000000000
     196   290   384   146    0.0000000000
     196   291   337    47    0.0000000000
     196   291   338    95    0.0000000000
     196   291   384    96    0.0000000000
     196   337   338    96    0.0000000000
     196   337   384    97    0.0000000000
     196   338   384    47    0.0000000000
     196   197   243    47    0.0000000000
     196   197   244    95    0.0000000000
     196   197   290    96    0.0000000000
     196   197   291   144    0.0000000000
     196   197   337   145    0.0000000000
     196   197   338    95    0.0000000000
     196   197   384    96    0.0000000000
     196   243   244    96    0.0001500000
     196   243   290    97    0.0000000000
     196   243   291   145    0.0000000000
     196   243   337   146    0.0000000000
     196   243   338    96    0.0000000000
     196   243   384    97    0.0000000000
     196   244   290    47    0.0000000000
     196   244   291    95    0.1963500000
     196   244   337    96    0.0000000000
     196   244   338   144    0.0000000000
     196   244   384   145    0.0000000000
     196   290   291    96    0.0000000000
     196   290   337    97    0.0000000000
     196   290   338   145    0.0000000000
     196   290   384   146    0.0000000000
     196   291   337    47    0.0000000000
     196   291   338    95    0.0000000000
     196   291   384    96    0.0000000000
     196   337   338    96    0.0000000000
     196   337   384    97    0.0000000000
     196   338   384    47    0.0000000000
     196   197   243    47    0.0000000000
     196   197   244    95    0.0000000000
     196   197   290    96    0.0000000000
     196   197   291   144    0.0000000000
     196   197   337   145    0.0000000000
     196   197   338    95    0.0000000000
     196   197   384    96    0.0000000000
     196   243   244    96    0.0002250000
     196   243   290    97    0.0001500000
     196   243   291   145    0.0000000000
     196   243   337   146    0.0003750000
     196   243   338    96    0.0309750000
     196   243   384    97    0.0004500000
     196   244   290    47    0.0000000000
     196   244   291    95    0.0000000000
     196   244   337    96    0.0000000000
     196   244   338   144    0.0003000000
     196   244   384   145    0.0000000000
     196   290   291    96    0.0000000000
     196   290   337    97    0.0000000000
     196   290   338   145    0.0002250000
     196   290   384   146    0.0000000000
     196   291   337    47    0.0001500000
     196   291   338    95    0.0000000000
     196   291   384    96    0.0000000000
     196   337   338    96    0.0001500000
     196   337   384    97    0.0000000000
     196   338   384    47    0.0031500000
     196   197   243    47    0.0000000000
     196   197   244    95    0.0000000000
     196   197   290    96    0.0000000000
     196   197   291   144    0.0000000000
     196   197   337   145    0.0000000000
     196   197   338    95    0.0003000000
     196   197   384    96    0.0008250000
     196   243   244    96    0.0000000000
     196   243   290    97    0.0000000000
     196   243   291   145    0.0000000000
     196   243   337   146    0.0000000000
     196   243   338    96    0.0000000000
     196   243   384    97    0.0000750000
     196   244   290    47    0.0000000000
     196   244   291    95    0.0012000000
     196   244   337    96    0.0000750000
     196   244   338   144    0.0002250000
     196   244   384   145    0.0007500000
     196   290   291    96    0.0000000000
     196   290   337    97    0.0000000000
     196   290   338   145    0.0000000000
     196   290   384   146    0.0000000000
     196   291   337    47    0.0000000000
     196   291   338    95    0.0000000000
     196   291   384    96    0.0000000000
     196   337   338    96    0.0000000000
     196   337   384    97    0.0000000000
     196   338   384    47    0.0036000000
     196   197   243    47    0.0000000000
     196   197   244    95    0.0000000000
     196   197   290    96    0.0000000000
     196   197   291   144    0.0000000000
     196   197   337   145    0.0000000000
     196   197   338    95    0.0000000000
     196   197   384    96    0.0000000000
     196   243   244    96    0.0000000000
     196   243   290    97    0.0000000000
     196   243   291   145    0.0000750000
     196   243   337   146    0.0000000000
     196   243   338    96    0.0000000000
     196   243   384    97    0.0000000000
     196   244   290    47    0.0003750000
     196   244   291    95    0.0000000000
     196   244   337    96    0.0000000000
     196   244   338   144    0.0000000000
     196   244   384   145    0.0000000000
     196   290   291    96    0.0011250000
     196   290   337    97    0.0006750000
     196   290   338   145    0.0000000000
     196   290   384   146    0.0000000000
     196   291   337    47    0.0006000000
     196   291   338    95    0.0000000000
     196   291   384    96    0.0000000000
     196   337   338    96    0.0000000000
     196   337   384    97    0.0000000000
     196   338   384    47    0.0000000000
     196   197   243    47    0.0000000000
     196   197   244    95    0.0009750000
     196   197   290    96    0.0036750000
     196   197   291   144    0.0000000000
     196   197   337   145    0.0000000000
     196   197   338    95    0.5306250000
     196   197   384    96    0.2712750000
     196   243   244    96    0.0000000000
     196   243   290    97    0.0000000000
     196   243   291   145    0.0000000000
     196   243   337   146    0.0000000000
     196   243   338    96    0.0000000000
     196   243   384    97    0.0000000000
     196   244   290    47    0.0978750000
     196   244   291    95    0.0000000000
     196   244   337    96    0.0000000000
     196   244   338   144    0.0008250000
     196   244   384   145    0.0003750000
     196   290   291    96    0.0000000000
     196   290   337    97    0.0000000000
     196   290   338   145    0.0025500000
     196   290   384   146    0.0012000000
     196   291   337    47    0.0000000000
     196   291   338    95    0.0000000000
     196   291   384    96    0.0000000000
     196   337   338    96    0.0000000000
     196   337   384    97    0.0000000000
     196   338   384    47    0.4486500000
     196   197   243    47    0.0001500000
     196   197   244    95    0.0000000000
     196   197   290    96    0.0000000000
     196   197   291   144    0.0000000000
     196   197   337   145    0.0000000000
     196   197   338    95    0.0000000000
     196   197   384    96    0.0000000000
     196   243   244    96    0.0000000000
     196   243   290    97    0.0000000000
     196   243   291   145    0.0000000000
     196   243   337   146    0.0000000000
     196   243   338    96    0.0000000000
     196   243   384    97    0.0000000000
     196   244   290    47    0.0000000000
     196   244   291    95    0.0000000000
     196   244   337    96    0.0000000000
     196   244   338   144    0.0000000000
     196   244   384   145    0.0000000000
     196   290   291    96    0.0000000000
     196   290   337    97    0.0000000000
     196   290   338   145    0.0000000000
     196   290   384   146    0.0000000000
     196   291   337    47    0.0000000000
     196   291   338    95    0.0006000000
     196   291   384    96    0.0000000000
     196   337   338    96    0.0000000000
     196   337   384    97    0.0000000000
     196   338   384    47    0.0000000000
     196   197   243    47    0.0004500000
     196   197   244    95    0.0000000000
     196   197   290    96    0.0000000000
     196   197   291   144    0.0013500000
     196   197   337   145    0.0000000000
     196   197   338    95    0.0000000000
     196   197   384    96    0.0000000000
     196   243   244    96    0.0000000000
     196   243   290    97    0.0000000000
     196   243   291   145    0.0007500000
     196   243   337   146    0.0000000000
     196   243   338    96    0.0000000000
     196   243   384    97    0.0000000000
     196   244   290    47    0.0000000000
     196   244   291    95    0.0000750000
     196   244   337    96    0.0000000000
     196   244   338   144    0.0000000000
     196   244   384   145    0.0000000000
     196   290   291    96    0.0000000000
     196   290   337    97    0.0000000000
     196   290   338   145    0.0000000000
     196   290   384   146    0.0000000000
     196   291   337    47    0.0000750000
     196   291   338    95    0.0002250000
     196   291   384    96    0.0034500000
     196   337   338    96    0.0000000000
     196   337   384    97    0.0000000000
     196   338   384    47    0.0002250000
     196   197   243    47    0.0000000000
     196   197   244    95    0.0000000000
     196   197   290    96    0.0000750000
     196   197   291   144    0.0000000000
     196   197   337   145    0.0000000000
     196   197   338    95    0.0000000000
     196   197   384    96    0.0000000000
     196   243   244    96    0.0000000000
     196   243   290    97    0.0000000000
     196   243   291   145    0.0000000000
     196   243   337   146    0.0000000000
     196   243   338    96    0.0000000000
     196   243   384    97    0.0000000000
     196   244   290    47    0.0000000000
     196   244   291    95    0.0000000000
     196   244   337    96    0.0000000000
     196   244   338   144    0.0000000000
     196   244   384   145    0.0000000000
     196   290   291    96    0.0000000000
     196   290   337    97    0.0000000000
     196   290   338   145    0.0000000000
     196   290   384   146    0.0000000000
     196   291   337    47    0.0000000000
     196   291   338    95    0.0000000000
     196   291   384    96    0.0000000000
     196   337   338    96    0.0000000000
     196   337   384    97    0.0000000000
     196   338   384    47    0.0000000000
     196   197   243    47    0.0000750000
     196   197   244    95    0.0000000000
     196   197   290    96    0.0000000000
     196   197   291   144    0.0000000000
     196   197   337   145    0.0000000000
     196   197   338    95    0.0000000000
     196   197   384    96    0.0000000000
     196   243   244    96    0.0000000000
     196   243   290    97    0.0000000000
     196   243   291   145    0.0000000000
     196   243   337   146    0.0000000000
     196   243   338    96    0.0000000000
     196   243   384    97    0.0015750000
     196   244   290    47    0.0000000000
     196   244   291    95    0.0000000000
     196   244   337    96    0.0000000000
     196   244   338   144    0.0000000000
     196   244   384   145    0.0000000000
     196   290   291    96    0.0000000000
     196   290   337    97    0.0000000000
     196   290   338   145    0.0000000000
     196   290   384   146    0.0000000000
     196   291   337    47    0.0000000000
     196   291   338    95    0.0000000000
     196   291   384    96    0.0000000000
     196   337   338    96    0.0000000000
     196   337   384    97    0.0000000000
     196   338   384    47    0.0000000000
     260   261   323    63    0.0000000000
     260   261   324   127    0.0000000000
     260   261   386   128    0.0000000000
     260   261   387   192    0.0000000000
     260   261   449   193    0.0000000000
     260   261   450   127    0.0000000000
     260   261   512   128    0.0000000000
     260   323   324   128    0.0000000000
     260   323   386   129    0.0150750000
     260   323   387   193    0.0000000000
     260   323   449   194    0.0107250000
     260   323   450   128    0.0000000000
     260   323   512   129    0.0010500000
     260   324   386    63    0.0000000000
     260   324   387   127    0.0000000000
     260   324   449   128    0.0000000000
     260   324   450   192    0.0000000000
     260   324   512   193    0.0000000000
     260   386   387   128    0.0000000000
     260   386   449   129    0.0069750000
     260   386   450   193    0.0000000000
     260   386   512   194    0.0000750000
     260   387   449    63    0.0000000000
     260   387   450   127    0.0000000000
     260   387   512   128    0.0000000000
     260   449   450   128    0.0000000000
     260   449   512   129    0.0000000000
     260   450   512    63    0.0000000000
     260   261   323    63    0.0000000000
     260   261   324   127    0.0000000000
     260   261   386   128    0.0000000000
     260   261   387   192    0.0000000000
     260   261   449   193    0.0000000000
     260   261   450   127    0.0000000000
     260   261   512   128    0.0000000000
     260   323   324   128    0.0000000000
     260   323   386   129    0.0000000000
     260   323   387   193    0.0000000000
     260   323   449   194    0.0000000000
     260   323   450   128    0.0000000000
     260   323   512   129    0.0000000000
     260   324   386    63    0.0000000000
     260   324   387   127    0.0000000000
     260   324   449   128    0.0000000000
     260   324   450   192    0.0000000000
     260   324   512   193    0.0000000000
     260   386   387   128    0.0000000000
     260   386   449   129    0.0000000000
     260   386   450   193    0.0000000000
     260   386   512   194    0.0000000000
     260   387   449    63    0.0000000000
     260   387   450   127    0.0000000000
     260   387   512   128    0.0000000000
     260   449   450   128    0.0000000000
     260   449   512   129    0.0000000000
     260   450   512    63    0.0000000000
     260   261   323    63    0.0000000000
     260   261   324   127    0.0000000000
     260   261   386   128    0.0000000000
     260   261   387   192    0.0000000000
     260   261   449   193    0.0000000000
     260   261   450   127    0.0000000000
     260   261   512   128    0.0000000000
     260   323   324   128    0.0000000000
     260   323   386   129    0.0000000000
     260   323   387   193    0.0000000000
     260   323   449   194    0.0000000000
     260   323   450   128    0.0000000000
     260   323   512   129    0.0000000000
     260   324   386    63    0.0000000000
     260   324   387   127    0.0000750000
     260   324   449   128    0.0005250000
     260   324   450   192    0.0000000000
     260   324   512   193    0.0000000000
     260   386   387   128    0.0000000000
     260   386   449   129    0.0000000000
     260   386   450   193    0.0000000000
     260   386   512   194    0.0000000000
     260   387   449    63    0.0366000000
     260   387   450   127    0.0000000000
     260   387   512   128    0.0000000000
     260   449   450   128    0.0024000000
     260   449   512   129    0.0000000000
     260   450   512    63    0.0000000000
     260   261   323    63    0.0000000000
     260   261   324   127    0.0000000000
     260   261   386   128    0.0000000000
     260   261   387   192    0.0000000000
     260   261   449   193    0.0000000000
     260   261   450   127    0.0000000000
     260   261   512   128    0.0000000000
     260   323   324   128    0.0000750000
     260   323   386   129    0.0007500000
     260   323   387   193    0.0000000000
     260   323   449   194    0.0000000000
     260   323   450   128    0.0000000000
     260   323   512   129    0.0000000000
     260   324   386    63    0.0022500000
     260   324   387   127    0.0001500000
     260   324   449   128    0.0000750000
     260   324   450   192    0.0000000000
     260   324   512   193    0.0000000000
     260   386   387   128    0.0005250000
     260   386   449   129    0.0000000000
     260   386   450   193    0.0000000000
     260   386   512   194    0.0000750000
     260   387   449    63    0.0000000000
     260   387   450   127    0.0000000000
     260   387   512   128    0.0000000000
     260   449   450   128    0.0000000000
     260   449   512   129    0.0000000000
     260   450   512    63    0.0000000000
     260   261   323    63    0.0064500000
     260   261   324   127    0.0000000000
     260   261   386   128    0.0000000000
     260   261   387   192    0.0000000000
     260   261   449   193    0.0000000000
     260   261   450   127    0.0000000000
     260   261   512   128    0.0000000000
     260   323   324   128    0.0000000000
     260   323   386   129    0.0000000000
     260   323   387   193    0.0000000000
     260   323   449   194    0.0000000000
     260   323   450   128    0.0000000000
     260   323   512   129    0.0000000000
     260   324   386    63    0.0000000000
     260   324   387   127    0.0000000000
     260   324   449   128    0.0000000000
     260   324   450   192    0.0000000000
     260   324   512   193    0.0000000000
     260   386   387   128    0.0000000000
     260   386   449   129    0.0000000000
     260   386   450   193    0.0000000000
     260   386   512   194    0.0000000000
     260   387   449    63    0.0000000000
     260   387   450   127    0.0000000000
     260   387   512   128    0.0000000000
     260   449   450   128    0.0000000000
     260   449   512   129    0.0000000000
     260   450   512    63    0.0000000000
     260   261   323    63    0.0000000000
     260   261   324   127    0.0000000000
     260   261   386   128    0.0000000000
     260   261   387   192    0.0002250000
     260   261   449   193    0.0000000000
     260   261   450   127    0.0000000000
     260   261   512   128    0.0000750000
     260   323   324   128    0.0000000000
     260   323   386   129    0.0000000000
     260   323   387   193    0.0000000000
     260   323   449   194    0.0000000000
     260   323   450   128    0.0000000000
     260   323   512   129    0.0000000000
     260   324   386    63    0.0000000000
     260   324   387   127    0.0000000000
     260   324   449   128    0.0000000000
     260   324   450   192    0.0000000000
     260   324   512   193    0.0000000000
     260   386   387   128    0.0000000000
     260   386   449   129    0.0000000000
     260   386   450   193    0.0000000000
     260   386   512   194    0.0000000000
     260   387   449    63    0.0000000000
     260   387   450   127    0.0000000000
     260   387   512   128    0.0000000000
     260   449   450   128    0.0000000000
     260   449   512   129    0.0000000000
     260   450   512    63    0.0000000000
     260   261   323    63    0.0000750000
     260   261   324   127    0.0000750000
     260   261   386   128    0.0000000000
     260   261   387   192    0.0001500000
     260   261   449   193    0.0000000000
     260   261   450   127    0.0000000000
     260   261   512   128    0.0001500000
     260   323   324   128    0.0000000000
     260   323   386   129    0.0000000000
     260   323   387   193    0.0000000000
     260   323   449   194    0.0000000000
     260   323   450   128    0.0000000000
     260   323   512   129    0.0000000000
     260   324   386    63    0.0000000000
     260   324   387   127    0.2310750000
     260   324   449   128    0.0000000000
     260   324   450   192    0.0000000000
     260   324   512   193    0.0072750000
     260   386   387   128    0.0000000000
     260   386   449   129    0.0000000000
     260   386   450   193    0.0000000000
     260   386   512   194    0.0000000000
     260   387   449    63    0.0000000000
     260   387   450   127    0.0000000000
     260   387   512   128    0.0065250000
     260   449   450   128    0.0000000000
     260   449   512   129    0.0000000000
     260   450   512    63    0.0001500000
     260   261   323    63    0.0000000000
     260   261   324   127    0.0000000000
     260   261   386   128    0.0000000000
     260   261   387   192    0.0000000000
     260   261   449   193    0.0000000000
     260   261   450   127    0.0000000000
     260   261   512   128    0.0000000000
     260   323   324   128    0.0000000000
     260   323   386   129    0.0000000000
     260   323   387   193    0.0000000000
     260   323   449   194    0.0000000000
     260   323   450   128    0.0000000000
     260   323   512   129    0.0000000000
     260   324   386    63    0.0000000000
     260   324   387   127    0.0000000000
     260   324   449   128    0.0000000000
     260   324   450   192    0.0000000000
     260   324   512   193    0.0000000000
     260   386   387   128    0.0000000000
     260   386   449   129    0.0000000000
     260   386   450   193    0.0000000000
     260   386   512   194    0.0000000000
     260   387   449    63    0.0000000000
     260   387   450   127    0.0000000000
     260   387   512   128    0.0000000000
     260   449   450   128    0.0000000000
     260   449   512   129    0.0000000000
     260   450   512    63    0.0000000000
     260   261   323    63    0.0019500000
     260   261   324   127    0.0000750000
     260   261   386   128    0.0009000000
     260   261   387   192    0.0000750000
     260   261   449   193    0.0000000000
     260   261   450   127    0.0000000000
     260   261   512   128    0.0047250000
     260   323   324   128    0.0000750000
     260   323   386   129    0.0018750000
     260   323   387   193    0.0001500000
     260   323   449   194    0.0000000000
     260   323   450   128    0.0000000000
     260   323   512   129    0.0094500000
     260   324   386    63    0.0005250000
     260   324   387   127    0.0000000000
     260   324   449   128    0.0000000000
     260   324   450   192    0.0000000000
     260   324   512   193    0.0001500000
     260   386   387   128    0.0000000000
     260   386   449   129    0.0000000000
     260   386   450   193    0.0000000000
     260   386   512   194    0.0040500000
     260   387   449    63    0.0000000000
     260   387   450   127    0.0000000000
     260   387   512   128    0.0003000000
     260   449   450   128    0.0000000000
     260   449   512   129    0.0000000000
     260   450   512    63    0.0000750000
     260   261   323    63    0.0000000000
     260   261   324   127    0.0000000000
     260   261   386   128    0.0000000000
     260   261   387   192    0.0000000000
     260   261   449   193    0.0000000000
     260   261   450   127    0.0000000000
     260   261   512   128    0.0000000000
     260   323   324   128    0.0000000000
     260   323   386   129    0.0000000000
     260   323   387   193    0.0000000000
     260   323   449   194    0.0000000000
     260   323   450   128    0.0000000000
     260   323   512   129    0.0000000000
     260   324   386    63    0.0000000000
     260   324   387   127    0.0000000000
     260   324   449   128    0.0000000000
     260   324   450   192    0.0000000000
     260   324   512   193    0.0000000000
     260   386   387   128    0.0000000000
     260   386   449   129    0.0000000000
     260   386   450   193    0.0000000000
     260   386   512   194    0.0000000000
     260   387   449    63    0.0000000000
     260   387   450   127    0.0000000000
     260   387   512   128    0.0000000000
     260   449   450   128    0.0000000000
     260   449   512   129    0.0000000000
     260   450   512    63    0.0000000000
     260   261   323    63    0.0000000000
     260   261   324   127    0.0000000000
     260   261   386   128    0.0003000000
     260   261   387   192    0.0000000000
     260   261   449   193    0.0000000000
     260   261   450   127    0.0000000000
     260   261   512   128    0.0003750000
     260   323   324   128    0.0000000000
     260   323   386   129    0.0000000000
     260   323   387   193    0.0000000000
     260   323   449   194    0.0000000000
     260   323   450   128    0.0000000000
     260   323   512   129    0.0000000000
     260   324   386    63    0.0027750000
     260   324   387   127    0.0000000000
     260   324   449   128    0.0000000000
     260   324   450   192    0.0000000000
     260   324   512   193    0.0000750000
     260   386   387   128    0.0000000000
     260   386   449   129    0.0000000000
     260   386   450   193    0.0000750000
     260   386   512   194    0.0012750000
     260   387   449    63    0.0000000000
     260   387   450   127    0.0000000000
     260   387   512   128    0.0000000000
     260   449   450   128    0.0000000000
     260   449   512   129    0.0000000000
     260   450   512    63    0.0002250000
     260   261   323    63    0.1487250000
     260   261   324   127    0.0198750000
     260   261   386   128    0.0028500000
     260   261   387   192    0.0099000000
     260   261   449   193    0.0004500000
     260   261   450   127    0.0000000000
     260   261   512   128    0.0000000000
     260   323   324   128    0.0121500000
     260   323   386   129    0.0010500000
     260   323   387   193    0.0046500000
     260   323   449   194    0.0004500000
     260   323   450   128    0.0000000000
     260   323   512   129    0.0000000000
     260   324   386    63    0.0090750000
     260   324   387   127    0.0137250000
     260   324   449   128    0.0006000000
     260   324   450   192    0.0000000000
     260   324   512   193    0.0000000000
     260   386   387   128    0.0009000000
     260   386   449   129    0.0000750000
     260   386   450   193    0.0000000000
     260   386   512   194    0.0000000000
     260   387   449    63    0.0000750000
     260   387   450   127    0.0000000000
     260   387   512   128    0.0000000000
     260   449   450   128    0.0000000000
     260   449   512   129    0.0000000000
     260   450   512    63    0.0000000000
     260   261   323    63    0.0000000000
     260   261   324   127    0.0000000000
     260   261   386   128    0.0000000000
     260   261   387   192    0.0000000000
     260   261   449   193    0.0000000000
     260   261   450   127    0.0000000000
     260   261   512   128    0.0000000000
     260   323   324   128    0.0000000000
     260   323   386   129    0.0000000000
     260   323   387   193    0.0000000000
     260   323   449   194    0.0000000000
     260   323   450   128    0.0000000000
     260   323   512   129    0.0000000000
     260   324   386    63    0.0000000000
     260   324   387   127    0.0000000000
     260   324   449   128    0.0000000000
     260   324   450   192    0.0000000000
     260   324   512   193    0.0000000000
     260   386   387   128    0.0000000000
     260   386   449   129    0.0000000000
     260   386   450   193    0.0000000000
     260   386   512   194    0.0000000000
     260   387   449    63    0.0018750000
     260   387   450   127    0.0000000000
     260   387   512   128    0.0000000000
     260   449   450   128    0.0000000000
     260   449   512   129    0.0000000000
     260   450   512    63    0.0000000000
     260   261   323    63    0.0039750000
     260   261   324   127    0.0113250000
     260   261   386   128    0.0003750000
     260   261   387   192    0.0144000000
     260   261   449   193    0.0535500000
     260   261   450   127    0.5369250000
     260   261   512   128    0.0000000000
     260   323   324   128    0.0000750000
     260   323   386   129    0.0000000000
     260   323   387   193    0.0000000000
     260   323   449   194    0.0003000000
     260   323   450   128    0.0033750000
     260   323   512   129    0.0000000000
     260   324   386    63    0.0003000000
     260   324   387   127    0.0143250000
     260   324   449   128    0.0461250000
     260   324   450   192    0.0155250000
     260   324   512   193    0.0000000000
     260   386   387   128    0.0006000000
     260   386   449   129    0.0009750000
     260   386   450   193    0.0006000000
     260   386   512   194    0.0000000000
     260   387   449    63    0.0484500000
     260   387   450   127    0.0179250000
     260   387   512   128    0.0000000000
     260   449   450   128    0.0718500000
     260   449   512   129    0.0000000000
     260   450   512    63    0.0000000000
     260   261   323    63    0.0204750000
     260   261   324   127    0.0001500000
     260   261   386   128    0.0000750000
     260   261   387   192    0.0003000000
     260   261   449   193    0.0000750000
     260   261   450   127    0.0000000000
     260   261   512   128    0.0000000000
     260   323   324   128    0.0000000000
     260   323   386   129    0.0000000000
     260   323   387   193    0.0007500000
     260   323   449   194    0.0000750000
     260   323   450   128    0.0000000000
     260   323   512   129    0.0000000000
     260   324   386    63    0.0199500000
     260   324   387   127    0.0434250000
     260   324   449   128    0.0040500000
     260   324   450   192    0.0000000000
     260   324   512   193    0.0000000000
     260   386   387   128    0.0216000000
     260   386   449   129    0.0021000000
     260   386   450   193    0.0000000000
     260   386   512   194    0.0000000000
     260   387   449    63    0.0338250000
     260   387   450   127    0.0000000000
     260   387   512   128    0.0000000000
     260   449   450   128    0.0000000000
     260   449   512   129    0.0000000000
     260   450   512    63    0.0000000000
