      36    37    43     7    0.0073500000
      36    37    44    15    0.0004500000
      36    37    50    16    0.0000000000
      36    37    51    24    0.0010500000
      36    37    57    25    0.0024000000
      36    37    58    15    0.0267000000
      36    37    64    16    0.0007500000
      36    43    44    16    0.0002250000
      36    43    50    17    0.0000000000
      36    43    51    25    0.0003750000
      36    43    57    26    0.0006000000
      36    43    58    16    0.0067500000
      36    43    64    17    0.0003000000
      36    44    50     7    0.0440250000
      36    44    51    15    0.0039750000
      36    44    57    16    0.0064500000
      36    44    58    24    0.0015000000
      36    44    64    25    0.0000000000
      36    50    51    16    0.0006000000
      36    50    57    17    0.0009000000
      36    50    58    25    0.0001500000
      36    50    64    26    0.0000000000
      36    51    57     7    0.1938000000
      36    51    58    15    0.0078750000
      36    51    64    16    0.0001500000
      36    57    58    16    0.0141750000
      36    57    64    17    0.0003750000
      36    58    64     7    0.0020250000
      36    37    43     7    0.0148500000
      36    37    44    15    0.0379500000
      36    37    50    16    0.0613500000
      36    37    51    24    0.0483000000
      36    37    57    25    0.0048000000
      36    37    58    15    0.0498000000
      36    37    64    16    0.0042750000
      36    43    44    16    0.0023250000
      36    43    50    17    0.0027750000
      36    43    51    25    0.0025500000
      36    43    57    26    0.0001500000
      36    43    58    16    0.0026250000
      36    43    64    17    0.0007500000
      36    44    50     7    0.1887000000
      36    44    51    15    0.0055500000
      36    44    57    16    0.0006000000
      36    44    58    24    0.0051000000
      36    44    64    25    0.0006000000
      36    50    51    16    0.0096000000
      36    50    57    17    0.0011250000
      36    50    58    25    0.0090000000
      36    50    64    26    0.0011250000
      36    51    57     7    0.0447000000
      36    51    58    15    0.5952750000
      36    51    64    16    0.0451500000
      36    57    58    16    0.0477750000
      36    57    64    17    0.0091500000
      36    58    64     7    0.0387000000
      36    37    43     7    0.0230250000
      36    37    44    15    0.0015750000
      36    37    50    16    0.0007500000
      36    37    51    24    0.0000000000
      36    37    57    25    0.0000000000
      36    37    58    15    0.0015750000
      36    37    64    16    0.0033000000
      36    43    44    16    0.0079500000
      36    43    50    17    0.0045000000
      36    43    51    25    0.0000000000
      36    43    57    26    0.0000000000
      36    43    58    16    0.0090000000
      36    43    64    17    0.0108750000
      36    44    50     7    0.2290500000
      36    44    51    15    0.0021000000
      36    44    57    16    0.0000750000
      36    44    58    24    0.0014250000
      36    44    64    25    0.0017250000
      36    50    51    16    0.0010500000
      36    50    57    17    0.0000000000
      36    50    58    25    0.0010500000
      36    50    64    26    0.0008250000
      36    51    57     7    0.0067500000
      36    51    58    15    0.0000750000
      36    51    64    16    0.0000000000
      36    57    58    16    0.0000000000
      36    57    64    17    0.0000000000
      36    58    64     7    0.0077250000
      36    37    43     7    0.0054000000
      36    37    44    15    0.0387000000
      36    37    50    16    0.0228000000
      36    37    51    24    0.1215000000
      36    37    57    25    0.0228000000
      36    37    58    15    0.3892500000
      36    37    64    16    0.0826500000
      36    43    44    16    0.0025500000
      36    43    50    17    0.0012000000
      36    43    51    25    0.0010500000
      36    43    57    26    0.0003000000
      36    43    58    16    0.0034500000
      36    43    64    17    0.0009750000
      36    44    50     7    0.1694250000
      36    44    51    15    0.0161250000
      36    44    57    16    0.0040500000
      36    44    58    24    0.0322500000
      36    44    64    25    0.0054750000
      36    50    51    16    0.0104250000
      36    50    57    17    0.0022500000
      36    50    58    25    0.0193500000
      36    50    64    26    0.0032250000
      36    51    57     7    0.1201500000
      36    51    58    15    0.2920500000
      36    51    64    16    0.0636000000
      36    57    58    16    0.0552750000
      36    57    64    17    0.0126000000
      36    58    64     7    0.0708750000
      36    37    43     7    0.3135000000
      36    37    44    15    0.0183000000
      36    37    50    16    0.0352500000
      36    37    51    24    0.0000000000
      36    37    57    25    0.0006750000
      36    37    58    15    0.0011250000
      36    37    64    16    0.0042750000
      36    43    44    16    0.0069750000
      36    43    50    17    0.0156750000
      36    43    51    25    0.0000000000
      36    43    57    26    0.0004500000
      36    43    58    16    0.0007500000
      36    43    64    17    0.0030000000
      36    44    50     7    0.3592500000
      36    44    51    15    0.0002250000
      36    44    57    16    0.0022500000
      36    44    58    24    0.0000750000
      36    44    64    25    0.0001500000
      36    50    51    16    0.0009000000
      36    50    57    17    0.0052500000
      36    50    58    25    0.0001500000
      36    50    64    26    0.0003000000
      36    51    57     7    0.0594750000
      36    51    58    15    0.0004500000
      36    51    64    16    0.0015750000
      36    57    58    16    0.0021000000
      36    57    64    17    0.0053250000
      36    58    64     7    0.1959000000
      36    37    43     7    0.0030000000
      36    37    44    15    0.0057000000
      36    37    50    16    0.0000000000
      36    37    51    24    0.0033000000
      36    37    57    25    0.0000000000
      36    37    58    15    0.0143250000
      36    37    64    16    0.0054000000
      36    43    44    16    0.0252000000
      36    43    50    17    0.0002250000
      36    43    51    25    0.0156750000
      36    43    57    26    0.0004500000
      36    43    58    16    0.0523500000
      36    43    64    17    0.0172500000
      36    44    50     7    0.0177750000
      36    44    51    15    0.2307000000
      36    44    57    16    0.0048000000
      36    44    58    24    0.1391250000
      36    44    64    25    0.0555000000
      36    50    51    16    0.0052500000
      36    50    57    17    0.0000750000
      36    50    58    25    0.0027000000
      36    50    64    26    0.0010500000
      36    51    57     7    0.0060750000
      36    51    58    15    0.2107500000
      36    51    64    16    0.0693750000
      36    57    58    16    0.0036750000
      36    57    64    17    0.0015750000
      36    58    64     7    0.2825250000
      36    37    43     7    0.0804000000
      36    37    44    15    0.2291250000
      36    37    50    16    0.1519500000
      36    37    51    24    0.0042750000
      36    37    57    25    0.0015000000
      36    37    58    15    0.0044250000
      36    37    64    16    0.0000750000
      36    43    44    16    0.0241500000
      36    43    50    17    0.0218250000
      36    43    51    25    0.0003000000
      36    43    57    26    0.0002250000
      36    43    58    16    0.0005250000
      36    43    64    17    0.0000000000
      36    44    50     7    0.1419750000
      36    44    51    15    0.0037500000
      36    44    57    16    0.0014250000
      36    44    58    24    0.0037500000
      36    44    64    25    0.0000000000
      36    50    51    16    0.0035250000
      36    50    57    17    0.0009750000
      36    50    58    25    0.0031500000
      36    50    64    26    0.0000750000
      36    51    57     7    0.0729000000
      36    51    58    15    0.1696500000
      36    51    64    16    0.0006750000
      36    57    58    16    0.0490500000
      36    57    64    17    0.0001500000
      36    58    64     7    0.0013500000
      36    37    43     7    0.0357750000
      36    37    44    15    0.1631250000
      36    37    50    16    0.0024000000
      36    37    51    24    0.0875250000
      36    37    57    25    0.0104250000
      36    37    58    15    0.0004500000
      36    37    64    16    0.0104250000
      36    43    44    16    0.0273000000
      36    43    50    17    0.0006000000
      36    43    51    25    0.0167250000
      36    43    57    26    0.0024000000
      36    43    58    16    0.0000750000
      36    43    64    17    0.0030000000
      36    44    50     7    0.0027750000
      36    44    51    15    0.2963250000
      36    44    57    16    0.0298500000
      36    44    58    24    0.0000750000
      36    44    64    25    0.0087750000
      36    50    51    16    0.0044250000
      36    50    57    17    0.0002250000
      36    50    58    25    0.0000000000
      36    50    64    26    0.0002250000
      36    51    57     7    0.0536250000
      36    51    58    15    0.0000750000
      36    51    64    16    0.0056250000
      36    57    58    16    0.0000000000
      36    57    64    17    0.0007500000
      36    58    64     7    0.0003750000
      36    37    43     7    0.0006000000
      36    37    44    15    0.0501000000
      36    37    50    16    0.2277000000
      36    37    51    24    0.1053750000
      36    37    57    25    0.0249000000
      36    37    58    15    0.0006750000
      36    37    64    16    0.0005250000
      36    43    44    16    0.0000750000
      36    43    50    17    0.0002250000
      36    43    51    25    0.0000750000
      36    43    57    26    0.0000000000
      36    43    58    16    0.0000000000
      36    43    64    17    0.0000750000
      36    44    50     7    0.0423750000
      36    44    51    15    0.0207000000
      36    44    57    16    0.0039750000
      36    44    58    24    0.0001500000
      36    44    64    25    0.0002250000
      36    50    51    16    0.0971250000
      36    50    57    17    0.0204750000
      36    50    58    25    0.0006000000
      36    50    64    26    0.0006000000
      36    51    57     7    0.0527250000
      36    51    58    15    0.0009750000
      36    51    64    16    0.0006750000
      36    57    58    16    0.0003000000
      36    57    64    17    0.0001500000
      36    58    64     7    0.1527750000
      36    37    43     7    0.0463500000
      36    37    44    15    0.0143250000
      36    37    50    16    0.0003000000
      36    37    51    24    0.0102000000
      36    37    57    25    0.0054000000
      36    37    58    15    0.0075750000
      36    37    64    16    0.0021750000
      36    43    44    16    0.1533750000
      36    43    50    17    0.0037500000
      36    43    51    25    0.1717500000
      36    43    57    26    0.0936000000
      36    43    58    16    0.1005750000
      36    43    64    17    0.0312750000
      36    44    50     7    0.0084750000
      36    44    51    15    0.3247500000
      36    44    57    16    0.1732500000
      36    44    58    24    0.1416750000
      36    44    64    25    0.0597000000
      36    50    51    16    0.0054000000
      36    50    57    17    0.0030000000
      36    50    58    25    0.0027000000
      36    50    64    26    0.0012000000
      36    51    57     7    0.2800500000
      36    51    58    15    0.3000750000
      36    51    64    16    0.0547500000
      36    57    58    16    0.1468500000
      36    57    64    17    0.0530250000
      36    58    64     7    0.0543000000
      36    37    43     7    0.0009000000
      36    37    44    15    0.0537000000
      36    37    50    16    0.0000000000
      36    37    51    24    0.0000000000
      36    37    57    25    0.0000000000
      36    37    58    15    0.0002250000
      36    37    64    16    0.0009000000
      36    43    44    16    0.0015750000
      36    43    50    17    0.0000000000
      36    43    51    25    0.0000000000
      36    43    57    26    0.0000000000
      36    43    58    16    0.0000000000
      36    43    64    17    0.0000000000
      36    44    50     7    0.0000750000
      36    44    51    15    0.0003000000
      36    44    57    16    0.0000000000
      36    44    58    24    0.0006000000
      36    44    64    25    0.0033750000
      36    50    51    16    0.0000000000
      36    50    57    17    0.0000000000
      36    50    58    25    0.0000000000
      36    50    64    26    0.0000000000
      36    51    57     7    0.0030750000
      36    51    58    15    0.0010500000
      36    51    64    16    0.0051000000
      36    57    58    16    0.0002250000
      36    57    64    17    0.0008250000
      36    58    64     7    0.0143250000
      36    37    43     7    0.1319250000
      36    37    44    15    0.0056250000
      36    37    50    16    0.0027000000
      36    37    51    24    0.0219000000
      36    37    57    25    0.0102000000
      36    37    58    15    0.0489750000
      36    37    64    16    0.0049500000
      36    43    44    16    0.0054750000
      36    43    50    17    0.0021750000
      36    43    51    25    0.0156000000
      36    43    57    26    0.0061500000
      36    43    58    16    0.0318750000
      36    43    64    17    0.0037500000
      36    44    50     7    0.3177750000
      36    44    51    15    0.0345750000
      36    44    57    16    0.0201750000
      36    44    58    24    0.0353250000
      36    44    64    25    0.0016500000
      36    50    51    16    0.0172500000
      36    50    57    17    0.0115500000
      36    50    58    25    0.0192750000
      36    50    64    26    0.0010500000
      36    51    57     7    0.2467500000
      36    51    58    15    0.2521500000
      36    51    64    16    0.0099000000
      36    57    58    16    0.1127250000
      36    57    64    17    0.0049500000
      36    58    64     7    0.0302250000
      36    37    43     7    0.0025500000
      36    37    44    15    0.0013500000
      36    37    50    16    0.0072750000
      36    37    51    24    0.0064500000
      36    37    57    25    0.0009000000
      36    37    58    15    0.0096750000
      36    37    64    16    0.0006750000
      36    43    44    16    0.0030000000
      36    43    50    17    0.0123750000
      36    43    51    25    0.0163500000
      36    43    57    26    0.0015750000
      36    43    58    16    0.0163500000
      36    43    64    17    0.0015000000
      36    44    50     7    0.1079250000
      36    44    51    15    0.0062250000
      36    44    57    16    0.0009750000
      36    44    58    24    0.0060750000
      36    44    64    25    0.0003750000
      36    50    51    16    0.0312000000
      36    50    57    17    0.0042750000
      36    50    58    25    0.0300750000
      36    50    64    26    0.0028500000
      36    51    57     7    0.0463500000
      36    51    58    15    0.2391750000
      36    51    64    16    0.0105000000
      36    57    58    16    0.0293250000
      36    57    64    17    0.0015000000
      36    58    64     7    0.0169500000
      36    37    43     7    0.1585500000
      36    37    44    15    0.0051000000
      36    37    50    16    0.0006000000
      36    37    51    24    0.0042000000
      36    37    57    25    0.0001500000
      36    37    58    15    0.0049500000
      36    37    64    16    0.0046500000
      36    43    44    16    0.0051000000
      36    43    50    17    0.0011250000
      36    43    51    25    0.0043500000
      36    43    57    26    0.0003000000
      36    43    58    16    0.0051000000
      36    43    64    17    0.0042750000
      36    44    50     7    0.0423750000
      36    44    51    15    0.0580500000
      36    44    57    16    0.0049500000
      36    44    58    24    0.0003000000
      36    44    64    25    0.0004500000
      36    50    51    16    0.0142500000
      36    50    57    17    0.0015000000
      36    50    58    25    0.0000750000
      36    50    64    26    0.0001500000
      36    51    57     7    0.0374250000
      36    51    58    15    0.0000750000
      36    51    64    16    0.0003750000
      36    57    58    16    0.0000000000
      36    57    64    17    0.0000750000
      36    58    64     7    0.0027750000
      36    37    43     7    0.7131750000
      36    37    44    15    0.0004500000
      36    37    50    16    0.0001500000
      36    37    51    24    0.0020250000
      36    37    57    25    0.0000000000
      36    37    58    15    0.0002250000
      36    37    64    16    0.0000750000
      36    43    44    16    0.0004500000
      36    43    50    17    0.0001500000
      36    43    51    25    0.0019500000
      36    43    57    26    0.0000000000
      36    43    58    16    0.0002250000
      36    43    64    17    0.0000750000
      36    44    50     7    0.0105000000
      36    44    51    15    0.0082500000
      36    44    57    16    0.0006000000
      36    44    58    24    0.0001500000
      36    44    64    25    0.0001500000
      36    50    51    16    0.0034500000
      36    50    57    17    0.0002250000
      36    50    58    25    0.0000750000
      36    50    64    26    0.0000000000
      36    51    57     7    0.0842250000
      36    51    58    15    0.0213000000
      36    51    64    16    0.0119250000
      36    57    58    16    0.0029250000
      36    57    64    17    0.0017250000
      36    58    64     7    0.4489500000
      36    37    43     7    0.0206250000
      36    37    44    15    0.0107250000
      36    37    50    16    0.0048000000
      36    37    51    24    0.0042000000
      36    37    57    25    0.0008250000
      36    37    58    15    0.0018000000
      36    37    64    16    0.0000750000
      36    43    44    16    0.0054000000
      36    43    50    17    0.0021000000
      36    43    51    25    0.0030750000
      36    43    57    26    0.0003000000
      36    43    58    16    0.0009750000
      36    43    64    17    0.0000750000
      36    44    50     7    0.0859500000
      36    44    51    15    0.1029750000
      36    44    57    16    0.0118500000
      36    44    58    24    0.0012000000
      36    44    64    25    0.0003000000
      36    50    51    16    0.0267000000
      36    50    57    17    0.0035250000
      36    50    58    25    0.0005250000
      36    50    64    26    0.0001500000
      36    51    57     7    0.0429750000
      36    51    58    15    0.0019500000
      36    51    64    16    0.0007500000
      36    57    58    16    0.0002250000
      36    57    64    17    0.0000750000
      36    58    64     7    0.0045750000
      36    37    43     7    0.0186750000
      36    37    44    15    0.6125250000
      36    37    50    16    0.0023250000
      36    37    51    24    0.0000000000
      36    37    57    25    0.0000750000
      36    37    58    15    0.0000750000
      36    37    64    16    0.0010500000
      36    43    44    16    0.0161250000
      36    43    50    17    0.0019500000
      36    43    51    25    0.0000000000
      36    43    57    26    0.0000000000
      36    43    58    16    0.0001500000
      36    43    64    17    0.0002250000
      36    44    50     7    0.0024750000
      36    44    51    15    0.0000000000
      36    44    57    16    0.0000750000
      36    44    58    24    0.0000750000
      36    44    64    25    0.0010500000
      36    50    51    16    0.0000000000
      36    50    57    17    0.0000000000
      36    50    58    25    0.0000000000
      36    50    64    26    0.0000000000
      36    51    57     7    0.0987000000
      36    51    58    15    0.0000000000
      36    51    64    16    0.0000000000
      36    57    58    16    0.0000000000
      36    57    64    17    0.0000000000
      36    58    64     7    0.0745500000
      36    37    43     7    0.0005250000
      36    37    44    15    0.0010500000
      36    37    50    16    0.0000000000
      36    37    51    24    0.0005250000
      36    37    57    25    0.0000000000
      36    37    58    15    0.0000000000
      36    37    64    16    0.0000000000
      36    43    44    16    0.0005250000
      36    43    50    17    0.0000000000
      36    43    51    25    0.0003000000
      36    43    57    26    0.0000000000
      36    43    58    16    0.0000000000
      36    43    64    17    0.0000000000
      36    44    50     7    0.0021750000
      36    44    51    15    0.4287750000
      36    44    57    16    0.0023250000
      36    44    58    24    0.0006750000
      36    44    64    25    0.0014250000
      36    50    51    16    0.0015000000
      36    50    57    17    0.0000000000
      36    50    58    25    0.0000750000
      36    50    64    26    0.0000750000
      36    51    57     7    0.0042750000
      36    51    58    15    0.0006000000
      36    51    64    16    0.0025500000
      36    57    58    16    0.0004500000
      36    57    64    17    0.0023250000
      36    58    64     7    0.0407250000
      36    37    43     7    0.0228000000
      36    37    44    15    0.0006000000
      36    37    50    16    0.0000750000
      36    37    51    24    0.0000750000
      36    37    57    25    0.0000000000
      36    37    58    15    0.0000750000
      36    37    64    16    0.0000000000
      36    43    44    16    0.0001500000
      36    43    50    17    0.0000000000
      36    43    51    25    0.0000000000
      36    43    57    26    0.0000000000
      36    43    58    16    0.0000000000
      36    43    64    17    0.0000000000
      36    44    50     7    0.0052500000
      36    44    51    15    0.0068250000
      36    44    57    16    0.0001500000
      36    44    58    24    0.0059250000
      36    44    64    25    0.0000000000
      36    50    51    16    0.0008250000
      36    50    57    17    0.0000000000
      36    50    58    25    0.0009000000
      36    50    64    26    0.0000000000
      36    51    57     7    0.0034500000
      36    51    58    15    0.6731250000
      36    51    64    16    0.0016500000
      36    57    58    16    0.0038250000
      36    57    64    17    0.0000000000
      36    58    64     7    0.0018750000
      36    37    43     7    0.0372750000
      36    37    44    15    0.0337500000
      36    37    50    16    0.0084000000
      36    37    51    24    0.0087000000
      36    37    57    25    0.0036000000
      36    37    58    15    0.1070250000
      36    37    64    16    0.0135000000
      36    43    44    16    0.0039000000
      36    43    50    17    0.0009000000
      36    43    51    25    0.0008250000
      36    43    57    26    0.0003750000
      36    43    58    16    0.0099000000
      36    43    64    17    0.0014250000
      36    44    50     7    0.0107250000
      36    44    51    15    0.0061500000
      36    44    57    16    0.0031500000
      36    44    58    24    0.0303000000
      36    44    64    25    0.0034500000
      36    50    51    16    0.0015750000
      36    50    57    17    0.0004500000
      36    50    58    25    0.0083250000
      36    50    64    26    0.0009750000
      36    51    57     7    0.0021000000
      36    51    58    15    0.0189000000
      36    51    64    16    0.0021000000
      36    57    58    16    0.0099750000
      36    57    64    17    0.0009000000
      36    58    64     7    0.0393000000
      36    37    43     7    0.0029250000
      36    37    44    15    0.0568500000
      36    37    50    16    0.0421500000
      36    37    51    24    0.0013500000
      36    37    57    25    0.0235500000
      36    37    58    15    0.0755250000
      36    37    64    16    0.0192000000
      36    43    44    16    0.0004500000
      36    43    50    17    0.0005250000
      36    43    51    25    0.0000000000
      36    43    57    26    0.0004500000
      36    43    58    16    0.0003750000
      36    43    64    17    0.0004500000
      36    44    50     7    0.0249750000
      36    44    51    15    0.0005250000
      36    44    57    16    0.0085500000
      36    44    58    24    0.0234750000
      36    44    64    25    0.0060000000
      36    50    51    16    0.0003750000
      36    50    57    17    0.0061500000
      36    50    58    25    0.0177750000
      36    50    64    26    0.0042750000
      36    51    57     7    0.0084750000
      36    51    58    15    0.0087000000
      36    51    64    16    0.0015000000
      36    57    58    16    0.1674000000
      36    57    64    17    0.0504750000
      36    58    64     7    0.1185000000
      36    37    43     7    0.0024750000
      36    37    44    15    0.0107250000
      36    37    50    16    0.0000000000
      36    37    51    24    0.0627750000
      36    37    57    25    0.0093000000
      36    37    58    15    0.0406500000
      36    37    64    16    0.0007500000
      36    43    44    16    0.0000000000
      36    43    50    17    0.0000000000
      36    43    51    25    0.0003000000
      36    43    57    26    0.0000750000
      36    43    58    16    0.0000750000
      36    43    64    17    0.0000000000
      36    44    50     7    0.0003000000
      36    44    51    15    0.0035250000
      36    44    57    16    0.0006000000
      36    44    58    24    0.0009000000
      36    44    64    25    0.0000750000
      36    50    51    16    0.0000000000
      36    50    57    17    0.0000000000
      36    50    58    25    0.0000000000
      36    50    64    26    0.0000000000
      36    51    57     7    0.0257250000
      36    51    58    15    0.0497250000
      36    51    64    16    0.0007500000
      36    57    58    16    0.0083250000
      36    57    64    17    0.0001500000
      36    58    64     7    0.0017250000
      36    37    43     7    0.0390000000
      36    37    44    15    0.2398500000
      36    37    50    16    0.1040250000
      36    37    51    24    0.0000750000
      36    37    57    25    0.0009750000
      36    37    58    15    0.0054000000
      36    37    64    16    0.0015750000
      36    43    44    16    0.0260250000
      36    43    50    17    0.0120750000
      36    43    51    25    0.0000000000
      36    43    57    26    0.0002250000
      36    43    58    16    0.0024000000
      36    43    64    17    0.0008250000
      36    44    50     7    0.2214000000
      36    44    51    15    0.0000750000
      36    44    57    16    0.0006000000
      36    44    58    24    0.0036750000
      36    44    64    25    0.0009750000
      36    50    51    16    0.0000000000
      36    50    57    17    0.0002250000
      36    50    58    25    0.0015750000
      36    50    64    26    0.0003000000
      36    51    57     7    0.0036750000
      36    51    58    15    0.0022500000
      36    51    64    16    0.0003750000
      36    57    58    16    0.0297000000
      36    57    64    17    0.0053250000
      36    58    64     7    0.0884250000
      36    37    43     7    0.0004500000
      36    37    44    15    0.0000000000
      36    37    50    16    0.0000000000
      36    37    51    24    0.0000000000
      36    37    57    25    0.0000000000
      36    37    58    15    0.0000000000
      36    37    64    16    0.0000000000
      36    43    44    16    0.0003000000
      36    43    50    17    0.0001500000
      36    43    51    25    0.0026250000
      36    43    57    26    0.0001500000
      36    43    58    16    0.0048750000
      36    43    64    17    0.0029250000
      36    44    50     7    0.5379750000
      36    44    51    15    0.0250500000
      36    44    57    16    0.0289500000
      36    44    58    24    0.0003750000
      36    44    64    25    0.0002250000
      36    50    51    16    0.0233250000
      36    50    57    17    0.0252750000
      36    50    58    25    0.0003750000
      36    50    64    26    0.0002250000
      36    51    57     7    0.0211500000
      36    51    58    15    0.0063750000
      36    51    64    16    0.0051750000
      36    57    58    16    0.0004500000
      36    57    64    17    0.0005250000
      36    58    64     7    0.0168000000
      36    37    43     7    0.0648750000
      36    37    44    15    0.0526500000
      36    37    50    16    0.0362250000
      36    37    51    24    0.0413250000
      36    37    57    25    0.0009000000
      36    37    58    15    0.0534750000
      36    37    64    16    0.0017250000
      36    43    44    16    0.0739500000
      36    43    50    17    0.0526500000
      36    43    51    25    0.0597750000
      36    43    57    26    0.0009750000
      36    43    58    16    0.0708000000
      36    43    64    17    0.0021750000
      36    44    50     7    0.3789000000
      36    44    51    15    0.1780500000
      36    44    57    16    0.0039000000
      36    44    58    24    0.1380750000
      36    44    64    25    0.0015750000
      36    50    51    16    0.1113000000
      36    50    57    17    0.0036750000
      36    50    58    25    0.0968250000
      36    50    64    26    0.0011250000
      36    51    57     7    0.0067500000
      36    51    58    15    0.5044500000
      36    51    64    16    0.0032250000
      36    57    58    16    0.0049500000
      36    57    64    17    0.0000000000
      36    58    64     7    0.0039000000
      36    37    43     7    0.0634500000
      36    37    44    15    0.0006000000
      36    37    50    16    0.0003000000
      36    37    51    24    0.0027750000
      36    37    57    25    0.0000750000
      36    37    58    15    0.0044250000
      36    37    64    16    0.0062250000
      36    43    44    16    0.0002250000
      36    43    50    17    0.0000000000
      36    43    51    25    0.0008250000
      36    43    57    26    0.0000000000
      36    43    58    16    0.0015000000
      36    43    64    17    0.0018000000
      36    44    50     7    0.0006750000
      36    44    51    15    0.0381000000
      36    44    57    16    0.0008250000
      36    44    58    24    0.0355500000
      36    44    64    25    0.0021750000
      36    50    51    16    0.0017250000
      36    50    57    17    0.0000000000
      36    50    58    25    0.0018000000
      36    50    64    26    0.0002250000
      36    51    57     7    0.0089250000
      36    51    58    15    0.3600750000
      36    51    64    16    0.0249000000
      36    57    58    16    0.0107250000
      36    57    64    17    0.0010500000
      36    58    64     7    0.0494250000
      36    37    43     7    0.0023250000
      36    37    44    15    0.0690000000
      36    37    50    16    0.0063750000
      36    37    51    24    0.0048750000
      36    37    57    25    0.0000000000
      36    37    58    15    0.3286500000
      36    37    64    16    0.0254250000
      36    43    44    16    0.0003750000
      36    43    50    17    0.0002250000
      36    43    51    25    0.0000000000
      36    43    57    26    0.0000000000
      36    43    58    16    0.0032250000
      36    43    64    17    0.0002250000
      36    44    50     7    0.0029250000
      36    44    51    15    0.0015750000
      36    44    57    16    0.0000000000
      36    44    58    24    0.0406500000
      36    44    64    25    0.0096750000
      36    50    51    16    0.0003000000
      36    50    57    17    0.0000000000
      36    50    58    25    0.0036750000
      36    50    64    26    0.0007500000
      36    51    57     7    0.0001500000
      36    51    58    15    0.0028500000
      36    51    64    16    0.0009000000
      36    57    58    16    0.0000750000
      36    57    64    17    0.0000750000
      36    58    64     7    0.0734250000
      68    69    83    15    0.5162250000
      68    69    84    31    0.3611250000
      68    69    98    32    0.0095250000
      68    69    99    48    0.0000000000
      68    69   113    49    0.0024000000
      68    69   114    31    0.0000000000
      68    69   128    32    0.0000000000
      68    83    84    32    0.1935000000
      68    83    98    33    0.0144750000
      68    83    99    49    0.0000000000
      68    83   113    50    0.0039000000
      68    83   114    32    0.0000000000
      68    83   128    33    0.0000000000
      68    84    98    15    0.0125250000
      68    84    99    31    0.0000000000
      68    84   113    32    0.0026250000
      68    84   114    48    0.0000000000
      68    84   128    49    0.0000000000
      68    98    99    32    0.0000000000
      68    98   113    33    0.0034500000
      68    98   114    49    0.0000000000
      68    98   128    50    0.0000000000
      68    99   113    15    0.0001500000
      68    99   114    31    0.0000000000
      68    99   128    32    0.0000000000
      68   113   114    32    0.0000750000
      68   113   128    33    0.0000000000
      68   114   128    15    0.0045750000
      68    69    83    15    0.0003750000
      68    69    84    31    0.0039000000
      68    69    98    32    0.0001500000
      68    69    99    48    0.0009000000
      68    69   113    49    0.0000000000
      68    69   114    31    0.0035250000
      68    69   128    32    0.0000750000
      68    83    84    32    0.0023250000
      68    83    98    33    0.0000000000
      68    83    99    49    0.0006000000
      68    83   113    50    0.0000000000
      68    83   114    32    0.0024000000
      68    83   128    33    0.0000000000
      68    84    98    15    0.0048000000
      68    84    99    31    0.0371250000
      68    84   113    32    0.0012750000
      68    84   114    48    0.0753000000
      68    84   128    49    0.0016500000
      68    98    99    32    0.0016500000
      68    98   113    33    0.0000750000
      68    98   114    49    0.0038250000
      68    98   128    50    0.0000000000
      68    99   113    15    0.0024000000
      68    99   114    31    0.2245500000
      68    99   128    32    0.0049500000
      68   113   114    32    0.0057000000
      68   113   128    33    0.0001500000
      68   114   128    15    0.0143250000
      68    69    83    15    0.0059250000
      68    69    84    31    0.0345000000
      68    69    98    32    0.0003750000
      68    69    99    48    0.0018750000
      68    69   113    49    0.0000000000
      68    69   114    31    0.1314750000
      68    69   128    32    0.0063000000
      68    83    84    32    0.0003000000
      68    83    98    33    0.0001500000
      68    83    99    49    0.0000000000
      68    83   113    50    0.0000000000
      68    83   114    32    0.0030000000
      68    83   128    33    0.0000000000
      68    84    98    15    0.0000000000
      68    84    99    31    0.0198000000
      68    84   113    32    0.0002250000
      68    84   114    48    0.0088500000
      68    84   128    49    0.0001500000
      68    98    99    32    0.0000000000
      68    98   113    33    0.0000000000
      68    98   114    49    0.0002250000
      68    98   128    50    0.0000000000
      68    99   113    15    0.0000000000
      68    99   114    31    0.0011250000
      68    99   128    32    0.0000000000
      68   113   114    32    0.0000000000
      68   113   128    33    0.0000000000
      68   114   128    15    0.0034500000
      68    69    83    15    0.0033000000
      68    69    84    31    0.0000000000
      68    69    98    32    0.0000000000
      68    69    99    48    0.0000750000
      68    69   113    49    0.0000000000
      68    69   114    31    0.0000000000
      68    69   128    32    0.0000000000
      68    83    84    32    0.0000000000
      68    83    98    33    0.0000000000
      68    83    99    49    0.0010500000
      68    83   113    50    0.0003000000
      68    83   114    32    0.0005250000
      68    83   128    33    0.0000000000
      68    84    98    15    0.0000000000
      68    84    99    31    0.0206250000
      68    84   113    32    0.0138750000
      68    84   114    48    0.0016500000
      68    84   128    49    0.0000000000
      68    98    99    32    0.0000000000
      68    98   113    33    0.0000000000
      68    98   114    49    0.0000000000
      68    98   128    50    0.0000000000
      68    99   113    15    0.1584750000
      68    99   114    31    0.0289500000
      68    99   128    32    0.0014250000
      68   113   114    32    0.0158250000
      68   113   128    33    0.0009000000
      68   114   128    15    0.0004500000
      68    69    83    15    0.3708000000
      68    69    84    31    0.0039750000
      68    69    98    32    0.0268500000
      68    69    99    48    0.0009000000
      68    69   113    49    0.0006000000
      68    69   114    31    0.0025500000
      68    69   128    32    0.0000000000
      68    83    84    32    0.0020250000
      68    83    98    33    0.0133500000
      68    83    99    49    0.0005250000
      68    83   113    50    0.0004500000
      68    83   114    32    0.0009750000
      68    83   128    33    0.0000000000
      68    84    98    15    0.0429000000
      68    84    99    31    0.0019500000
      68    84   113    32    0.0003750000
      68    84   114    48    0.0000000000
      68    84   128    49    0.0000000000
      68    98    99    32    0.0111000000
      68    98   113    33    0.0026250000
      68    98   114    49    0.0002250000
      68    98   128    50    0.0000000000
      68    99   113    15    0.0002250000
      68    99   114    31    0.0000000000
      68    99   128    32    0.0000000000
      68   113   114    32    0.0000000000
      68   113   128    33    0.0000000000
      68   114   128    15    0.0000000000
      68    69    83    15    0.0011250000
      68    69    84    31    0.0024750000
      68    69    98    32    0.0012000000
      68    69    99    48    0.0045000000
      68    69   113    49    0.0135000000
      68    69   114    31    0.1757250000
      68    69   128    32    0.0939000000
      68    83    84    32    0.0000750000
      68    83    98    33    0.0000000000
      68    83    99    49    0.0000000000
      68    83   113    50    0.0000750000
      68    83   114    32    0.0013500000
      68    83   128    33    0.0006000000
      68    84    98    15    0.0000750000
      68    84    99    31    0.0001500000
      68    84   113    32    0.0011250000
      68    84   114    48    0.0036750000
      68    84   128    49    0.0039000000
      68    98    99    32    0.0000750000
      68    98   113    33    0.0003750000
      68    98   114    49    0.0023250000
      68    98   128    50    0.0025500000
      68    99   113    15    0.0077250000
      68    99   114    31    0.0101250000
      68    99   128    32    0.0076500000
      68   113   114    32    0.0378000000
      68   113   128    33    0.0303000000
      68   114   128    15    0.4010250000
      68    69    83    15    0.0000750000
      68    69    84    31    0.0763500000
      68    69    98    32    0.0000000000
      68    69    99    48    0.0000000000
      68    69   113    49    0.0000000000
      68    69   114    31    0.0000000000
      68    69   128    32    0.0000750000
      68    83    84    32    0.0003000000
      68    83    98    33    0.0000000000
      68    83    99    49    0.0000000000
      68    83   113    50    0.0000000000
      68    83   114    32    0.0000000000
      68    83   128    33    0.0000000000
      68    84    98    15    0.0000000000
      68    84    99    31    0.0000000000
      68    84   113    32    0.0000000000
      68    84   114    48    0.0000000000
      68    84   128    49    0.0000000000
      68    98    99    32    0.0000000000
      68    98   113    33    0.0000000000
      68    98   114    49    0.0000000000
      68    98   128    50    0.0000000000
      68    99   113    15    0.0000000000
      68    99   114    31    0.0000000000
      68    99   128    32    0.0000000000
      68   113   114    32    0.0000000000
      68   113   128    33    0.0000000000
      68   114   128    15    0.0007500000
      68    69    83    15    0.2497500000
      68    69    84    31    0.0201750000
      68    69    98    32    0.0273000000
      68    69    99    48    0.0108000000
      68    69   113    49    0.0000000000
      68    69   114    31    0.0007500000
      68    69   128    32    0.0000000000
      68    83    84    32    0.0120000000
      68    83    98    33    0.0163500000
      68    83    99    49    0.0255750000
      68    83   113    50    0.0001500000
      68    83   114    32    0.0015000000
      68    83   128    33    0.0001500000
      68    84    98    15    0.0275250000
      68    84    99    31    0.0013500000
      68    84   113    32    0.0000000000
      68    84   114    48    0.0001500000
      68    84   128    49    0.0000000000
      68    98    99    32    0.0024000000
      68    98   113    33    0.0000000000
      68    98   114    49    0.0002250000
      68    98   128    50    0.0000000000
      68    99   113    15    0.0027750000
      68    99   114    31    0.0393750000
      68    99   128    32    0.0014250000
      68   113   114    32    0.0001500000
      68   113   128    33    0.0000000000
      68   114   128    15    0.0093750000
      68    69    83    15    0.0165000000
      68    69    84    31    0.0000000000
      68    69    98    32    0.0000000000
      68    69    99    48    0.0000000000
      68    69   113    49    0.0000000000
      68    69   114    31    0.0021750000
      68    69   128    32    0.0021750000
      68    83    84    32    0.0000000000
      68    83    98    33    0.0000000000
      68    83    99    49    0.0002250000
      68    83   113    50    0.0002250000
      68    83   114    32    0.0161250000
      68    83   128    33    0.0145500000
      68    84    98    15    0.0104250000
      68    84    99    31    0.0001500000
      68    84   113    32    0.0002250000
      68    84   114    48    0.0000000000
      68    84   128    49    0.0000000000
      68    98    99    32    0.0002250000
      68    98   113    33    0.0005250000
      68    98   114    49    0.0000000000
      68    98   128    50    0.0000000000
      68    99   113    15    0.1289250000
      68    99   114    31    0.0032250000
      68    99   128    32    0.0032250000
      68   113   114    32    0.0021750000
      68   113   128    33    0.0022500000
      68   114   128    15    0.4905000000
      68    69    83    15    0.0201750000
      68    69    84    31    0.0008250000
      68    69    98    32    0.0658500000
      68    69    99    48    0.0114000000
      68    69   113    49    0.0046500000
      68    69   114    31    0.1327500000
      68    69   128    32    0.0250500000
      68    83    84    32    0.0000000000
      68    83    98    33    0.0039000000
      68    83    99    49    0.0006000000
      68    83   113    50    0.0004500000
      68    83   114    32    0.0073500000
      68    83   128    33    0.0028500000
      68    84    98    15    0.0001500000
      68    84    99    31    0.0000000000
      68    84   113    32    0.0000000000
      68    84   114    48    0.0002250000
      68    84   128    49    0.0000000000
      68    98    99    32    0.0030750000
      68    98   113    33    0.0009750000
      68    98   114    49    0.0204000000
      68    98   128    50    0.0042000000
      68    99   113    15    0.1135500000
      68    99   114    31    0.0193500000
      68    99   128    32    0.0030750000
      68   113   114    32    0.0071250000
      68   113   128    33    0.0015750000
      68   114   128    15    0.0496500000
     132   133   163    31    0.0000000000
     132   133   164    63    0.0033750000
     132   133   194    64    0.0000000000
     132   133   195    96    0.0042000000
     132   133   225    97    0.0000000000
     132   133   226    63    0.0000000000
     132   133   256    64    0.0004500000
     132   163   164    64    0.0000000000
     132   163   194    65    0.0000000000
     132   163   195    97    0.0000000000
     132   163   225    98    0.0000000000
     132   163   226    64    0.0000000000
     132   163   256    65    0.0000000000
     132   164   194    31    0.0000750000
     132   164   195    63    0.0789000000
     132   164   225    64    0.0005250000
     132   164   226    96    0.0000000000
     132   164   256    97    0.0000000000
     132   194   195    64    0.0000750000
     132   194   225    65    0.0000000000
     132   194   226    97    0.0000000000
     132   194   256    98    0.0000000000
     132   195   225    31    0.0006750000
     132   195   226    63    0.0000000000
     132   195   256    64    0.0000000000
     132   225   226    64    0.0000000000
     132   225   256    65    0.0000000000
     132   226   256    31    0.0000000000
     132   133   163    31    0.0000000000
     132   133   164    63    0.0000000000
     132   133   194    64    0.0000000000
     132   133   195    96    0.0000000000
     132   133   225    97    0.0000000000
     132   133   226    63    0.0000000000
     132   133   256    64    0.0000000000
     132   163   164    64    0.0000000000
     132   163   194    65    0.0000000000
     132   163   195    97    0.0000000000
     132   163   225    98    0.0000000000
     132   163   226    64    0.0000000000
     132   163   256    65    0.0000000000
     132   164   194    31    0.0000000000
     132   164   195    63    0.0000000000
     132   164   225    64    0.0000000000
     132   164   226    96    0.0000000000
     132   164   256    97    0.0000000000
     132   194   195    64    0.0000000000
     132   194   225    65    0.0000000000
     132   194   226    97    0.0000000000
     132   194   256    98    0.0000000000
     132   195   225    31    0.0000000000
     132   195   226    63    0.0545250000
     132   195   256    64    0.0075000000
     132   225   226    64    0.0000000000
     132   225   256    65    0.0000000000
     132   226   256    31    0.0399750000
     132   133   163    31    0.0009750000
     132   133   164    63    0.0018750000
     132   133   194    64    0.0022500000
     132   133   195    96    0.0001500000
     132   133   225    97    0.0000000000
     132   133   226    63    0.0003750000
     132   133   256    64    0.0000000000
     132   163   164    64    0.0001500000
     132   163   194    65    0.0002250000
     132   163   195    97    0.0000000000
     132   163   225    98    0.0000000000
     132   163   226    64    0.0000750000
     132   163   256    65    0.0000000000
     132   164   194    31    0.0089250000
     132   164   195    63    0.0001500000
     132   164   225    64    0.0000000000
     132   164   226    96    0.0001500000
     132   164   256    97    0.0000000000
     132   194   195    64    0.0006750000
     132   194   225    65    0.0000000000
     132   194   226    97    0.0002250000
     132   194   256    98    0.0000000000
     132   195   225    31    0.0000000000
     132   195   226    63    0.0000000000
     132   195   256    64    0.0000000000
     132   225   226    64    0.0000000000
     132   225   256    65    0.0000000000
     132   226   256    31    0.0000000000
     132   133   163    31    0.0000000000
     132   133   164    63    0.0000000000
     132   133   194    64    0.0000000000
     132   133   195    96    0.0000000000
     132   133   225    97    0.0000000000
     132   133   226    63    0.0000000000
     132   133   256    64    0.0000000000
     132   163   164    64    0.0018750000
     132   163   194    65    0.0051000000
     132   163   195    97    0.0000000000
     132   163   225    98    0.0005250000
     132   163   226    64    0.0132750000
     132   163   256    65    0.0000000000
     132   164   194    31    0.0003750000
     132   164   195    63    0.0000000000
     132   164   225    64    0.0000750000
     132   164   226    96    0.0002250000
     132   164   256    97    0.0000000000
     132   194   195    64    0.0000000000
     132   194   225    65    0.0000000000
     132   194   226    97    0.0008250000
     132   194   256    98    0.0000000000
     132   195   225    31    0.0000000000
     132   195   226    63    0.0000000000
     132   195   256    64    0.0000000000
     132   225   226    64    0.0000000000
     132   225   256    65    0.0000000000
     132   226   256    31    0.0000000000
     132   133   163    31    0.0006000000
     132   133   164    63    0.0000000000
     132   133   194    64    0.0000000000
     132   133   195    96    0.0000000000
     132   133   225    97    0.0000000000
     132   133   226    63    0.0000000000
     132   133   256    64    0.0000000000
     132   163   164    64    0.0000000000
     132   163   194    65    0.0000000000
     132   163   195    97    0.0000000000
     132   163   225    98    0.0000000000
     132   163   226    64    0.0000000000
     132   163   256    65    0.0011250000
     132   164   194    31    0.0000750000
     132   164   195    63    0.0003750000
     132   164   225    64    0.0000000000
     132   164   226    96    0.0000000000
     132   164   256    97    0.0000000000
     132   194   195    64    0.0000000000
     132   194   225    65    0.0000000000
     132   194   226    97    0.0000000000
     132   194   256    98    0.0000000000
     132   195   225    31    0.0373500000
     132   195   226    63    0.0000000000
     132   195   256    64    0.0056250000
     132   225   226    64    0.0000000000
     132   225   256    65    0.0005250000
     132   226   256    31    0.0000000000
     132   133   163    31    0.0000000000
     132   133   164    63    0.0011250000
     132   133   194    64    0.0000000000
     132   133   195    96    0.0018000000
     132   133   225    97    0.0009750000
     132   133   226    63    0.0000000000
     132   133   256    64    0.0000000000
     132   163   164    64    0.0000000000
     132   163   194    65    0.0000000000
     132   163   195    97    0.0000000000
     132   163   225    98    0.0000000000
     132   163   226    64    0.0000000000
     132   163   256    65    0.0000000000
     132   164   194    31    0.0000000000
     132   164   195    63    0.0081750000
     132   164   225    64    0.0042750000
     132   164   226    96    0.0000000000
     132   164   256    97    0.0000000000
     132   194   195    64    0.0000000000
     132   194   225    65    0.0000000000
     132   194   226    97    0.0000000000
     132   194   256    98    0.0000000000
     132   195   225    31    0.2436000000
     132   195   226    63    0.0000000000
     132   195   256    64    0.0000000000
     132   225   226    64    0.0000000000
     132   225   256    65    0.0000000000
     132   226   256    31    0.0000000000
     132   133   163    31    0.0139500000
     132   133   164    63    0.0000000000
     132   133   194    64    0.0035250000
     132   133   195    96    0.0026250000
     132   133   225    97    0.0000000000
     132   133   226    63    0.0012750000
     132   133   256    64    0.0017250000
     132   163   164    64    0.0000000000
     132   163   194    65    0.0189000000
     132   163   195    97    0.0155250000
     132   163   225    98    0.0000000000
     132   163   226    64    0.0072750000
     132   163   256    65    0.0117000000
     132   164   194    31    0.0000000000
     132   164   195    63    0.0000000000
     132   164   225    64    0.0000000000
     132   164   226    96    0.0000000000
     132   164   256    97    0.0000000000
     132   194   195    64    0.0049500000
     132   194   225    65    0.0000000000
     132   194   226    97    0.0017250000
     132   194   256    98    0.0027750000
     132   195   225    31    0.0000000000
     132   195   226    63    0.1623750000
     132   195   256    64    0.1926000000
     132   225   226    64    0.0000000000
     132   225   256    65    0.0000000000
     132   226   256    31    0.1824000000
     132   133   163    31    0.0000000000
     132   133   164    63    0.0000000000
     132   133   194    64    0.0000000000
     132   133   195    96    0.0000000000
     132   133   225    97    0.0000000000
     132   133   226    63    0.0015750000
     132   133   256    64    0.0000000000
     132   163   164    64    0.0000000000
     132   163   194    65    0.0000000000
     132   163   195    97    0.0000000000
     132   163   225    98    0.0000000000
     132   163   226    64    0.0000000000
     132   163   256    65    0.0000000000
     132   164   194    31    0.0000000000
     132   164   195    63    0.0000000000
     132   164   225    64    0.0000000000
     132   164   226    96    0.0000000000
     132   164   256    97    0.0000000000
     132   194   195    64    0.0000000000
     132   194   225    65    0.0000000000
     132   194   226    97    0.0000000000
     132   194   256    98    0.0000000000
     132   195   225    31    0.0023250000
     132   195   226    63    0.0000000000
     132   195   256    64    0.0000000000
     132   225   226    64    0.0000000000
     132   225   256    65    0.0000000000
     132   226   256    31    0.0000000000
     132   133   163    31    0.0000000000
     132   133   164    63    0.0002250000
     132   133   194    64    0.0000000000
     132   133   195    96    0.0000000000
     132   133   225    97    0.0000000000
     132   133   226    63    0.0000000000
     132   133   256    64    0.0000000000
     132   163   164    64    0.0001500000
     132   163   194    65    0.0000000000
     132   163   195    97    0.0000000000
     132   163   225    98    0.0000000000
     132   163   226    64    0.0000000000
     132   163   256    65    0.0000000000
     132   164   194    31    0.0000000000
     132   164   195    63    0.0000000000
     132   164   225    64    0.0015000000
     132   164   226    96    0.0003000000
     132   164   256    97    0.0063750000
     132   194   195    64    0.0000000000
     132   194   225    65    0.0000000000
     132   194   226    97    0.0000000000
     132   194   256    98    0.0000000000
     132   195   225    31    0.0000000000
     132   195   226    63    0.0000000000
     132   195   256    64    0.0000000000
     132   225   226    64    0.0000750000
     132   225   256    65    0.0000000000
     132   226   256    31    0.0237000000
     132   133   163    31    0.0387000000
     132   133   164    63    0.0162750000
     132   133   194    64    0.0000000000
     132   133   195    96    0.0007500000
     132   133   225    97    0.0102750000
     132   133   226    63    0.0000000000
     132   133   256    64    0.0000000000
     132   163   164    64    0.0005250000
     132   163   194    65    0.0000000000
     132   163   195    97    0.0000000000
     132   163   225    98    0.0002250000
     132   163   226    64    0.0000000000
     132   163   256    65    0.0000000000
     132   164   194    31    0.0000000000
     132   164   195    63    0.0248250000
     132   164   225    64    0.2208750000
     132   164   226    96    0.0000000000
     132   164   256    97    0.0000000000
     132   194   195    64    0.0000000000
     132   194   225    65    0.0000000000
     132   194   226    97    0.0000000000
     132   194   256    98    0.0000000000
     132   195   225    31    0.0225750000
     132   195   226    63    0.0000000000
     132   195   256    64    0.0000000000
     132   225   226    64    0.0000000000
     132   225   256    65    0.0000000000
     132   226   256    31    0.0000000000
     196   197   243    47    0.1638750000
     196   197   244    95    0.0000000000
     196   197   290    96    0.0009000000
     196   197   291   144    0.0009750000
     196   197   337   145    0.0068250000
     196   197   338    95    0.0937500000
     196   197   384    96    0.0297750000
     196   243   244    96    0.0000000000
     196   243   290    97    0.0009750000
     196   243   291   145    0.0013500000
     196   243   337   146    0.0042750000
     196   243   338    96    0.0576000000
     196   243   384    97    0.0201000000
     196   244   290    47    0.0002250000
     196   244   291    95    0.0000000000
     196   244   337    96    0.0000000000
     196   244   338   144    0.0000000000
     196   244   384   145    0.0000000000
     196   290   291    96    0.0000750000
     196   290   337    97    0.0001500000
     196   290   338   145    0.0009000000
     196   290   384   146    0.0003750000
     196   291   337    47    0.0290250000
     196   291   338    95    0.0076500000
     196   291   384    96    0.0030000000
     196   337   338    96    0.0326250000
     196   337   384    97    0.0136500000
     196   338   384    47    0.2409000000
     196   197   243    47    0.0000000000
     196   197   244    95    0.0112500000
     196   197   290    96    0.0009750000
     196   197   291   144    0.0138750000
     196   197   337   145    0.0000000000
     196   197   338    95    0.0003750000
     196   197   384    96    0.0000000000
     196   243   244    96    0.0000750000
     196   243   290    97    0.0000750000
     196   243   291   145    0.0000750000
     196   243   337   146    0.0000000000
     196   243   338    96    0.0000000000
     196   243   384    97    0.0000000000
     196   244   290    47    0.0305250000
     196   244   291    95    0.1083750000
     196   244   337    96    0.0000000000
     196   244   338   144    0.0024000000
     196   244   384   145    0.0000000000
     196   290   291    96    0.0089250000
     196   290   337    97    0.0000000000
     196   290   338   145    0.0000750000
     196   290   384   146    0.0000000000
     196   291   337    47    0.0000000000
     196   291   338    95    0.0055500000
     196   291   384    96    0.0000000000
     196   337   338    96    0.0000000000
     196   337   384    97    0.0000000000
     196   338   384    47    0.0000000000
     196   197   243    47    0.0000000000
     196   197   244    95    0.0000000000
     196   197   290    96    0.0000000000
     196   197   291   144    0.0000000000
     196   197   337   145    0.0000000000
     196   197   338    95    0.0000000000
     196   197   384    96    0.0000000000
     196   243   244    96    0.0000000000
     196   243   290    97    0.0000000000
     196   243   291   145    0.0000000000
     196   243   337   146    0.0000000000
     196   243   338    96    0.0000000000
     196   243   384    97    0.0000000000
     196   244   290    47    0.0000000000
     196   244   291    95    0.0000000000
     196   244   337    96    0.0000000000
     196   244   338   144    0.0000000000
     196   244   384   145    0.0000000000
     196   290   291    96    0.0000000000
     196   290   337    97    0.0000750000
     196   290   338   145    0.0000000000
     196   290   384   146    0.0000750000
     196   291   337    47    0.0000000000
     196   291   338    95    0.0000000000
     196   291   384    96    0.0000000000
     196   337   338    96    0.0000000000
     196   337   384    97    0.0000750000
     196   338   384    47    0.0000000000
     196   197   243    47    0.0000000000
     196   197   244    95    0.0000000000
     196   197   290    96    0.0000000000
     196   197   291   144    0.0000000000
     196   197   337   145    0.0000000000
     196   197   338    95    0.0070500000
     196   197   384    96    0.0000000000
     196   243   244    96    0.0000000000
     196   243   290    97    0.0000000000
     196   243   291   145    0.0000000000
     196   243   337   146    0.0000000000
     196   243   338    96    0.0000000000
     196   243   384    97    0.0000000000
     196   244   290    47    0.0000000000
     196   244   291    95    0.0000000000
     196   244   337    96    0.0000000000
     196   244   338   144    0.0005250000
     196   244   384   145    0.0000000000
     196   290   291    96    0.0000000000
     196   290   337    97    0.0000000000
     196   290   338   145    0.0051750000
     196   290   384   146    0.0000000000
     196   291   337    47    0.0000000000
     196   291   338    95    0.0000000000
     196   291   384    96    0.0000000000
     196   337   338    96    0.0007500000
     196   337   384    97    0.0000000000
     196   338   384    47    0.0000000000
     196   197   243    47    0.0005250000
     196   197   244    95    0.0000000000
     196   197   290    96    0.0000000000
     196   197   291   144    0.0000000000
     196   197   337   145    0.0000000000
     196   197   338    95    0.0000000000
     196   197   384    96    0.0000000000
     196   243   244    96    0.0000000000
     196   243   290    97    0.0000000000
     196   243   291   145    0.0000000000
     196   243   337   146    0.0000000000
     196   243   338    96    0.0000000000
     196   243   384    97    0.0000000000
     196   244   290    47    0.0063000000
     196   244   291    95    0.0000000000
     196   244   337    96    0.0000000000
     196   244   338   144    0.0000000000
     196   244   384   145    0.0000000000
     196   290   291    96    0.0000000000
     196   290   337    97    0.0000000000
     196   290   338   145    0.0000000000
     196   290   384   146    0.0005250000
     196   291   337    47    0.0000000000
     196   291   338    95    0.0000000000
     196   291   384    96    0.0002250000
     196   337   338    96    0.0000000000
     196   337   384    97    0.0000000000
     196   338   384    47    0.0000000000
     196   197   243    47    0.0000000000
     196   197   244    95    0.0000000000
     196   197   290    96    0.0000000000
     196   197   291   144    0.0000000000
     196   197   337   145    0.0000750000
     196   197   338    95    0.0014250000
     196   197   384    96    0.0015750000
     196   243   244    96    0.0000000000
     196   243   290    97    0.0000000000
     196   243   291   145    0.0000000000
     196   243   337   146    0.0000000000
     196   243   338    96    0.0000000000
     196   243   384    97    0.0000000000
     196   244   290    47    0.0000000000
     196   244   291    95    0.0000000000
     196   244   337    96    0.0000000000
     196   244   338   144    0.0000000000
     196   244   384   145    0.0000750000
     196   290   291    96    0.0000000000
     196   290   337    97    0.0000000000
     196   290   338   145    0.0000000000
     196   290   384   146    0.0000000000
     196   291   337    47    0.0000750000
     196   291   338    95    0.0000000000
     196   291   384    96    0.0000000000
     196   337   338    96    0.0002250000
     196   337   384    97    0.0002250000
     196   338   384    47    0.6022500000
     196   197   243    47    0.0020250000
     196   197   244    95    0.0090750000
     196   197   290    96    0.0084750000
     196   197   291   144    0.0000000000
     196   197   337   145    0.0000000000
     196   197   338    95    0.0000000000
     196   197   384    96    0.0000000000
     196   243   244    96    0.0002250000
     196   243   290    97    0.0003000000
     196   243   291   145    0.0000000000
     196   243   337   146    0.0000000000
     196   243   338    96    0.0000000000
     196   243   384    97    0.0000000000
     196   244   290    47    0.0487500000
     196   244   291    95    0.0000000000
     196   244   337    96    0.0000000000
     196   244   338   144    0.0000000000
     196   244   384   145    0.0000000000
     196   290   291    96    0.0000000000
     196   290   337    97    0.0000000000
     196   290   338   145    0.0000000000
     196   290   384   146    0.0000000000
     196   291   337    47    0.0000000000
     196   291   338    95    0.0000000000
     196   291   384    96    0.0000000000
     196   337   338    96    0.0000000000
     196   337   384    97    0.0000000000
     196   338   384    47    0.0000000000
     196   197   243    47    0.0000000000
     196   197   244    95    0.0000000000
     196   197   290    96    0.0000000000
     196   197   291   144    0.0000000000
     196   197   337   145    0.0000000000
     196   197   338    95    0.0145500000
     196   197   384    96    0.2230500000
     196   243   244    96    0.0000000000
     196   243   290    97    0.0000000000
     196   243   291   145    0.0000000000
     196   243   337   146    0.0000000000
     196   243   338    96    0.0000000000
     196   243   384    97    0.0000000000
     196   244   290    47    0.0000000000
     196   244   291    95    0.0000000000
     196   244   337    96    0.0000000000
     196   244   338   144    0.0000000000
     196   244   384   145    0.0000000000
     196   290   291    96    0.0000000000
     196   290   337    97    0.0000000000
     196   290   338   145    0.0000000000
     196   290   384   146    0.0000000000
     196   291   337    47    0.0021000000
     196   291   338    95    0.0000000000
     196   291   384    96    0.0000000000
     196   337   338    96    0.0000000000
     196   337   384    97    0.0000000000
     196   338   384    47    0.0167250000
     196   197   243    47    0.0000000000
     196   197   244    95    0.0000000000
     196   197   290    96    0.0000750000
     196   197   291   144    0.0000000000
     196   197   337   145    0.0003750000
     196   197   338    95    0.1593750000
     196   197   384    96    0.0839250000
     196   243   244    96    0.0000000000
     196   243   290    97    0.0000000000
     196   243   291   145    0.0000000000
     196   243   337   146    0.0000000000
     196   243   338    96    0.0000000000
     196   243   384    97    0.0000000000
     196   244   290    47    0.0000000000
     196   244   291    95    0.0000000000
     196   244   337    96    0.0000000000
     196   244   338   144    0.0000000000
     196   244   384   145    0.0000000000
     196   290   291    96    0.0000000000
     196   290   337    97    0.0000000000
     196   290   338   145    0.0000000000
     196   290   384   146    0.0000000000
     196   291   337    47    0.0000000000
     196   291   338    95    0.0003750000
     196   291   384    96    0.0000000000
     196   337   338    96    0.0008250000
     196   337   384    97    0.0000000000
     196   338   384    47    0.0240000000
     196   197   243    47    0.0000000000
     196   197   244    95    0.0003000000
     196   197   290    96    0.0000000000
     196   197   291   144    0.0000000000
     196   197   337   145    0.0000000000
     196   197   338    95    0.0003750000
     196   197   384    96    0.0000000000
     196   243   244    96    0.0001500000
     196   243   290    97    0.0000000000
     196   243   291   145    0.0000000000
     196   243   337   146    0.0000000000
     196   243   338    96    0.0001500000
     196   243   384    97    0.0000000000
     196   244   290    47    0.0129750000
     196   244   291    95    0.0003000000
     196   244   337    96    0.0000000000
     196   244   338   144    0.0487500000
     196   244   384   145    0.0000000000
     196   290   291    96    0.0000000000
     196   290   337    97    0.0000000000
     196   290   338   145    0.0009000000
     196   290   384   146    0.0000000000
     196   291   337    47    0.0000000000
     196   291   338    95    0.0001500000
     196   291   384    96    0.0000000000
     196   337   338    96    0.0000000000
     196   337   384    97    0.0000000000
     196   338   384    47    0.0000750000
     260   261   323    63    0.0048000000
     260   261   324   127    0.0000000000
     260   261   386   128    0.0000000000
     260   261   387   192    0.0000000000
     260   261   449   193    0.0000000000
     260   261   450   127    0.0000000000
     260   261   512   128    0.0000000000
     260   323   324   128    0.0000000000
     260   323   386   129    0.0000000000
     260   323   387   193    0.0000000000
     260   323   449   194    0.0000000000
     260   323   450   128    0.0000000000
     260   323   512   129    0.0000000000
     260   324   386    63    0.0000000000
     260   324   387   127    0.0000000000
     260   324   449   128    0.0000000000
     260   324   450   192    0.0000000000
     260   324   512   193    0.0000000000
     260   386   387   128    0.0000000000
     260   386   449   129    0.0000000000
     260   386   450   193    0.0000000000
     260   386   512   194    0.0000000000
     260   387   449    63    0.0000000000
     260   387   450   127    0.0000000000
     260   387   512   128    0.0000000000
     260   449   450   128    0.0000000000
     260   449   512   129    0.0004500000
     260   450   512    63    0.0000000000
     260   261   323    63    0.0000000000
     260   261   324   127    0.0003750000
     260   261   386   128    0.0000000000
     260   261   387   192    0.0000750000
     260   261   449   193    0.0000000000
     260   261   450   127    0.0000000000
     260   261   512   128    0.0002250000
     260   323   324   128    0.0000000000
     260   323   386   129    0.0000000000
     260   323   387   193    0.0000000000
     260   323   449   194    0.0000000000
     260   323   450   128    0.0000000000
     260   323   512   129    0.0000000000
     260   324   386    63    0.0000000000
     260   324   387   127    0.0000000000
     260   324   449   128    0.0000000000
     260   324   450   192    0.0000000000
     260   324   512   193    0.0000000000
     260   386   387   128    0.0000000000
     260   386   449   129    0.0000000000
     260   386   450   193    0.0000000000
     260   386   512   194    0.0000000000
     260   387   449    63    0.0000000000
     260   387   450   127    0.0000000000
     260   387   512   128    0.0000000000
     260   449   450   128    0.0000000000
     260   449   512   129    0.0000000000
     260   450   512    63    0.0000000000
     260   261   323    63    0.0000000000
     260   261   324   127    0.0000000000
     260   261   386   128    0.0000000000
     260   261   387   192    0.0000000000
     260   261   449   193    0.0000000000
     260   261   450   127    0.0000000000
     260   261   512   128    0.0000000000
     260   323   324   128    0.0000000000
     260   323   386   129    0.0000000000
     260   323   387   193    0.0000000000
     260   323   449   194    0.0000000000
     260   323   450   128    0.0000000000
     260   323   512   129    0.0000000000
     260   324   386    63    0.0000000000
     260   324   387   127    0.0000000000
     260   324   449   128    0.0000000000
     260   324   450   192    0.0000000000
     260   324   512   193    0.0000000000
     260   386   387   128    0.0000000000
     260   386   449   129    0.0000000000
     260   386   450   193    0.0002250000
     260   386   512   194    0.0000000000
     260   387   449    63    0.0000000000
     260   387   450   127    0.0018000000
     260   387   512   128    0.0000000000
     260   449   450   128    0.0000000000
     260   449   512   129    0.0000000000
     260   450   512    63    0.0000000000
     260   261   323    63    0.0000000000
     260   261   324   127    0.0000000000
     260   261   386   128    0.0000000000
     260   261   387   192    0.0000000000
     260   261   449   193    0.0000000000
     260   261   450   127    0.0000000000
     260   261   512   128    0.0000000000
     260   323   324   128    0.0000000000
     260   323   386   129    0.0000000000
     260   323   387   193    0.0000000000
     260   323   449   194    0.0000000000
     260   323   450   128    0.0000000000
     260   323   512   129    0.0000000000
     260   324   386    63    0.0000000000
     260   324   387   127    0.0033750000
     260   324   449   128    0.0000000000
     260   324   450   192    0.0009000000
     260   324   512   193    0.0000000000
     260   386   387   128    0.0000000000
     260   386   449   129    0.0000000000
     260   386   450   193    0.0000000000
     260   386   512   194    0.0000000000
     260   387   449    63    0.0000000000
     260   387   450   127    0.0004500000
     260   387   512   128    0.0000000000
     260   449   450   128    0.0000000000
     260   449   512   129    0.0000000000
     260   450   512    63    0.0009000000
     260   261   323    63    0.0000000000
     260   261   324   127    0.0000000000
     260   261   386   128    0.0000000000
     260   261   387   192    0.0000000000
     260   261   449   193    0.0000000000
     260   261   450   127    0.0000750000
     260   261   512   128    0.0000000000
     260   323   324   128    0.0000000000
     260   323   386   129    0.0000000000
     260   323   387   193    0.0000000000
     260   323   449   194    0.0000000000
     260   323   450   128    0.0000000000
     260   323   512   129    0.0000000000
     260   324   386    63    0.0009000000
     260   324   387   127    0.0000000000
     260   324   449   128    0.0000000000
     260   324   450   192    0.0000000000
     260   324   512   193    0.0000000000
     260   386   387   128    0.0000000000
     260   386   449   129    0.0000000000
     260   386   450   193    0.0000000000
     260   386   512   194    0.0000000000
     260   387   449    63    0.0000000000
     260   387   450   127    0.0000000000
     260   387   512   128    0.0000000000
     260   449   450   128    0.0000000000
     260   449   512   129    0.0000000000
     260   450   512    63    0.0004500000
     260   261   323    63    0.0006750000
     260   261   324   127    0.0039750000
     260   261   386   128    0.0000000000
     260   261   387   192    0.0000000000
     260   261   449   193    0.0000000000
     260   261   450   127    0.0000750000
     260   261   512   128    0.0000000000
     260   323   324   128    0.0090750000
     260   323   386   129    0.0000000000
     260   323   387   193    0.0000000000
     260   323   449   194    0.0000000000
     260   323   450   128    0.0004500000
     260   323   512   129    0.0005250000
     260   324   386    63    0.0000000000
     260   324   387   127    0.0000000000
     260   324   449   128    0.0000000000
     260   324   450   192    0.0059250000
     260   324   512   193    0.0048000000
     260   386   387   128    0.0000000000
     260   386   449   129    0.0000000000
     260   386   450   193    0.0000000000
     260   386   512   194    0.0000000000
     260   387   449    63    0.0000000000
     260   387   450   127    0.0000000000
     260   387   512   128    0.0000000000
     260   449   450   128    0.0000000000
     260   449   512   129    0.0000000000
     260   450   512    63    0.0348750000
     260   261   323    63    0.0000000000
     260   261   324   127    0.0000000000
     260   261   386   128    0.0000000000
     260   261   387   192    0.0000000000
     260   261   449   193    0.0000000000
     260   261   450   127    0.0000000000
     260   261   512   128    0.0000000000
     260   323   324   128    0.0000000000
     260   323   386   129    0.0000000000
     260   323   387   193    0.0000000000
     260   323   449   194    0.0000000000
     260   323   450   128    0.0000000000
     260   323   512   129    0.0000000000
     260   324   386    63    0.0000000000
     260   324   387   127    0.0000000000
     260   324   449   128    0.0000000000
     260   324   450   192    0.0000000000
     260   324   512   193    0.0000000000
     260   386   387   128    0.0000000000
     260   386   449   129    0.0000000000
     260   386   450   193    0.0000000000
     260   386   512   194    0.0000000000
     260   387   449    63    0.0003750000
     260   387   450   127    0.0006000000
     260   387   512   128    0.0000000000
     260   449   450   128    0.0922500000
     260   449   512   129    0.0000750000
     260   450   512    63    0.0003750000
     260   261   323    63    0.0000000000
     260   261   324   127    0.0000000000
     260   261   386   128    0.0000000000
     260   261   387   192    0.0000000000
     260   261   449   193    0.0000000000
     260   261   450   127    0.0000000000
     260   261   512   128    0.0000000000
     260   323   324   128    0.0000000000
     260   323   386   129    0.0000750000
     260   323   387   193    0.0000000000
     260   323   449   194    0.0000000000
     260   323   450   128    0.0000000000
     260   323   512   129    0.0000000000
     260   324   386    63    0.0000000000
     260   324   387   127    0.0000000000
     260   324   449   128    0.0000000000
     260   324   450   192    0.0000000000
     260   324   512   193    0.0000000000
     260   386   387   128    0.0000000000
     260   386   449   129    0.0000000000
     260   386   450   193    0.0000750000
     260   386   512   194    0.0000000000
     260   387   449    63    0.0000000000
     260   387   450   127    0.0000000000
     260   387   512   128    0.0000000000
     260   449   450   128    0.0000000000
     260   449   512   129    0.0000000000
     260   450   512    63    0.0000000000
     260   261   323    63    0.0000000000
     260   261   324   127    0.0000000000
     260   261   386   128    0.0000000000
     260   261   387   192    0.0000000000
     260   261   449   193    0.0000000000
     260   261   450   127    0.0000000000
     260   261   512   128    0.0000000000
     260   323   324   128    0.0000000000
     260   323   386   129    0.0000000000
     260   323   387   193    0.0000000000
     260   323   449   194    0.0000000000
     260   323   450   128    0.0000000000
     260   323   512   129    0.0000000000
     260   324   386    63    0.0000000000
     260   324   387   127    0.0038250000
     260   324   449   128    0.0000000000
     260   324   450   192    0.0002250000
     260   324   512   193    0.0000000000
     260   386   387   128    0.0000000000
     260   386   449   129    0.0000000000
     260   386   450   193    0.0000000000
     260   386   512   194    0.0000000000
     260   387   449    63    0.0000000000
     260   387   450   127    0.0106500000
     260   387   512   128    0.0084750000
     260   449   450   128    0.0000000000
     260   449   512   129    0.0000000000
     260   450   512    63    0.3762750000
     260   261   323    63    0.0000000000
     260   261   324   127    0.0000000000
     260   261   386   128    0.0000000000
     260   261   387   192    0.0000000000
     260   261   449   193    0.0000000000
     260   261   450   127    0.0000000000
     260   261   512   128    0.0000000000
     260   323   324   128    0.0000000000
     260   323   386   129    0.0000000000
     260   323   387   193    0.0000000000
     260   323   449   194    0.0006000000
     260   323   450   128    0.0009000000
     260   323   512   129    0.0000000000
     260   324   386    63    0.0000000000
     260   324   387   127    0.0000000000
     260   324   449   128    0.0008250000
     260   324   450   192    0.0018750000
     260   324   512   193    0.0000000000
     260   386   387   128    0.0000000000
     260   386   449   129    0.0000000000
     260   386   450   193    0.0000000000
     260   386   512   194    0.0000000000
     260   387   449    63    0.0000000000
     260   387   450   127    0.0000000000
     260   387   512   128    0.0000000000
     260   449   450   128    0.1494750000
     260   449   512   129    0.0000000000
     260   450   512    63    0.0000000000
     260   261   323    63    0.0000000000
     260   261   324   127    0.0000000000
     260   261   386   128    0.0000000000
     260   261   387   192    0.0000000000
     260   261   449   193    0.0000000000
     260   261   450   127    0.0000000000
     260   261   512   128    0.0000000000
     260   323   324   128    0.0000000000
     260   323   386   129    0.0000000000
     260   323   387   193    0.0000000000
     260   323   449   194    0.0000000000
     260   323   450   128    0.0000000000
     260   323   512   129    0.0000000000
     260   324   386    63    0.0000000000
     260   324   387   127    0.0000000000
     260   324   449   128    0.0000000000
     260   324   450   192    0.0001500000
     260   324   512   193    0.0000000000
     260   386   387   128    0.0000000000
     260   386   449   129    0.0000000000
     260   386   450   193    0.0000000000
     260   386   512   194    0.0000000000
     260   387   449    63    0.0000000000
     260   387   450   127    0.0000000000
     260   387   512   128    0.0000000000
     260   449   450   128    0.0000000000
     260   449   512   129    0.0000000000
     260   450   512    63    0.0000000000
     260   261   323    63    0.0002250000
     260   261   324   127    0.0000000000
     260   261   386   128    0.0000000000
     260   261   387   192    0.0000000000
     260   261   449   193    0.0000000000
     260   261   450   127    0.0000000000
     260   261   512   128    0.0000000000
     260   323   324   128    0.0000000000
     260   323   386   129    0.0000000000
     260   323   387   193    0.0000000000
     260   323   449   194    0.0001500000
     260   323   450   128    0.0003750000
     260   323   512   129    0.0000000000
     260   324   386    63    0.0000000000
     260   324   387   127    0.0000000000
     260   324   449   128    0.0000000000
     260   324   450   192    0.0000000000
     260   324   512   193    0.0000000000
     260   386   387   128    0.0000000000
     260   386   449   129    0.0002250000
     260   386   450   193    0.0001500000
     260   386   512   194    0.0000000000
     260   387   449    63    0.0447000000
     260   387   450   127    0.0311250000
     260   387   512   128    0.0000000000
     260   449   450   128    0.0723000000
     260   449   512   129    0.0000750000
     260   450   512    63    0.0000750000
     260   261   323    63    0.0606750000
     260   261   324   127    0.0000000000
     260   261   386   128    0.0000000000
     260   261   387   192    0.0000750000
     260   261   449   193    0.0000750000
     260   261   450   127    0.0000000000
     260   261   512   128    0.0006750000
     260   323   324   128    0.0000000000
     260   323   386   129    0.0000000000
     260   323   387   193    0.0000000000
     260   323   449   194    0.0000000000
     260   323   450   128    0.0000000000
     260   323   512   129    0.0002250000
     260   324   386    63    0.0000000000
     260   324   387   127    0.0000000000
     260   324   449   128    0.0000000000
     260   324   450   192    0.0000000000
     260   324   512   193    0.0000000000
     260   386   387   128    0.0000000000
     260   386   449   129    0.0000000000
     260   386   450   193    0.0000000000
     260   386   512   194    0.0000000000
     260   387   449    63    0.0000000000
     260   387   450   127    0.0000000000
     260   387   512   128    0.0000000000
     260   449   450   128    0.0000000000
     260   449   512   129    0.0000000000
     260   450   512    63    0.0000000000
     260   261   323    63    0.0000000000
     260   261   324   127    0.1956750000
     260   261   386   128    0.0091500000
     260   261   387   192    0.0000000000
     260   261   449   193    0.0005250000
     260   261   450   127    0.0000000000
     260   261   512   128    0.0000000000
     260   323   324   128    0.0000000000
     260   323   386   129    0.0000000000
     260   323   387   193    0.0000000000
     260   323   449   194    0.0000000000
     260   323   450   128    0.0000000000
     260   323   512   129    0.0000000000
     260   324   386    63    0.0293250000
     260   324   387   127    0.0000000000
     260   324   449   128    0.0015000000
     260   324   450   192    0.0000000000
     260   324   512   193    0.0000000000
     260   386   387   128    0.0000000000
     260   386   449   129    0.0001500000
     260   386   450   193    0.0000000000
     260   386   512   194    0.0000000000
     260   387   449    63    0.0002250000
     260   387   450   127    0.0000000000
     260   387   512   128    0.0000000000
     260   449   450   128    0.0000000000
     260   449   512   129    0.0007500000
     260   450   512    63    0.0000000000
