      36    37    43     7    0.2730000000
      36    37    44    15    0.0001500000
      36    37    50    16    0.0000000000
      36    37    51    24    0.0015750000
      36    37    57    25    0.0012750000
      36    37    58    15    0.0015000000
      36    37    64    16    0.0002250000
      36    43    44    16    0.0001500000
      36    43    50    17    0.0000750000
      36    43    51    25    0.0027000000
      36    43    57    26    0.0021000000
      36    43    58    16    0.0026250000
      36    43    64    17    0.0004500000
      36    44    50     7    0.0001500000
      36    44    51    15    0.0002250000
      36    44    57    16    0.0001500000
      36    44    58    24    0.0001500000
      36    44    64    25    0.0000000000
      36    50    51    16    0.0000000000
      36    50    57    17    0.0000750000
      36    50    58    25    0.0000000000
      36    50    64    26    0.0000000000
      36    51    57     7    0.3101250000
      36    51    58    15    0.1374750000
      36    51    64    16    0.0204000000
      36    57    58    16    0.1213500000
      36    57    64    17    0.0186750000
      36    58    64     7    0.0420750000
      36    37    43     7    0.0874500000
      36    37    44    15    0.0184500000
      36    37    50    16    0.0131250000
      36    37    51    24    0.0000750000
      36    37    57    25    0.0005250000
      36    37    58    15    0.0054750000
      36    37    64    16    0.0714000000
      36    43    44    16    0.0051000000
      36    43    50    17    0.0035250000
      36    43    51    25    0.0000000000
      36    43    57    26    0.0000750000
      36    43    58    16    0.0009000000
      36    43    64    17    0.0121500000
      36    44    50     7    0.5019750000
      36    44    51    15    0.0002250000
      36    44    57    16    0.0013500000
      36    44    58    24    0.0001500000
      36    44    64    25    0.0027000000
      36    50    51    16    0.0002250000
      36    50    57    17    0.0012000000
      36    50    58    25    0.0001500000
      36    50    64    26    0.0027000000
      36    51    57     7    0.0271500000
      36    51    58    15    0.0000750000
      36    51    64    16    0.0000000000
      36    57    58    16    0.0000750000
      36    57    64    17    0.0001500000
      36    58    64     7    0.0025500000
      36    37    43     7    0.0147000000
      36    37    44    15    0.0588000000
      36    37    50    16    0.0026250000
      36    37    51    24    0.0002250000
      36    37    57    25    0.0001500000
      36    37    58    15    0.0250500000
      36    37    64    16    0.0012000000
      36    43    44    16    0.0732000000
      36    43    50    17    0.0039750000
      36    43    51    25    0.0008250000
      36    43    57    26    0.0009750000
      36    43    58    16    0.0345750000
      36    43    64    17    0.0016500000
      36    44    50     7    0.0281250000
      36    44    51    15    0.0026250000
      36    44    57    16    0.0039750000
      36    44    58    24    0.0771000000
      36    44    64    25    0.0102000000
      36    50    51    16    0.0003000000
      36    50    57    17    0.0001500000
      36    50    58    25    0.0047250000
      36    50    64    26    0.0007500000
      36    51    57     7    0.0365250000
      36    51    58    15    0.0017250000
      36    51    64    16    0.0007500000
      36    57    58    16    0.0024000000
      36    57    64    17    0.0006750000
      36    58    64     7    0.0063750000
      36    37    43     7    0.2481000000
      36    37    44    15    0.0223500000
      36    37    50    16    0.0067500000
      36    37    51    24    0.0001500000
      36    37    57    25    0.0000750000
      36    37    58    15    0.0018750000
      36    37    64    16    0.0000000000
      36    43    44    16    0.0070500000
      36    43    50    17    0.0023250000
      36    43    51    25    0.0000750000
      36    43    57    26    0.0000000000
      36    43    58    16    0.0005250000
      36    43    64    17    0.0000000000
      36    44    50     7    0.2446500000
      36    44    51    15    0.0009000000
      36    44    57    16    0.0001500000
      36    44    58    24    0.0042750000
      36    44    64    25    0.0000000000
      36    50    51    16    0.0000750000
      36    50    57    17    0.0000750000
      36    50    58    25    0.0015000000
      36    50    64    26    0.0000000000
      36    51    57     7    0.0058500000
      36    51    58    15    0.0806250000
      36    51    64    16    0.0000000000
      36    57    58    16    0.0231750000
      36    57    64    17    0.0000000000
      36    58    64     7    0.0014250000
      36    37    43     7    0.0126000000
      36    37    44    15    0.0006750000
      36    37    50    16    0.0048000000
      36    37    51    24    0.0006750000
      36    37    57    25    0.0000000000
      36    37    58    15    0.0000000000
      36    37    64    16    0.0000000000
      36    43    44    16    0.0005250000
      36    43    50    17    0.0024000000
      36    43    51    25    0.0003750000
      36    43    57    26    0.0000000000
      36    43    58    16    0.0000000000
      36    43    64    17    0.0000000000
      36    44    50     7    0.0531000000
      36    44    51    15    0.0026250000
      36    44    57    16    0.0001500000
      36    44    58    24    0.0000750000
      36    44    64    25    0.0000750000
      36    50    51    16    0.0221250000
      36    50    57    17    0.0023250000
      36    50    58    25    0.0000750000
      36    50    64    26    0.0000750000
      36    51    57     7    0.0219750000
      36    51    58    15    0.0000750000
      36    51    64    16    0.0000750000
      36    57    58    16    0.0000750000
      36    57    64    17    0.0000750000
      36    58    64     7    0.1987500000
      36    37    43     7    0.0336750000
      36    37    44    15    0.0001500000
      36    37    50    16    0.0000750000
      36    37    51    24    0.0001500000
      36    37    57    25    0.0049500000
      36    37    58    15    0.0138750000
      36    37    64    16    0.0054750000
      36    43    44    16    0.0009000000
      36    43    50    17    0.0000750000
      36    43    51    25    0.0006750000
      36    43    57    26    0.0160500000
      36    43    58    16    0.0534000000
      36    43    64    17    0.0198750000
      36    44    50     7    0.0109500000
      36    44    51    15    0.0000000000
      36    44    57    16    0.0002250000
      36    44    58    24    0.0003750000
      36    44    64    25    0.0002250000
      36    50    51    16    0.0000000000
      36    50    57    17    0.0000000000
      36    50    58    25    0.0000000000
      36    50    64    26    0.0000000000
      36    51    57     7    0.0451500000
      36    51    58    15    0.0107250000
      36    51    64    16    0.0026250000
      36    57    58    16    0.1244250000
      36    57    64    17    0.0475500000
      36    58    64     7    0.1814250000
      36    37    43     7    0.1133250000
      36    37    44    15    0.0436500000
      36    37    50    16    0.0087000000
      36    37    51    24    0.0207750000
      36    37    57    25    0.0018750000
      36    37    58    15    0.1880250000
      36    37    64    16    0.0415500000
      36    43    44    16    0.0526500000
      36    43    50    17    0.0101250000
      36    43    51    25    0.0249750000
      36    43    57    26    0.0028500000
      36    43    58    16    0.2008500000
      36    43    64    17    0.0818250000
      36    44    50     7    0.0222000000
      36    44    51    15    0.0510750000
      36    44    57    16    0.0054000000
      36    44    58    24    0.0700500000
      36    44    64    25    0.0325500000
      36    50    51    16    0.0097500000
      36    50    57    17    0.0015000000
      36    50    58    25    0.0134250000
      36    50    64    26    0.0063750000
      36    51    57     7    0.0204000000
      36    51    58    15    0.0430500000
      36    51    64    16    0.0166500000
      36    57    58    16    0.0055500000
      36    57    64    17    0.0018000000
      36    58    64     7    0.1269750000
      36    37    43     7    0.0004500000
      36    37    44    15    0.0017250000
      36    37    50    16    0.0000000000
      36    37    51    24    0.0002250000
      36    37    57    25    0.0000000000
      36    37    58    15    0.0270000000
      36    37    64    16    0.0039000000
      36    43    44    16    0.0000000000
      36    43    50    17    0.0000000000
      36    43    51    25    0.0000000000
      36    43    57    26    0.0000000000
      36    43    58    16    0.0003750000
      36    43    64    17    0.0000750000
      36    44    50     7    0.0003750000
      36    44    51    15    0.0090750000
      36    44    57    16    0.0045000000
      36    44    58    24    0.0309750000
      36    44    64    25    0.0100500000
      36    50    51    16    0.0000000000
      36    50    57    17    0.0000000000
      36    50    58    25    0.0000000000
      36    50    64    26    0.0000000000
      36    51    57     7    0.0006000000
      36    51    58    15    0.0034500000
      36    51    64    16    0.0009750000
      36    57    58    16    0.0017250000
      36    57    64    17    0.0004500000
      36    58    64     7    0.1191000000
      36    37    43     7    0.4748250000
      36    37    44    15    0.0079500000
      36    37    50    16    0.0001500000
      36    37    51    24    0.0005250000
      36    37    57    25    0.0001500000
      36    37    58    15    0.0000750000
      36    37    64    16    0.0000750000
      36    43    44    16    0.0068250000
      36    43    50    17    0.0000750000
      36    43    51    25    0.0004500000
      36    43    57    26    0.0000750000
      36    43    58    16    0.0000750000
      36    43    64    17    0.0000750000
      36    44    50     7    0.0087000000
      36    44    51    15    0.0303000000
      36    44    57    16    0.0181500000
      36    44    58    24    0.0000750000
      36    44    64    25    0.0000000000
      36    50    51    16    0.0003750000
      36    50    57    17    0.0001500000
      36    50    58    25    0.0000000000
      36    50    64    26    0.0000000000
      36    51    57     7    0.0575250000
      36    51    58    15    0.0004500000
      36    51    64    16    0.0005250000
      36    57    58    16    0.0003750000
      36    57    64    17    0.0003750000
      36    58    64     7    0.3660750000
      36    37    43     7    0.0078750000
      36    37    44    15    0.0150000000
      36    37    50    16    0.0041250000
      36    37    51    24    0.0054000000
      36    37    57    25    0.0025500000
      36    37    58    15    0.4788750000
      36    37    64    16    0.0160500000
      36    43    44    16    0.0069000000
      36    43    50    17    0.0027750000
      36    43    51    25    0.0001500000
      36    43    57    26    0.0000000000
      36    43    58    16    0.0129750000
      36    43    64    17    0.0004500000
      36    44    50     7    0.0051750000
      36    44    51    15    0.0006000000
      36    44    57    16    0.0000750000
      36    44    58    24    0.0156750000
      36    44    64    25    0.0007500000
      36    50    51    16    0.0000750000
      36    50    57    17    0.0000000000
      36    50    58    25    0.0043500000
      36    50    64    26    0.0001500000
      36    51    57     7    0.0305250000
      36    51    58    15    0.0082500000
      36    51    64    16    0.0023250000
      36    57    58    16    0.0030750000
      36    57    64    17    0.0005250000
      36    58    64     7    0.0222000000
      36    37    43     7    0.0432000000
      36    37    44    15    0.0785250000
      36    37    50    16    0.1452000000
      36    37    51    24    0.0046500000
      36    37    57    25    0.0125250000
      36    37    58    15    0.0114000000
      36    37    64    16    0.0133500000
      36    43    44    16    0.0165000000
      36    43    50    17    0.0313500000
      36    43    51    25    0.0010500000
      36    43    57    26    0.0013500000
      36    43    58    16    0.0011250000
      36    43    64    17    0.0015000000
      36    44    50     7    0.1708500000
      36    44    51    15    0.0038250000
      36    44    57    16    0.0068250000
      36    44    58    24    0.0021750000
      36    44    64    25    0.0020250000
      36    50    51    16    0.0057750000
      36    50    57    17    0.0141750000
      36    50    58    25    0.0037500000
      36    50    64    26    0.0051000000
      36    51    57     7    0.0018000000
      36    51    58    15    0.0003000000
      36    51    64    16    0.0003750000
      36    57    58    16    0.0006000000
      36    57    64    17    0.0009000000
      36    58    64     7    0.0004500000
      36    37    43     7    0.0094500000
      36    37    44    15    0.0719250000
      36    37    50    16    0.0712500000
      36    37    51    24    0.0000000000
      36    37    57    25    0.0002250000
      36    37    58    15    0.0000750000
      36    37    64    16    0.0001500000
      36    43    44    16    0.0069000000
      36    43    50    17    0.0078000000
      36    43    51    25    0.0000000000
      36    43    57    26    0.0000750000
      36    43    58    16    0.0000000000
      36    43    64    17    0.0000000000
      36    44    50     7    0.1588500000
      36    44    51    15    0.0000000000
      36    44    57    16    0.0001500000
      36    44    58    24    0.0000000000
      36    44    64    25    0.0000750000
      36    50    51    16    0.0000000000
      36    50    57    17    0.0002250000
      36    50    58    25    0.0000000000
      36    50    64    26    0.0000000000
      36    51    57     7    0.0018000000
      36    51    58    15    0.0001500000
      36    51    64    16    0.0000750000
      36    57    58    16    0.0048000000
      36    57    64    17    0.0034500000
      36    58    64     7    0.0292500000
      36    37    43     7    0.1290750000
      36    37    44    15    0.0000000000
      36    37    50    16    0.0000000000
      36    37    51    24    0.0000000000
      36    37    57    25    0.0000000000
      36    37    58    15    0.0000000000
      36    37    64    16    0.0000000000
      36    43    44    16    0.0000000000
      36    43    50    17    0.0001500000
      36    43    51    25    0.0000000000
      36    43    57    26    0.0000000000
      36    43    58    16    0.0000000000
      36    43    64    17    0.0000000000
      36    44    50     7    0.0322500000
      36    44    51    15    0.0003000000
      36    44    57    16    0.0000000000
      36    44    58    24    0.0000000000
      36    44    64    25    0.0000000000
      36    50    51    16    0.0003000000
      36    50    57    17    0.0000000000
      36    50    58    25    0.0000000000
      36    50    64    26    0.0000000000
      36    51    57     7    0.0221250000
      36    51    58    15    0.0013500000
      36    51    64    16    0.0002250000
      36    57    58    16    0.0003750000
      36    57    64    17    0.0001500000
      36    58    64     7    0.0151500000
      36    37    43     7    0.0053250000
      36    37    44    15    0.0030750000
      36    37    50    16    0.0055500000
      36    37    51    24    0.0000000000
      36    37    57    25    0.0000000000
      36    37    58    15    0.0004500000
      36    37    64    16    0.0001500000
      36    43    44    16    0.0033750000
      36    43    50    17    0.0038250000
      36    43    51    25    0.0000000000
      36    43    57    26    0.0000750000
      36    43    58    16    0.0001500000
      36    43    64    17    0.0000000000
      36    44    50     7    0.1020000000
      36    44    51    15    0.0000750000
      36    44    57    16    0.0000750000
      36    44    58    24    0.0007500000
      36    44    64    25    0.0002250000
      36    50    51    16    0.0000750000
      36    50    57    17    0.0001500000
      36    50    58    25    0.0017250000
      36    50    64    26    0.0003750000
      36    51    57     7    0.0126750000
      36    51    58    15    0.0000000000
      36    51    64    16    0.0000750000
      36    57    58    16    0.0000750000
      36    57    64    17    0.0000000000
      36    58    64     7    0.0000750000
      36    37    43     7    0.0720750000
      36    37    44    15    0.0023250000
      36    37    50    16    0.0002250000
      36    37    51    24    0.0399750000
      36    37    57    25    0.0016500000
      36    37    58    15    0.1332000000
      36    37    64    16    0.0733500000
      36    43    44    16    0.0010500000
      36    43    50    17    0.0002250000
      36    43    51    25    0.0070500000
      36    43    57    26    0.0003000000
      36    43    58    16    0.0185250000
      36    43    64    17    0.0123750000
      36    44    50     7    0.0476250000
      36    44    51    15    0.0007500000
      36    44    57    16    0.0000000000
      36    44    58    24    0.0009000000
      36    44    64    25    0.0003750000
      36    50    51    16    0.0001500000
      36    50    57    17    0.0000000000
      36    50    58    25    0.0000750000
      36    50    64    26    0.0000750000
      36    51    57     7    0.0112500000
      36    51    58    15    0.0288750000
      36    51    64    16    0.0234000000
      36    57    58    16    0.0008250000
      36    57    64    17    0.0007500000
      36    58    64     7    0.0363750000
      36    37    43     7    0.0531750000
      36    37    44    15    0.0045750000
      36    37    50    16    0.0003750000
      36    37    51    24    0.0024750000
      36    37    57    25    0.0010500000
      36    37    58    15    0.0819000000
      36    37    64    16    0.0357750000
      36    43    44    16    0.0015750000
      36    43    50    17    0.0002250000
      36    43    51    25    0.0007500000
      36    43    57    26    0.0005250000
      36    43    58    16    0.0217500000
      36    43    64    17    0.0110250000
      36    44    50     7    0.0307500000
      36    44    51    15    0.0142500000
      36    44    57    16    0.0072750000
      36    44    58    24    0.0334500000
      36    44    64    25    0.0027000000
      36    50    51    16    0.0013500000
      36    50    57    17    0.0004500000
      36    50    58    25    0.0033750000
      36    50    64    26    0.0003750000
      36    51    57     7    0.0092250000
      36    51    58    15    0.0252000000
      36    51    64    16    0.0019500000
      36    57    58    16    0.0128250000
      36    57    64    17    0.0009000000
      36    58    64     7    0.0382500000
      36    37    43     7    0.0225750000
      36    37    44    15    0.0486000000
      36    37    50    16    0.0001500000
      36    37    51    24    0.0005250000
      36    37    57    25    0.0000000000
      36    37    58    15    0.0432000000
      36    37    64    16    0.0000000000
      36    43    44    16    0.1362750000
      36    43    50    17    0.0008250000
      36    43    51    25    0.0015000000
      36    43    57    26    0.0006750000
      36    43    58    16    0.1203750000
      36    43    64    17    0.0002250000
      36    44    50     7    0.0030000000
      36    44    51    15    0.0052500000
      36    44    57    16    0.0021750000
      36    44    58    24    0.2246250000
      36    44    64    25    0.0012000000
      36    50    51    16    0.0022500000
      36    50    57    17    0.0009750000
      36    50    58    25    0.0033750000
      36    50    64    26    0.0000750000
      36    51    57     7    0.0805500000
      36    51    58    15    0.0057750000
      36    51    64    16    0.0000750000
      36    57    58    16    0.0026250000
      36    57    64    17    0.0000000000
      36    58    64     7    0.0031500000
      36    37    43     7    0.0126750000
      36    37    44    15    0.0267000000
      36    37    50    16    0.0060000000
      36    37    51    24    0.0116250000
      36    37    57    25    0.0238500000
      36    37    58    15    0.0702750000
      36    37    64    16    0.0513750000
      36    43    44    16    0.0129750000
      36    43    50    17    0.0030000000
      36    43    51    25    0.0058500000
      36    43    57    26    0.0116250000
      36    43    58    16    0.0252750000
      36    43    64    17    0.0258750000
      36    44    50     7    0.0348750000
      36    44    51    15    0.0250500000
      36    44    57    16    0.0426750000
      36    44    58    24    0.0604500000
      36    44    64    25    0.0912750000
      36    50    51    16    0.0057750000
      36    50    57    17    0.0101250000
      36    50    58    25    0.0159000000
      36    50    64    26    0.0216000000
      36    51    57     7    0.1623000000
      36    51    58    15    0.0564750000
      36    51    64    16    0.0630000000
      36    57    58    16    0.0993750000
      36    57    64    17    0.1221750000
      36    58    64     7    0.4376250000
      36    37    43     7    0.4230750000
      36    37    44    15    0.0003750000
      36    37    50    16    0.0001500000
      36    37    51    24    0.0149250000
      36    37    57    25    0.0030000000
      36    37    58    15    0.0032250000
      36    37    64    16    0.0033750000
      36    43    44    16    0.0000750000
      36    43    50    17    0.0000000000
      36    43    51    25    0.0090750000
      36    43    57    26    0.0019500000
      36    43    58    16    0.0021750000
      36    43    64    17    0.0019500000
      36    44    50     7    0.6477000000
      36    44    51    15    0.0057750000
      36    44    57    16    0.0012000000
      36    44    58    24    0.0018750000
      36    44    64    25    0.0009750000
      36    50    51    16    0.0053250000
      36    50    57    17    0.0011250000
      36    50    58    25    0.0014250000
      36    50    64    26    0.0008250000
      36    51    57     7    0.0885750000
      36    51    58    15    0.0975000000
      36    51    64    16    0.0774000000
      36    57    58    16    0.0176250000
      36    57    64    17    0.0159000000
      36    58    64     7    0.0341250000
      36    37    43     7    0.4931250000
      36    37    44    15    0.0733500000
      36    37    50    16    0.0108000000
      36    37    51    24    0.0455250000
      36    37    57    25    0.0341250000
      36    37    58    15    0.0021750000
      36    37    64    16    0.0037500000
      36    43    44    16    0.0458250000
      36    43    50    17    0.0075750000
      36    43    51    25    0.0326250000
      36    43    57    26    0.0221250000
      36    43    58    16    0.0015000000
      36    43    64    17    0.0032250000
      36    44    50     7    0.0440250000
      36    44    51    15    0.1893000000
      36    44    57    16    0.1141500000
      36    44    58    24    0.0008250000
      36    44    64    25    0.0019500000
      36    50    51    16    0.0243000000
      36    50    57    17    0.0190500000
      36    50    58    25    0.0003000000
      36    50    64    26    0.0003750000
      36    51    57     7    0.4693500000
      36    51    58    15    0.0014250000
      36    51    64    16    0.0043500000
      36    57    58    16    0.0009750000
      36    57    64    17    0.0032250000
      36    58    64     7    0.0081000000
      36    37    43     7    0.0702750000
      36    37    44    15    0.0000000000
      36    37    50    16    0.0000000000
      36    37    51    24    0.0000000000
      36    37    57    25    0.0000000000
      36    37    58    15    0.0001500000
      36    37    64    16    0.0024000000
      36    43    44    16    0.0000750000
      36    43    50    17    0.0001500000
      36    43    51    25    0.0000000000
      36    43    57    26    0.0000750000
      36    43    58    16    0.0003000000
      36    43    64    17    0.0065250000
      36    44    50     7    0.1001250000
      36    44    51    15    0.0000750000
      36    44    57    16    0.0000000000
      36    44    58    24    0.0000000000
      36    44    64    25    0.0000000000
      36    50    51    16    0.0000000000
      36    50    57    17    0.0001500000
      36    50    58    25    0.0000000000
      36    50    64    26    0.0000750000
      36    51    57     7    0.0003000000
      36    51    58    15    0.0000000000
      36    51    64    16    0.0000000000
      36    57    58    16    0.0000000000
      36    57    64    17    0.0001500000
      36    58    64     7    0.0029250000
      36    37    43     7    0.0732000000
      36    37    44    15    0.0694500000
      36    37    50    16    0.0165750000
      36    37    51    24    0.0191250000
      36    37    57    25    0.0013500000
      36    37    58    15    0.0693750000
      36    37    64    16    0.0023250000
      36    43    44    16    0.0046500000
      36    43    50    17    0.0051000000
      36    43    51    25    0.0048000000
      36    43    57    26    0.0003000000
      36    43    58    16    0.0150000000
      36    43    64    17    0.0009000000
      36    44    50     7    0.0028500000
      36    44    51    15    0.0034500000
      36    44    57    16    0.0002250000
      36    44    58    24    0.0051750000
      36    44    64    25    0.0001500000
      36    50    51    16    0.0030000000
      36    50    57    17    0.0003750000
      36    50    58    25    0.0034500000
      36    50    64    26    0.0000000000
      36    51    57     7    0.0348750000
      36    51    58    15    0.0060750000
      36    51    64    16    0.0001500000
      36    57    58    16    0.0009000000
      36    57    64    17    0.0000750000
      36    58    64     7    0.0153000000
      36    37    43     7    0.0594750000
      36    37    44    15    0.0025500000
      36    37    50    16    0.0346500000
      36    37    51    24    0.0006000000
      36    37    57    25    0.0001500000
      36    37    58    15    0.0000750000
      36    37    64    16    0.0002250000
      36    43    44    16    0.0006750000
      36    43    50    17    0.0112500000
      36    43    51    25    0.0003750000
      36    43    57    26    0.0000750000
      36    43    58    16    0.0000000000
      36    43    64    17    0.0000750000
      36    44    50     7    0.0279750000
      36    44    51    15    0.0009750000
      36    44    57    16    0.0000000000
      36    44    58    24    0.0000000000
      36    44    64    25    0.0000000000
      36    50    51    16    0.0111000000
      36    50    57    17    0.0009000000
      36    50    58    25    0.0001500000
      36    50    64    26    0.0003750000
      36    51    57     7    0.0099000000
      36    51    58    15    0.0005250000
      36    51    64    16    0.0007500000
      36    57    58    16    0.0000750000
      36    57    64    17    0.0000000000
      36    58    64     7    0.0012000000
      36    37    43     7    0.1818750000
      36    37    44    15    0.0139500000
      36    37    50    16    0.0000000000
      36    37    51    24    0.0028500000
      36    37    57    25    0.0021750000
      36    37    58    15    0.1611000000
      36    37    64    16    0.0378000000
      36    43    44    16    0.0061500000
      36    43    50    17    0.0000000000
      36    43    51    25    0.0006750000
      36    43    57    26    0.0005250000
      36    43    58    16    0.0446250000
      36    43    64    17    0.0094500000
      36    44    50     7    0.0000750000
      36    44    51    15    0.0000750000
      36    44    57    16    0.0002250000
      36    44    58    24    0.0050250000
      36    44    64    25    0.0012000000
      36    50    51    16    0.0000000000
      36    50    57    17    0.0000000000
      36    50    58    25    0.0000000000
      36    50    64    26    0.0000000000
      36    51    57     7    0.0000750000
      36    51    58    15    0.0030000000
      36    51    64    16    0.0009750000
      36    57    58    16    0.0024000000
      36    57    64    17    0.0006750000
      36    58    64     7    0.0191250000
      36    37    43     7    0.0291000000
      36    37    44    15    0.0093000000
      36    37    50    16    0.0048000000
      36    37    51    24    0.0106500000
      36    37    57    25    0.0024000000
      36    37    58    15    0.3573750000
      36    37    64    16    0.0321750000
      36    43    44    16    0.0057000000
      36    43    50    17    0.0018000000
      36    43    51    25    0.0009750000
      36    43    57    26    0.0003000000
      36    43    58    16    0.0145500000
      36    43    64    17    0.0051750000
      36    44    50     7    0.0946500000
      36    44    51    15    0.0237750000
      36    44    57    16    0.0076500000
      36    44    58    24    0.0047250000
      36    44    64    25    0.0008250000
      36    50    51    16    0.0123000000
      36    50    57    17    0.0047250000
      36    50    58    25    0.0024750000
      36    50    64    26    0.0003750000
      36    51    57     7    0.0754500000
      36    51    58    15    0.0063000000
      36    51    64    16    0.0014250000
      36    57    58    16    0.0013500000
      36    57    64    17    0.0002250000
      36    58    64     7    0.0213750000
      36    37    43     7    0.6742500000
      36    37    44    15    0.0021000000
      36    37    50    16    0.0000000000
      36    37    51    24    0.0000000000
      36    37    57    25    0.0000000000
      36    37    58    15    0.0000750000
      36    37    64    16    0.0000750000
      36    43    44    16    0.0020250000
      36    43    50    17    0.0000000000
      36    43    51    25    0.0000000000
      36    43    57    26    0.0000000000
      36    43    58    16    0.0000750000
      36    43    64    17    0.0000750000
      36    44    50     7    0.0041250000
      36    44    51    15    0.0000750000
      36    44    57    16    0.0007500000
      36    44    58    24    0.0000000000
      36    44    64    25    0.0000000000
      36    50    51    16    0.0000000000
      36    50    57    17    0.0000000000
      36    50    58    25    0.0000000000
      36    50    64    26    0.0000000000
      36    51    57     7    0.0024000000
      36    51    58    15    0.0000000000
      36    51    64    16    0.0000000000
      36    57    58    16    0.0000000000
      36    57    64    17    0.0000000000
      36    58    64     7    0.0039750000
      36    37    43     7    0.2312250000
      36    37    44    15    0.4209750000
      36    37    50    16    0.0087000000
      36    37    51    24    0.0011250000
      36    37    57    25    0.0018750000
      36    37    58    15    0.0000750000
      36    37    64    16    0.0000000000
      36    43    44    16    0.1386000000
      36    43    50    17    0.0048750000
      36    43    51    25    0.0006000000
      36    43    57    26    0.0008250000
      36    43    58    16    0.0000000000
      36    43    64    17    0.0000750000
      36    44    50     7    0.0081750000
      36    44    51    15    0.0009750000
      36    44    57    16    0.0015750000
      36    44    58    24    0.0000750000
      36    44    64    25    0.0000000000
      36    50    51    16    0.0006750000
      36    50    57    17    0.0007500000
      36    50    58    25    0.0000000000
      36    50    64    26    0.0000000000
      36    51    57     7    0.3649500000
      36    51    58    15    0.0006000000
      36    51    64    16    0.0000000000
      36    57    58    16    0.0007500000
      36    57    64    17    0.0000000000
      36    58    64     7    0.0033000000
      68    69    83    15    0.0008250000
      68    69    84    31    0.0000000000
      68    69    98    32    0.0000000000
      68    69    99    48    0.0000000000
      68    69   113    49    0.0000000000
      68    69   114    31    0.0000000000
      68    69   128    32    0.0000000000
      68    83    84    32    0.0000750000
      68    83    98    33    0.0002250000
      68    83    99    49    0.0000000000
      68    83   113    50    0.0000000000
      68    83   114    32    0.0000000000
      68    83   128    33    0.0000000000
      68    84    98    15    0.0465750000
      68    84    99    31    0.0000750000
      68    84   113    32    0.0000750000
      68    84   114    48    0.0000000000
      68    84   128    49    0.0000000000
      68    98    99    32    0.0001500000
      68    98   113    33    0.0003750000
      68    98   114    49    0.0000000000
      68    98   128    50    0.0000000000
      68    99   113    15    0.0587250000
      68    99   114    31    0.0000000000
      68    99   128    32    0.0000000000
      68   113   114    32    0.0000000000
      68   113   128    33    0.0004500000
      68   114   128    15    0.0054750000
      68    69    83    15    0.0006750000
      68    69    84    31    0.0152250000
      68    69    98    32    0.0000000000
      68    69    99    48    0.0001500000
      68    69   113    49    0.0018000000
      68    69   114    31    0.0000000000
      68    69   128    32    0.0000000000
      68    83    84    32    0.0008250000
      68    83    98    33    0.0000000000
      68    83    99    49    0.0000000000
      68    83   113    50    0.0000000000
      68    83   114    32    0.0000000000
      68    83   128    33    0.0000000000
      68    84    98    15    0.0001500000
      68    84    99    31    0.0056250000
      68    84   113    32    0.0831000000
      68    84   114    48    0.0031500000
      68    84   128    49    0.0000750000
      68    98    99    32    0.0000000000
      68    98   113    33    0.0002250000
      68    98   114    49    0.0000000000
      68    98   128    50    0.0000000000
      68    99   113    15    0.0165750000
      68    99   114    31    0.0003750000
      68    99   128    32    0.0000000000
      68   113   114    32    0.0071250000
      68   113   128    33    0.0000750000
      68   114   128    15    0.0003000000
      68    69    83    15    0.0018750000
      68    69    84    31    0.0000000000
      68    69    98    32    0.0012000000
      68    69    99    48    0.0000000000
      68    69   113    49    0.0000000000
      68    69   114    31    0.0000000000
      68    69   128    32    0.0003750000
      68    83    84    32    0.0000000000
      68    83    98    33    0.0090000000
      68    83    99    49    0.0000000000
      68    83   113    50    0.0003750000
      68    83   114    32    0.0000750000
      68    83   128    33    0.0019500000
      68    84    98    15    0.0000000000
      68    84    99    31    0.0000000000
      68    84   113    32    0.0000000000
      68    84   114    48    0.0000000000
      68    84   128    49    0.0000000000
      68    98    99    32    0.0000750000
      68    98   113    33    0.0007500000
      68    98   114    49    0.0000750000
      68    98   128    50    0.0013500000
      68    99   113    15    0.0702000000
      68    99   114    31    0.0000000000
      68    99   128    32    0.0000750000
      68   113   114    32    0.0000000000
      68   113   128    33    0.0010500000
      68   114   128    15    0.0151500000
      68    69    83    15    0.0006000000
      68    69    84    31    0.0564000000
      68    69    98    32    0.0036000000
      68    69    99    48    0.0007500000
      68    69   113    49    0.1687500000
      68    69   114    31    0.0015000000
      68    69   128    32    0.0014250000
      68    83    84    32    0.0001500000
      68    83    98    33    0.0000000000
      68    83    99    49    0.0000000000
      68    83   113    50    0.0001500000
      68    83   114    32    0.0000000000
      68    83   128    33    0.0000000000
      68    84    98    15    0.0012000000
      68    84    99    31    0.0003000000
      68    84   113    32    0.0270000000
      68    84   114    48    0.0000750000
      68    84   128    49    0.0000750000
      68    98    99    32    0.0001500000
      68    98   113    33    0.0110250000
      68    98   114    49    0.0001500000
      68    98   128    50    0.0000000000
      68    99   113    15    0.0036000000
      68    99   114    31    0.0000750000
      68    99   128    32    0.0000000000
      68   113   114    32    0.0012000000
      68   113   128    33    0.0008250000
      68   114   128    15    0.0000000000
      68    69    83    15    0.0003750000
      68    69    84    31    0.0029250000
      68    69    98    32    0.0000000000
      68    69    99    48    0.0000000000
      68    69   113    49    0.0000000000
      68    69   114    31    0.0198000000
      68    69   128    32    0.0000000000
      68    83    84    32    0.0000750000
      68    83    98    33    0.0000000000
      68    83    99    49    0.0000000000
      68    83   113    50    0.0000000000
      68    83   114    32    0.0005250000
      68    83   128    33    0.0000000000
      68    84    98    15    0.0000000000
      68    84    99    31    0.0006000000
      68    84   113    32    0.0000000000
      68    84   114    48    0.0805500000
      68    84   128    49    0.0000000000
      68    98    99    32    0.0000000000
      68    98   113    33    0.0000000000
      68    98   114    49    0.0000000000
      68    98   128    50    0.0000000000
      68    99   113    15    0.0103500000
      68    99   114    31    0.0000750000
      68    99   128    32    0.0000750000
      68   113   114    32    0.0000000000
      68   113   128    33    0.0000000000
      68   114   128    15    0.0000000000
      68    69    83    15    0.0060000000
      68    69    84    31    0.0018750000
      68    69    98    32    0.0012750000
      68    69    99    48    0.0006000000
      68    69   113    49    0.0000000000
      68    69   114    31    0.0000000000
      68    69   128    32    0.0003000000
      68    83    84    32    0.0001500000
      68    83    98    33    0.0001500000
      68    83    99    49    0.0000750000
      68    83   113    50    0.0000000000
      68    83   114    32    0.0000000000
      68    83   128    33    0.0000750000
      68    84    98    15    0.2640000000
      68    84    99    31    0.1167750000
      68    84   113    32    0.0001500000
      68    84   114    48    0.0000750000
      68    84   128    49    0.0078750000
      68    98    99    32    0.0564000000
      68    98   113    33    0.0000000000
      68    98   114    49    0.0000750000
      68    98   128    50    0.0040500000
      68    99   113    15    0.0000750000
      68    99   114    31    0.0001500000
      68    99   128    32    0.0162000000
      68   113   114    32    0.0000000000
      68   113   128    33    0.0000000000
      68   114   128    15    0.0032250000
      68    69    83    15    0.0773250000
      68    69    84    31    0.0306750000
      68    69    98    32    0.0142500000
      68    69    99    48    0.0227250000
      68    69   113    49    0.0000000000
      68    69   114    31    0.0021000000
      68    69   128    32    0.0000000000
      68    83    84    32    0.0047250000
      68    83    98    33    0.0024750000
      68    83    99    49    0.0039000000
      68    83   113    50    0.0000000000
      68    83   114    32    0.0003000000
      68    83   128    33    0.0000000000
      68    84    98    15    0.0374250000
      68    84    99    31    0.0354750000
      68    84   113    32    0.0000000000
      68    84   114    48    0.0015750000
      68    84   128    49    0.0000000000
      68    98    99    32    0.0218250000
      68    98   113    33    0.0000000000
      68    98   114    49    0.0010500000
      68    98   128    50    0.0000000000
      68    99   113    15    0.0001500000
      68    99   114    31    0.0021750000
      68    99   128    32    0.0000000000
      68   113   114    32    0.0000000000
      68   113   128    33    0.0000000000
      68   114   128    15    0.0000000000
      68    69    83    15    0.0270750000
      68    69    84    31    0.0001500000
      68    69    98    32    0.0000000000
      68    69    99    48    0.0000000000
      68    69   113    49    0.0000000000
      68    69   114    31    0.0000000000
      68    69   128    32    0.0000000000
      68    83    84    32    0.0006000000
      68    83    98    33    0.0000750000
      68    83    99    49    0.0000000000
      68    83   113    50    0.0000000000
      68    83   114    32    0.0000000000
      68    83   128    33    0.0000000000
      68    84    98    15    0.1363500000
      68    84    99    31    0.0075000000
      68    84   113    32    0.0097500000
      68    84   114    48    0.0004500000
      68    84   128    49    0.0000000000
      68    98    99    32    0.0013500000
      68    98   113    33    0.0018750000
      68    98   114    49    0.0003000000
      68    98   128    50    0.0000000000
      68    99   113    15    0.1749750000
      68    99   114    31    0.0027000000
      68    99   128    32    0.0001500000
      68   113   114    32    0.0040500000
      68   113   128    33    0.0004500000
      68   114   128    15    0.0048750000
      68    69    83    15    0.0004500000
      68    69    84    31    0.0006000000
      68    69    98    32    0.0009000000
      68    69    99    48    0.0000750000
      68    69   113    49    0.0002250000
      68    69   114    31    0.0019500000
      68    69   128    32    0.0000000000
      68    83    84    32    0.0000000000
      68    83    98    33    0.0000000000
      68    83    99    49    0.0000000000
      68    83   113    50    0.0000000000
      68    83   114    32    0.0000000000
      68    83   128    33    0.0000000000
      68    84    98    15    0.1742250000
      68    84    99    31    0.0307500000
      68    84   113    32    0.0810750000
      68    84   114    48    0.0000000000
      68    84   128    49    0.0000000000
      68    98    99    32    0.0257250000
      68    98   113    33    0.0690750000
      68    98   114    49    0.0000000000
      68    98   128    50    0.0000000000
      68    99   113    15    0.0518250000
      68    99   114    31    0.0000000000
      68    99   128    32    0.0000000000
      68   113   114    32    0.0000000000
      68   113   128    33    0.0000000000
      68   114   128    15    0.0000000000
      68    69    83    15    0.0000000000
      68    69    84    31    0.0811500000
      68    69    98    32    0.0029250000
      68    69    99    48    0.0032250000
      68    69   113    49    0.0000750000
      68    69   114    31    0.0390000000
      68    69   128    32    0.0285750000
      68    83    84    32    0.0000000000
      68    83    98    33    0.0000000000
      68    83    99    49    0.0000000000
      68    83   113    50    0.0000000000
      68    83   114    32    0.0000000000
      68    83   128    33    0.0000000000
      68    84    98    15    0.0138000000
      68    84    99    31    0.0147750000
      68    84   113    32    0.0004500000
      68    84   114    48    0.0034500000
      68    84   128    49    0.1054500000
      68    98    99    32    0.0004500000
      68    98   113    33    0.0000000000
      68    98   114    49    0.0000750000
      68    98   128    50    0.0039000000
      68    99   113    15    0.0000000000
      68    99   114    31    0.0000750000
      68    99   128    32    0.0063000000
      68   113   114    32    0.0000000000
      68   113   128    33    0.0000750000
      68   114   128    15    0.0023250000
     132   133   163    31    0.0000000000
     132   133   164    63    0.0000000000
     132   133   194    64    0.0000000000
     132   133   195    96    0.0000000000
     132   133   225    97    0.0000000000
     132   133   226    63    0.0000000000
     132   133   256    64    0.0000000000
     132   163   164    64    0.0000000000
     132   163   194    65    0.0000000000
     132   163   195    97    0.0000000000
     132   163   225    98    0.0000000000
     132   163   226    64    0.0000000000
     132   163   256    65    0.0000000000
     132   164   194    31    0.0000000000
     132   164   195    63    0.0000000000
     132   164   225    64    0.0000000000
     132   164   226    96    0.0000000000
     132   164   256    97    0.0000000000
     132   194   195    64    0.0000750000
     132   194   225    65    0.0000000000
     132   194   226    97    0.0000000000
     132   194   256    98    0.0000000000
     132   195   225    31    0.0015750000
     132   195   226    63    0.0000000000
     132   195   256    64    0.0000000000
     132   225   226    64    0.0000000000
     132   225   256    65    0.0000000000
     132   226   256    31    0.0000000000
     132   133   163    31    0.0612750000
     132   133   164    63    0.0000000000
     132   133   194    64    0.0000000000
     132   133   195    96    0.0000000000
     132   133   225    97    0.0000000000
     132   133   226    63    0.0000000000
     132   133   256    64    0.0000000000
     132   163   164    64    0.0000000000
     132   163   194    65    0.0000000000
     132   163   195    97    0.0000000000
     132   163   225    98    0.0000000000
     132   163   226    64    0.0000000000
     132   163   256    65    0.0000000000
     132   164   194    31    0.0001500000
     132   164   195    63    0.0000000000
     132   164   225    64    0.0000000000
     132   164   226    96    0.0000000000
     132   164   256    97    0.0000000000
     132   194   195    64    0.0000000000
     132   194   225    65    0.0000000000
     132   194   226    97    0.0000000000
     132   194   256    98    0.0000000000
     132   195   225    31    0.1473750000
     132   195   226    63    0.0000000000
     132   195   256    64    0.0000000000
     132   225   226    64    0.0000750000
     132   225   256    65    0.0000000000
     132   226   256    31    0.0000750000
     132   133   163    31    0.0362250000
     132   133   164    63    0.1919250000
     132   133   194    64    0.0009000000
     132   133   195    96    0.0000000000
     132   133   225    97    0.0000000000
     132   133   226    63    0.0850500000
     132   133   256    64    0.0002250000
     132   163   164    64    0.0088500000
     132   163   194    65    0.0000750000
     132   163   195    97    0.0000000000
     132   163   225    98    0.0000000000
     132   163   226    64    0.0051000000
     132   163   256    65    0.0000000000
     132   164   194    31    0.0012000000
     132   164   195    63    0.0000000000
     132   164   225    64    0.0000000000
     132   164   226    96    0.0477750000
     132   164   256    97    0.0000750000
     132   194   195    64    0.0000000000
     132   194   225    65    0.0000000000
     132   194   226    97    0.0002250000
     132   194   256    98    0.0000000000
     132   195   225    31    0.0000000000
     132   195   226    63    0.0000000000
     132   195   256    64    0.0000000000
     132   225   226    64    0.0000000000
     132   225   256    65    0.0000000000
     132   226   256    31    0.0017250000
     132   133   163    31    0.0014250000
     132   133   164    63    0.0000000000
     132   133   194    64    0.0000000000
     132   133   195    96    0.0000000000
     132   133   225    97    0.0000000000
     132   133   226    63    0.0005250000
     132   133   256    64    0.0003000000
     132   163   164    64    0.0000000000
     132   163   194    65    0.0006750000
     132   163   195    97    0.0000000000
     132   163   225    98    0.0005250000
     132   163   226    64    0.0266250000
     132   163   256    65    0.0187500000
     132   164   194    31    0.0148500000
     132   164   195    63    0.0000000000
     132   164   225    64    0.0000750000
     132   164   226    96    0.0000000000
     132   164   256    97    0.0000000000
     132   194   195    64    0.0000000000
     132   194   225    65    0.0007500000
     132   194   226    97    0.0003000000
     132   194   256    98    0.0002250000
     132   195   225    31    0.0000750000
     132   195   226    63    0.0000000000
     132   195   256    64    0.0000000000
     132   225   226    64    0.0004500000
     132   225   256    65    0.0001500000
     132   226   256    31    0.0288000000
     132   133   163    31    0.0000000000
     132   133   164    63    0.0008250000
     132   133   194    64    0.0002250000
     132   133   195    96    0.0003000000
     132   133   225    97    0.0000000000
     132   133   226    63    0.0000750000
     132   133   256    64    0.0000000000
     132   163   164    64    0.0000000000
     132   163   194    65    0.0000000000
     132   163   195    97    0.0000000000
     132   163   225    98    0.0000000000
     132   163   226    64    0.0000000000
     132   163   256    65    0.0000000000
     132   164   194    31    0.0327750000
     132   164   195    63    0.0098250000
     132   164   225    64    0.0000000000
     132   164   226    96    0.0000000000
     132   164   256    97    0.0000000000
     132   194   195    64    0.0028500000
     132   194   225    65    0.0000000000
     132   194   226    97    0.0000000000
     132   194   256    98    0.0000000000
     132   195   225    31    0.0000000000
     132   195   226    63    0.0000000000
     132   195   256    64    0.0000000000
     132   225   226    64    0.0000000000
     132   225   256    65    0.0000000000
     132   226   256    31    0.0000000000
     132   133   163    31    0.0193500000
     132   133   164    63    0.2298000000
     132   133   194    64    0.0000750000
     132   133   195    96    0.0118500000
     132   133   225    97    0.0000000000
     132   133   226    63    0.0000750000
     132   133   256    64    0.0000000000
     132   163   164    64    0.0174000000
     132   163   194    65    0.0000000000
     132   163   195    97    0.0008250000
     132   163   225    98    0.0000000000
     132   163   226    64    0.0000750000
     132   163   256    65    0.0000000000
     132   164   194    31    0.0000000000
     132   164   195    63    0.0294000000
     132   164   225    64    0.0000000000
     132   164   226    96    0.0000750000
     132   164   256    97    0.0000000000
     132   194   195    64    0.0000750000
     132   194   225    65    0.0000000000
     132   194   226    97    0.0000000000
     132   194   256    98    0.0000000000
     132   195   225    31    0.0000000000
     132   195   226    63    0.0000000000
     132   195   256    64    0.0000000000
     132   225   226    64    0.0000000000
     132   225   256    65    0.0000000000
     132   226   256    31    0.0000000000
     132   133   163    31    0.0071250000
     132   133   164    63    0.0000000000
     132   133   194    64    0.0001500000
     132   133   195    96    0.0008250000
     132   133   225    97    0.0000000000
     132   133   226    63    0.0000000000
     132   133   256    64    0.0000000000
     132   163   164    64    0.0000000000
     132   163   194    65    0.0000750000
     132   163   195    97    0.0004500000
     132   163   225    98    0.0000000000
     132   163   226    64    0.0000000000
     132   163   256    65    0.0000000000
     132   164   194    31    0.0031500000
     132   164   195    63    0.0000000000
     132   164   225    64    0.0000000000
     132   164   226    96    0.0000000000
     132   164   256    97    0.0000000000
     132   194   195    64    0.0000750000
     132   194   225    65    0.0000000000
     132   194   226    97    0.0000000000
     132   194   256    98    0.0000000000
     132   195   225    31    0.0000000000
     132   195   226    63    0.0004500000
     132   195   256    64    0.0036000000
     132   225   226    64    0.0000000000
     132   225   256    65    0.0000000000
     132   226   256    31    0.0000000000
     132   133   163    31    0.1086750000
     132   133   164    63    0.0000000000
     132   133   194    64    0.0000000000
     132   133   195    96    0.0000000000
     132   133   225    97    0.0000000000
     132   133   226    63    0.0000000000
     132   133   256    64    0.0000000000
     132   163   164    64    0.0000000000
     132   163   194    65    0.0000000000
     132   163   195    97    0.0000000000
     132   163   225    98    0.0000000000
     132   163   226    64    0.0000000000
     132   163   256    65    0.0000000000
     132   164   194    31    0.0000000000
     132   164   195    63    0.0000000000
     132   164   225    64    0.0000000000
     132   164   226    96    0.0000000000
     132   164   256    97    0.0000000000
     132   194   195    64    0.0000000000
     132   194   225    65    0.0000000000
     132   194   226    97    0.0000000000
     132   194   256    98    0.0000000000
     132   195   225    31    0.0000000000
     132   195   226    63    0.0000000000
     132   195   256    64    0.0000000000
     132   225   226    64    0.0000000000
     132   225   256    65    0.0000000000
     132   226   256    31    0.0027750000
     132   133   163    31    0.0000000000
     132   133   164    63    0.0000000000
     132   133   194    64    0.0000000000
     132   133   195    96    0.0000000000
     132   133   225    97    0.0000000000
     132   133   226    63    0.0000000000
     132   133   256    64    0.0000000000
     132   163   164    64    0.0000000000
     132   163   194    65    0.0000000000
     132   163   195    97    0.0000750000
     132   163   225    98    0.0000000000
     132   163   226    64    0.0000000000
     132   163   256    65    0.0000000000
     132   164   194    31    0.0000750000
     132   164   195    63    0.1011750000
     132   164   225    64    0.0045750000
     132   164   226    96    0.0000000000
     132   164   256    97    0.0000000000
     132   194   195    64    0.0000000000
     132   194   225    65    0.0000000000
     132   194   226    97    0.0000000000
     132   194   256    98    0.0000000000
     132   195   225    31    0.0081000000
     132   195   226    63    0.0001500000
     132   195   256    64    0.0000000000
     132   225   226    64    0.0000000000
     132   225   256    65    0.0000000000
     132   226   256    31    0.0000000000
     132   133   163    31    0.0006000000
     132   133   164    63    0.0018000000
     132   133   194    64    0.0000000000
     132   133   195    96    0.0022500000
     132   133   225    97    0.0004500000
     132   133   226    63    0.0051000000
     132   133   256    64    0.0000000000
     132   163   164    64    0.0000750000
     132   163   194    65    0.0000000000
     132   163   195    97    0.0006750000
     132   163   225    98    0.0000750000
     132   163   226    64    0.0018750000
     132   163   256    65    0.0000000000
     132   164   194    31    0.0000000000
     132   164   195    63    0.0022500000
     132   164   225    64    0.0003000000
     132   164   226    96    0.0030750000
     132   164   256    97    0.0000000000
     132   194   195    64    0.0000000000
     132   194   225    65    0.0000000000
     132   194   226    97    0.0000000000
     132   194   256    98    0.0000000000
     132   195   225    31    0.0059250000
     132   195   226    63    0.0216750000
     132   195   256    64    0.0000000000
     132   225   226    64    0.0042000000
     132   225   256    65    0.0000000000
     132   226   256    31    0.0000000000
     196   197   243    47    0.0000000000
     196   197   244    95    0.0000000000
     196   197   290    96    0.0000000000
     196   197   291   144    0.0000000000
     196   197   337   145    0.0000000000
     196   197   338    95    0.0003750000
     196   197   384    96    0.0000000000
     196   243   244    96    0.0000000000
     196   243   290    97    0.0000000000
     196   243   291   145    0.0000000000
     196   243   337   146    0.0000000000
     196   243   338    96    0.0003750000
     196   243   384    97    0.0000000000
     196   244   290    47    0.0000750000
     196   244   291    95    0.0000000000
     196   244   337    96    0.0000000000
     196   244   338   144    0.0005250000
     196   244   384   145    0.0000000000
     196   290   291    96    0.0000000000
     196   290   337    97    0.0000000000
     196   290   338   145    0.0000000000
     196   290   384   146    0.0000000000
     196   291   337    47    0.0127500000
     196   291   338    95    0.0324000000
     196   291   384    96    0.0002250000
     196   337   338    96    0.0006000000
     196   337   384    97    0.0000000000
     196   338   384    47    0.0003000000
     196   197   243    47    0.0009000000
     196   197   244    95    0.0000000000
     196   197   290    96    0.0000000000
     196   197   291   144    0.0000000000
     196   197   337   145    0.0000000000
     196   197   338    95    0.0000000000
     196   197   384    96    0.0000000000
     196   243   244    96    0.0000000000
     196   243   290    97    0.0000000000
     196   243   291   145    0.0000000000
     196   243   337   146    0.0000000000
     196   243   338    96    0.0000000000
     196   243   384    97    0.0000000000
     196   244   290    47    0.0000000000
     196   244   291    95    0.0000000000
     196   244   337    96    0.0000000000
     196   244   338   144    0.0000000000
     196   244   384   145    0.0000000000
     196   290   291    96    0.0000000000
     196   290   337    97    0.0000000000
     196   290   338   145    0.0000000000
     196   290   384   146    0.0000000000
     196   291   337    47    0.0000000000
     196   291   338    95    0.0000000000
     196   291   384    96    0.0000000000
     196   337   338    96    0.0000000000
     196   337   384    97    0.0000000000
     196   338   384    47    0.0000000000
     196   197   243    47    0.0000000000
     196   197   244    95    0.0000000000
     196   197   290    96    0.0000000000
     196   197   291   144    0.0000000000
     196   197   337   145    0.0000000000
     196   197   338    95    0.0000000000
     196   197   384    96    0.0000000000
     196   243   244    96    0.0003000000
     196   243   290    97    0.0000000000
     196   243   291   145    0.0000000000
     196   243   337   146    0.0000000000
     196   243   338    96    0.0000750000
     196   243   384    97    0.0000000000
     196   244   290    47    0.0000750000
     196   244   291    95    0.0000000000
     196   244   337    96    0.0000000000
     196   244   338   144    0.0000000000
     196   244   384   145    0.0000000000
     196   290   291    96    0.0000000000
     196   290   337    97    0.0000000000
     196   290   338   145    0.0000000000
     196   290   384   146    0.0000000000
     196   291   337    47    0.0000000000
     196   291   338    95    0.0000000000
     196   291   384    96    0.0000000000
     196   337   338    96    0.0000000000
     196   337   384    97    0.0000000000
     196   338   384    47    0.0041250000
     196   197   243    47    0.0000000000
     196   197   244    95    0.0000000000
     196   197   290    96    0.0000000000
     196   197   291   144    0.0000000000
     196   197   337   145    0.0000000000
     196   197   338    95    0.0000000000
     196   197   384    96    0.0000000000
     196   243   244    96    0.0000000000
     196   243   290    97    0.0000000000
     196   243   291   145    0.0000000000
     196   243   337   146    0.0000000000
     196   243   338    96    0.0000000000
     196   243   384    97    0.0000000000
     196   244   290    47    0.0000000000
     196   244   291    95    0.0000000000
     196   244   337    96    0.0000000000
     196   244   338   144    0.0000000000
     196   244   384   145    0.0000000000
     196   290   291    96    0.0000000000
     196   290   337    97    0.0000000000
     196   290   338   145    0.0000000000
     196   290   384   146    0.0000000000
     196   291   337    47    0.0038250000
     196   291   338    95    0.0000000000
     196   291   384    96    0.0000000000
     196   337   338    96    0.0000000000
     196   337   384    97    0.0000000000
     196   338   384    47    0.0000000000
     196   197   243    47    0.0000000000
     196   197   244    95    0.0000750000
     196   197   290    96    0.0000000000
     196   197   291   144    0.0000000000
     196   197   337   145    0.0000000000
     196   197   338    95    0.0000000000
     196   197   384    96    0.0000000000
     196   243   244    96    0.0000000000
     196   243   290    97    0.0000000000
     196   243   291   145    0.0000000000
     196   243   337   146    0.0000000000
     196   243   338    96    0.0000000000
     196   243   384    97    0.0000000000
     196   244   290    47    0.0024000000
     196   244   291    95    0.0000000000
     196   244   337    96    0.0000000000
     196   244   338   144    0.0000000000
     196   244   384   145    0.0000000000
     196   290   291    96    0.0000000000
     196   290   337    97    0.0000000000
     196   290   338   145    0.0000000000
     196   290   384   146    0.0000000000
     196   291   337    47    0.0000000000
     196   291   338    95    0.0000000000
     196   291   384    96    0.0000000000
     196   337   338    96    0.0000000000
     196   337   384    97    0.0000000000
     196   338   384    47    0.0000000000
     196   197   243    47    0.0000000000
     196   197   244    95    0.0000750000
     196   197   290    96    0.0000750000
     196   197   291   144    0.0000000000
     196   197   337   145    0.0000000000
     196   197   338    95    0.0000000000
     196   197   384    96    0.0000000000
     196   243   244    96    0.0000000000
     196   243   290    97    0.0000000000
     196   243   291   145    0.0000000000
     196   243   337   146    0.0000000000
     196   243   338    96    0.0000000000
     196   243   384    97    0.0000000000
     196   244   290    47    0.0024750000
     196   244   291    95    0.0000000000
     196   244   337    96    0.0000000000
     196   244   338   144    0.0000000000
     196   244   384   145    0.0000000000
     196   290   291    96    0.0000000000
     196   290   337    97    0.0000000000
     196   290   338   145    0.0000000000
     196   290   384   146    0.0000000000
     196   291   337    47    0.0000000000
     196   291   338    95    0.0000000000
     196   291   384    96    0.0000000000
     196   337   338    96    0.0000000000
     196   337   384    97    0.0000000000
     196   338   384    47    0.0000000000
     196   197   243    47    0.0000000000
     196   197   244    95    0.0000000000
     196   197   290    96    0.0000000000
     196   197   291   144    0.0000000000
     196   197   337   145    0.0000000000
     196   197   338    95    0.0000000000
     196   197   384    96    0.0000000000
     196   243   244    96    0.0000000000
     196   243   290    97    0.0000000000
     196   243   291   145    0.0000000000
     196   243   337   146    0.0000000000
     196   243   338    96    0.0000000000
     196   243   384    97    0.0000000000
     196   244   290    47    0.0000000000
     196   244   291    95    0.0000000000
     196   244   337    96    0.0000000000
     196   244   338   144    0.0000000000
     196   244   384   145    0.0000000000
     196   290   291    96    0.0000000000
     196   290   337    97    0.0000000000
     196   290   338   145    0.0000000000
     196   290   384   146    0.0000000000
     196   291   337    47    0.0001500000
     196   291   338    95    0.0000000000
     196   291   384    96    0.0000000000
     196   337   338    96    0.0000000000
     196   337   384    97    0.0000000000
     196   338   384    47    0.0000750000
     196   197   243    47    0.0000000000
     196   197   244    95    0.0005250000
     196   197   290    96    0.0000000000
     196   197   291   144    0.0002250000
     196   197   337   145    0.0000000000
     196   197   338    95    0.0000000000
     196   197   384    96    0.0009000000
     196   243   244    96    0.0000000000
     196   243   290    97    0.0000000000
     196   243   291   145    0.0000000000
     196   243   337   146    0.0000000000
     196   243   338    96    0.0000000000
     196   243   384    97    0.0000000000
     196   244   290    47    0.0000000000
     196   244   291    95    0.0004500000
     196   244   337    96    0.0000000000
     196   244   338   144    0.0000000000
     196   244   384   145    0.0015000000
     196   290   291    96    0.0000000000
     196   290   337    97    0.0000000000
     196   290   338   145    0.0000000000
     196   290   384   146    0.0000000000
     196   291   337    47    0.0000000000
     196   291   338    95    0.0001500000
     196   291   384    96    0.0077250000
     196   337   338    96    0.0000000000
     196   337   384    97    0.0000000000
     196   338   384    47    0.0006750000
     196   197   243    47    0.0000000000
     196   197   244    95    0.0000000000
     196   197   290    96    0.0000000000
     196   197   291   144    0.0000000000
     196   197   337   145    0.0000000000
     196   197   338    95    0.0000000000
     196   197   384    96    0.0000000000
     196   243   244    96    0.0000000000
     196   243   290    97    0.0000000000
     196   243   291   145    0.0000000000
     196   243   337   146    0.0000000000
     196   243   338    96    0.0000000000
     196   243   384    97    0.0000000000
     196   244   290    47    0.0000000000
     196   244   291    95    0.0000000000
     196   244   337    96    0.0000000000
     196   244   338   144    0.0000000000
     196   244   384   145    0.0000000000
     196   290   291    96    0.0000000000
     196   290   337    97    0.0000000000
     196   290   338   145    0.0000000000
     196   290   384   146    0.0000000000
     196   291   337    47    0.0000000000
     196   291   338    95    0.0000000000
     196   291   384    96    0.0000000000
     196   337   338    96    0.0000000000
     196   337   384    97    0.0000000000
     196   338   384    47    0.0000000000
     196   197   243    47    0.0000000000
     196   197   244    95    0.0000000000
     196   197   290    96    0.0000000000
     196   197   291   144    0.0000000000
     196   197   337   145    0.0000000000
     196   197   338    95    0.0000750000
     196   197   384    96    0.0160500000
     196   243   244    96    0.0000000000
     196   243   290    97    0.0000000000
     196   243   291   145    0.0000000000
     196   243   337   146    0.0000000000
     196   243   338    96    0.0000000000
     196   243   384    97    0.0000000000
     196   244   290    47    0.0000000000
     196   244   291    95    0.0000000000
     196   244   337    96    0.0000000000
     196   244   338   144    0.0000000000
     196   244   384   145    0.0000000000
     196   290   291    96    0.0000000000
     196   290   337    97    0.0000000000
     196   290   338   145    0.0000000000
     196   290   384   146    0.0000000000
     196   291   337    47    0.0000000000
     196   291   338    95    0.0000000000
     196   291   384    96    0.0000000000
     196   337   338    96    0.0000000000
     196   337   384    97    0.0000000000
     196   338   384    47    0.0000000000
     260   261   323    63    0.0000000000
     260   261   324   127    0.0000000000
     260   261   386   128    0.0000000000
     260   261   387   192    0.0000000000
     260   261   449   193    0.0000000000
     260   261   450   127    0.0000000000
     260   261   512   128    0.0000000000
     260   323   324   128    0.0000000000
     260   323   386   129    0.0000000000
     260   323   387   193    0.0000000000
     260   323   449   194    0.0000000000
     260   323   450   128    0.0000000000
     260   323   512   129    0.0000000000
     260   324   386    63    0.0000750000
     260   324   387   127    0.0000000000
     260   324   449   128    0.0000000000
     260   324   450   192    0.0000000000
     260   324   512   193    0.0000000000
     260   386   387   128    0.0000000000
     260   386   449   129    0.0000000000
     260   386   450   193    0.0005250000
     260   386   512   194    0.0000000000
     260   387   449    63    0.0000000000
     260   387   450   127    0.0000000000
     260   387   512   128    0.0000000000
     260   449   450   128    0.0000000000
     260   449   512   129    0.0000000000
     260   450   512    63    0.0000000000
     260   261   323    63    0.0083250000
     260   261   324   127    0.0000000000
     260   261   386   128    0.0232500000
     260   261   387   192    0.0000000000
     260   261   449   193    0.0000000000
     260   261   450   127    0.0000750000
     260   261   512   128    0.0005250000
     260   323   324   128    0.0000000000
     260   323   386   129    0.0086250000
     260   323   387   193    0.0000000000
     260   323   449   194    0.0000000000
     260   323   450   128    0.0000000000
     260   323   512   129    0.0000000000
     260   324   386    63    0.0000000000
     260   324   387   127    0.0000000000
     260   324   449   128    0.0000000000
     260   324   450   192    0.0000000000
     260   324   512   193    0.0000000000
     260   386   387   128    0.0000750000
     260   386   449   129    0.0000000000
     260   386   450   193    0.0006000000
     260   386   512   194    0.0002250000
     260   387   449    63    0.0000000000
     260   387   450   127    0.0000000000
     260   387   512   128    0.0000000000
     260   449   450   128    0.0000000000
     260   449   512   129    0.0000000000
     260   450   512    63    0.0000000000
     260   261   323    63    0.0000000000
     260   261   324   127    0.0000000000
     260   261   386   128    0.0000000000
     260   261   387   192    0.0000000000
     260   261   449   193    0.0003750000
     260   261   450   127    0.0003000000
     260   261   512   128    0.0000000000
     260   323   324   128    0.0000000000
     260   323   386   129    0.0000000000
     260   323   387   193    0.0000000000
     260   323   449   194    0.0000000000
     260   323   450   128    0.0000000000
     260   323   512   129    0.0000000000
     260   324   386    63    0.0000000000
     260   324   387   127    0.0000000000
     260   324   449   128    0.0000000000
     260   324   450   192    0.0000000000
     260   324   512   193    0.0000000000
     260   386   387   128    0.0000000000
     260   386   449   129    0.0000000000
     260   386   450   193    0.0000000000
     260   386   512   194    0.0000000000
     260   387   449    63    0.0000000000
     260   387   450   127    0.0000000000
     260   387   512   128    0.0000000000
     260   449   450   128    0.0029250000
     260   449   512   129    0.0003750000
     260   450   512    63    0.0014250000
     260   261   323    63    0.0549000000
     260   261   324   127    0.0002250000
     260   261   386   128    0.0000000000
     260   261   387   192    0.0000750000
     260   261   449   193    0.0000000000
     260   261   450   127    0.0000000000
     260   261   512   128    0.0009000000
     260   323   324   128    0.0000750000
     260   323   386   129    0.0000000000
     260   323   387   193    0.0000000000
     260   323   449   194    0.0000000000
     260   323   450   128    0.0000000000
     260   323   512   129    0.0005250000
     260   324   386    63    0.0000000000
     260   324   387   127    0.0000000000
     260   324   449   128    0.0000750000
     260   324   450   192    0.0000000000
     260   324   512   193    0.0000000000
     260   386   387   128    0.0000000000
     260   386   449   129    0.0000000000
     260   386   450   193    0.0000000000
     260   386   512   194    0.0000000000
     260   387   449    63    0.0000000000
     260   387   450   127    0.0000000000
     260   387   512   128    0.0000000000
     260   449   450   128    0.0000000000
     260   449   512   129    0.0000000000
     260   450   512    63    0.0000000000
     260   261   323    63    0.0016500000
     260   261   324   127    0.0000000000
     260   261   386   128    0.0000000000
     260   261   387   192    0.0000000000
     260   261   449   193    0.0000000000
     260   261   450   127    0.0000000000
     260   261   512   128    0.0000750000
     260   323   324   128    0.0000750000
     260   323   386   129    0.0000000000
     260   323   387   193    0.0000000000
     260   323   449   194    0.0000000000
     260   323   450   128    0.0000000000
     260   323   512   129    0.0000000000
     260   324   386    63    0.0000000000
     260   324   387   127    0.0000000000
     260   324   449   128    0.0000000000
     260   324   450   192    0.0000000000
     260   324   512   193    0.0000000000
     260   386   387   128    0.0000000000
     260   386   449   129    0.0000000000
     260   386   450   193    0.0000000000
     260   386   512   194    0.0000000000
     260   387   449    63    0.0003750000
     260   387   450   127    0.0000000000
     260   387   512   128    0.0000000000
     260   449   450   128    0.0000000000
     260   449   512   129    0.0000000000
     260   450   512    63    0.0000000000
     260   261   323    63    0.1200750000
     260   261   324   127    0.0000000000
     260   261   386   128    0.0000000000
     260   261   387   192    0.0000000000
     260   261   449   193    0.0000000000
     260   261   450   127    0.0000000000
     260   261   512   128    0.0000000000
     260   323   324   128    0.0000000000
     260   323   386   129    0.0000000000
     260   323   387   193    0.0000000000
     260   323   449   194    0.0000000000
     260   323   450   128    0.0000000000
     260   323   512   129    0.0000000000
     260   324   386    63    0.0000000000
     260   324   387   127    0.0000000000
     260   324   449   128    0.0000000000
     260   324   450   192    0.0000000000
     260   324   512   193    0.0000000000
     260   386   387   128    0.0000000000
     260   386   449   129    0.0000000000
     260   386   450   193    0.0000000000
     260   386   512   194    0.0000000000
     260   387   449    63    0.0633000000
     260   387   450   127    0.0000000000
     260   387   512   128    0.0000000000
     260   449   450   128    0.0000000000
     260   449   512   129    0.0000000000
     260   450   512    63    0.0000000000
     260   261   323    63    0.0000000000
     260   261   324   127    0.0000000000
     260   261   386   128    0.0000000000
     260   261   387   192    0.0000000000
     260   261   449   193    0.0000000000
     260   261   450   127    0.0000000000
     260   261   512   128    0.0000750000
     260   323   324   128    0.0000000000
     260   323   386   129    0.0000000000
     260   323   387   193    0.0000000000
     260   323   449   194    0.0000000000
     260   323   450   128    0.0000000000
     260   323   512   129    0.0000000000
     260   324   386    63    0.0000000000
     260   324   387   127    0.0000000000
     260   324   449   128    0.0000000000
     260   324   450   192    0.0000000000
     260   324   512   193    0.0000000000
     260   386   387   128    0.0000000000
     260   386   449   129    0.0000000000
     260   386   450   193    0.0000000000
     260   386   512   194    0.0000000000
     260   387   449    63    0.0000750000
     260   387   450   127    0.0000000000
     260   387   512   128    0.0000000000
     260   449   450   128    0.0000000000
     260   449   512   129    0.0000000000
     260   450   512    63    0.0000000000
     260   261   323    63    0.0000000000
     260   261   324   127    0.0000000000
     260   261   386   128    0.0000000000
     260   261   387   192    0.0000000000
     260   261   449   193    0.0000000000
     260   261   450   127    0.0000000000
     260   261   512   128    0.0000000000
     260   323   324   128    0.0000000000
     260   323   386   129    0.0000000000
     260   323   387   193    0.0000000000
     260   323   449   194    0.0000000000
     260   323   450   128    0.0000000000
     260   323   512   129    0.0000000000
     260   324   386    63    0.0000000000
     260   324   387   127    0.0000000000
     260   324   449   128    0.0000000000
     260   324   450   192    0.0000000000
     260   324   512   193    0.0000000000
     260   386   387   128    0.0000000000
     260   386   449   129    0.0000000000
     260   386   450   193    0.0000000000
     260   386   512   194    0.0000000000
     260   387   449    63    0.0516000000
     260   387   450   127    0.0012000000
     260   387   512   128    0.0027000000
     260   449   450   128    0.0035250000
     260   449   512   129    0.0104250000
     260   450   512    63    0.0282000000
     260   261   323    63    0.0000000000
     260   261   324   127    0.0000000000
     260   261   386   128    0.0001500000
     260   261   387   192    0.0000000000
     260   261   449   193    0.0000000000
     260   261   450   127    0.0000000000
     260   261   512   128    0.0000000000
     260   323   324   128    0.0000000000
     260   323   386   129    0.0000750000
     260   323   387   193    0.0000000000
     260   323   449   194    0.0000000000
     260   323   450   128    0.0000000000
     260   323   512   129    0.0000000000
     260   324   386    63    0.0011250000
     260   324   387   127    0.0000000000
     260   324   449   128    0.0005250000
     260   324   450   192    0.0000000000
     260   324   512   193    0.0000000000
     260   386   387   128    0.0000000000
     260   386   449   129    0.0065250000
     260   386   450   193    0.0000000000
     260   386   512   194    0.0000000000
     260   387   449    63    0.0000000000
     260   387   450   127    0.0000000000
     260   387   512   128    0.0000000000
     260   449   450   128    0.0000000000
     260   449   512   129    0.0000000000
     260   450   512    63    0.0000000000
     260   261   323    63    0.0000000000
     260   261   324   127    0.0001500000
     260   261   386   128    0.0000000000
     260   261   387   192    0.0000000000
     260   261   449   193    0.0000000000
     260   261   450   127    0.0003000000
     260   261   512   128    0.0000000000
     260   323   324   128    0.0012750000
     260   323   386   129    0.0000000000
     260   323   387   193    0.0000000000
     260   323   449   194    0.0000000000
     260   323   450   128    0.0050250000
     260   323   512   129    0.0000000000
     260   324   386    63    0.0000750000
     260   324   387   127    0.0002250000
     260   324   449   128    0.0000750000
     260   324   450   192    0.0045000000
     260   324   512   193    0.0000000000
     260   386   387   128    0.0000000000
     260   386   449   129    0.0000000000
     260   386   450   193    0.0000000000
     260   386   512   194    0.0000000000
     260   387   449    63    0.0006000000
     260   387   450   127    0.0005250000
     260   387   512   128    0.0000000000
     260   449   450   128    0.0000000000
     260   449   512   129    0.0000000000
     260   450   512    63    0.0000000000
     260   261   323    63    0.0000000000
     260   261   324   127    0.0000000000
     260   261   386   128    0.0000000000
     260   261   387   192    0.0000000000
     260   261   449   193    0.0000000000
     260   261   450   127    0.0000000000
     260   261   512   128    0.0000000000
     260   323   324   128    0.0000000000
     260   323   386   129    0.0187500000
     260   323   387   193    0.0000000000
     260   323   449   194    0.0000000000
     260   323   450   128    0.0000000000
     260   323   512   129    0.0000000000
     260   324   386    63    0.0000000000
     260   324   387   127    0.0000000000
     260   324   449   128    0.0000000000
     260   324   450   192    0.0000000000
     260   324   512   193    0.0000000000
     260   386   387   128    0.0000000000
     260   386   449   129    0.0000000000
     260   386   450   193    0.0000000000
     260   386   512   194    0.0000000000
     260   387   449    63    0.0000000000
     260   387   450   127    0.0000000000
     260   387   512   128    0.0000000000
     260   449   450   128    0.0000000000
     260   449   512   129    0.0000000000
     260   450   512    63    0.0000750000
     260   261   323    63    0.0000000000
     260   261   324   127    0.0002250000
     260   261   386   128    0.0005250000
     260   261   387   192    0.0000000000
     260   261   449   193    0.0000000000
     260   261   450   127    0.0000000000
     260   261   512   128    0.0000000000
     260   323   324   128    0.0000000000
     260   323   386   129    0.0000000000
     260   323   387   193    0.0000000000
     260   323   449   194    0.0000000000
     260   323   450   128    0.0000000000
     260   323   512   129    0.0000000000
     260   324   386    63    0.3018750000
     260   324   387   127    0.0000000000
     260   324   449   128    0.0000000000
     260   324   450   192    0.0000000000
     260   324   512   193    0.0001500000
     260   386   387   128    0.0000000000
     260   386   449   129    0.0000000000
     260   386   450   193    0.0000000000
     260   386   512   194    0.0000750000
     260   387   449    63    0.0000000000
     260   387   450   127    0.0000000000
     260   387   512   128    0.0000000000
     260   449   450   128    0.0000000000
     260   449   512   129    0.0006000000
     260   450   512    63    0.0000000000
     260   261   323    63    0.0000000000
     260   261   324   127    0.0000000000
     260   261   386   128    0.0000000000
     260   261   387   192    0.0000000000
     260   261   449   193    0.0000000000
     260   261   450   127    0.0000000000
     260   261   512   128    0.0000000000
     260   323   324   128    0.0000000000
     260   323   386   129    0.0000000000
     260   323   387   193    0.0000000000
     260   323   449   194    0.0000000000
     260   323   450   128    0.0000000000
     260   323   512   129    0.0015000000
     260   324   386    63    0.0000000000
     260   324   387   127    0.0000000000
     260   324   449   128    0.0000000000
     260   324   450   192    0.0000000000
     260   324   512   193    0.0000000000
     260   386   387   128    0.0000000000
     260   386   449   129    0.0000000000
     260   386   450   193    0.0000000000
     260   386   512   194    0.0000000000
     260   387   449    63    0.0000000000
     260   387   450   127    0.0000000000
     260   387   512   128    0.0000000000
     260   449   450   128    0.0000000000
     260   449   512   129    0.0000000000
     260   450   512    63    0.0000750000
     260   261   323    63    0.0000000000
     260   261   324   127    0.0000000000
     260   261   386   128    0.0000000000
     260   261   387   192    0.0000000000
     260   261   449   193    0.0000000000
     260   261   450   127    0.0000000000
     260   261   512   128    0.0000000000
     260   323   324   128    0.0000000000
     260   323   386   129    0.0000000000
     260   323   387   193    0.0000000000
     260   323   449   194    0.0000000000
     260   323   450   128    0.0000000000
     260   323   512   129    0.0000000000
     260   324   386    63    0.0007500000
     260   324   387   127    0.0009000000
     260   324   449   128    0.0000000000
     260   324   450   192    0.0006750000
     260   324   512   193    0.0000000000
     260   386   387   128    0.0033000000
     260   386   449   129    0.0000000000
     260   386   450   193    0.0042750000
     260   386   512   194    0.0000000000
     260   387   449    63    0.0000000000
     260   387   450   127    0.1167000000
     260   387   512   128    0.0000000000
     260   449   450   128    0.0000000000
     260   449   512   129    0.0000000000
     260   450   512    63    0.0000000000
