      36    37    43     7    0.0933750000
      36    37    44    15    0.0000750000
      36    37    50    16    0.0001500000
      36    37    51    24    0.0002250000
      36    37    57    25    0.0000000000
      36    37    58    15    0.0038250000
      36    37    64    16    0.0000000000
      36    43    44    16    0.0003000000
      36    43    50    17    0.0002250000
      36    43    51    25    0.0003000000
      36    43    57    26    0.0000000000
      36    43    58    16    0.0052500000
      36    43    64    17    0.0000000000
      36    44    50     7    0.1269000000
      36    44    51    15    0.0027750000
      36    44    57    16    0.0000000000
      36    44    58    24    0.0008250000
      36    44    64    25    0.0000000000
      36    50    51    16    0.0078000000
      36    50    57    17    0.0000000000
      36    50    58    25    0.0041250000
      36    50    64    26    0.0000000000
      36    51    57     7    0.0002250000
      36    51    58    15    0.0680250000
      36    51    64    16    0.0002250000
      36    57    58    16    0.0000000000
      36    57    64    17    0.0000000000
      36    58    64     7    0.0012000000
      36    37    43     7    0.0263250000
      36    37    44    15    0.0265500000
      36    37    50    16    0.0009000000
      36    37    51    24    0.0001500000
      36    37    57    25    0.0317250000
      36    37    58    15    0.0297000000
      36    37    64    16    0.0195750000
      36    43    44    16    0.0597750000
      36    43    50    17    0.0007500000
      36    43    51    25    0.0005250000
      36    43    57    26    0.0679500000
      36    43    58    16    0.0631500000
      36    43    64    17    0.0449250000
      36    44    50     7    0.0142500000
      36    44    51    15    0.0040500000
      36    44    57    16    0.2172750000
      36    44    58    24    0.1597500000
      36    44    64    25    0.1867500000
      36    50    51    16    0.0000750000
      36    50    57    17    0.0050250000
      36    50    58    25    0.0033000000
      36    50    64    26    0.0042000000
      36    51    57     7    0.0032250000
      36    51    58    15    0.0019500000
      36    51    64    16    0.0018000000
      36    57    58    16    0.2148750000
      36    57    64    17    0.3282000000
      36    58    64     7    0.3971250000
      36    37    43     7    0.1930500000
      36    37    44    15    0.2168250000
      36    37    50    16    0.0018000000
      36    37    51    24    0.0441750000
      36    37    57    25    0.0230250000
      36    37    58    15    0.1889250000
      36    37    64    16    0.0674250000
      36    43    44    16    0.0788250000
      36    43    50    17    0.0014250000
      36    43    51    25    0.0156750000
      36    43    57    26    0.0080250000
      36    43    58    16    0.0648000000
      36    43    64    17    0.0247500000
      36    44    50     7    0.0049500000
      36    44    51    15    0.1337250000
      36    44    57    16    0.0681000000
      36    44    58    24    0.2017500000
      36    44    64    25    0.0744750000
      36    50    51    16    0.0011250000
      36    50    57    17    0.0002250000
      36    50    58    25    0.0020250000
      36    50    64    26    0.0005250000
      36    51    57     7    0.0315750000
      36    51    58    15    0.0984750000
      36    51    64    16    0.0366750000
      36    57    58    16    0.0543750000
      36    57    64    17    0.0191250000
      36    58    64     7    0.1364250000
      36    37    43     7    0.0000000000
      36    37    44    15    0.0036000000
      36    37    50    16    0.0013500000
      36    37    51    24    0.0000000000
      36    37    57    25    0.0000000000
      36    37    58    15    0.0009750000
      36    37    64    16    0.0022500000
      36    43    44    16    0.0000000000
      36    43    50    17    0.0000000000
      36    43    51    25    0.0000000000
      36    43    57    26    0.0000000000
      36    43    58    16    0.0000000000
      36    43    64    17    0.0000000000
      36    44    50     7    0.0253500000
      36    44    51    15    0.0000000000
      36    44    57    16    0.0000000000
      36    44    58    24    0.0012750000
      36    44    64    25    0.0033750000
      36    50    51    16    0.0000750000
      36    50    57    17    0.0000000000
      36    50    58    25    0.0006000000
      36    50    64    26    0.0015750000
      36    51    57     7    0.0767250000
      36    51    58    15    0.0000750000
      36    51    64    16    0.0000750000
      36    57    58    16    0.0000000000
      36    57    64    17    0.0001500000
      36    58    64     7    0.0090750000
      36    37    43     7    0.0330000000
      36    37    44    15    0.1842750000
      36    37    50    16    0.0046500000
      36    37    51    24    0.0909750000
      36    37    57    25    0.0674250000
      36    37    58    15    0.1183500000
      36    37    64    16    0.1989000000
      36    43    44    16    0.0128250000
      36    43    50    17    0.0004500000
      36    43    51    25    0.0064500000
      36    43    57    26    0.0042000000
      36    43    58    16    0.0097500000
      36    43    64    17    0.0162000000
      36    44    50     7    0.0051750000
      36    44    51    15    0.1425000000
      36    44    57    16    0.0498000000
      36    44    58    24    0.0363750000
      36    44    64    25    0.1164000000
      36    50    51    16    0.0045000000
      36    50    57    17    0.0024750000
      36    50    58    25    0.0012000000
      36    50    64    26    0.0027750000
      36    51    57     7    0.0999750000
      36    51    58    15    0.0216750000
      36    51    64    16    0.0594000000
      36    57    58    16    0.0135750000
      36    57    64    17    0.0416250000
      36    58    64     7    0.1512000000
      36    37    43     7    0.0057750000
      36    37    44    15    0.0006750000
      36    37    50    16    0.0010500000
      36    37    51    24    0.0006000000
      36    37    57    25    0.0000000000
      36    37    58    15    0.0000000000
      36    37    64    16    0.0000750000
      36    43    44    16    0.0000000000
      36    43    50    17    0.0000750000
      36    43    51    25    0.0000000000
      36    43    57    26    0.0000000000
      36    43    58    16    0.0000000000
      36    43    64    17    0.0000000000
      36    44    50     7    0.2871000000
      36    44    51    15    0.1268250000
      36    44    57    16    0.0000750000
      36    44    58    24    0.0000000000
      36    44    64    25    0.0005250000
      36    50    51    16    0.1407000000
      36    50    57    17    0.0000750000
      36    50    58    25    0.0000000000
      36    50    64    26    0.0007500000
      36    51    57     7    0.0002250000
      36    51    58    15    0.0000000000
      36    51    64    16    0.0017250000
      36    57    58    16    0.0000000000
      36    57    64    17    0.0000000000
      36    58    64     7    0.0045000000
      36    37    43     7    0.0190500000
      36    37    44    15    0.0070500000
      36    37    50    16    0.0548250000
      36    37    51    24    0.0288750000
      36    37    57    25    0.0215250000
      36    37    58    15    0.0204000000
      36    37    64    16    0.0306750000
      36    43    44    16    0.0005250000
      36    43    50    17    0.0025500000
      36    43    51    25    0.0014250000
      36    43    57    26    0.0006000000
      36    43    58    16    0.0009750000
      36    43    64    17    0.0023250000
      36    44    50     7    0.0028500000
      36    44    51    15    0.0012000000
      36    44    57    16    0.0007500000
      36    44    58    24    0.0003750000
      36    44    64    25    0.0003750000
      36    50    51    16    0.0114000000
      36    50    57    17    0.0077250000
      36    50    58    25    0.0021750000
      36    50    64    26    0.0032250000
      36    51    57     7    0.0148500000
      36    51    58    15    0.0010500000
      36    51    64    16    0.0023250000
      36    57    58    16    0.0010500000
      36    57    64    17    0.0012750000
      36    58    64     7    0.0030000000
      36    37    43     7    0.0868500000
      36    37    44    15    0.0005250000
      36    37    50    16    0.0000000000
      36    37    51    24    0.0036000000
      36    37    57    25    0.0001500000
      36    37    58    15    0.0012000000
      36    37    64    16    0.0012750000
      36    43    44    16    0.0028500000
      36    43    50    17    0.0001500000
      36    43    51    25    0.0249750000
      36    43    57    26    0.0007500000
      36    43    58    16    0.0117750000
      36    43    64    17    0.0072750000
      36    44    50     7    0.0000000000
      36    44    51    15    0.0140250000
      36    44    57    16    0.0004500000
      36    44    58    24    0.0036750000
      36    44    64    25    0.0021750000
      36    50    51    16    0.0003750000
      36    50    57    17    0.0000000000
      36    50    58    25    0.0000750000
      36    50    64    26    0.0000000000
      36    51    57     7    0.0033000000
      36    51    58    15    0.0518250000
      36    51    64    16    0.0224250000
      36    57    58    16    0.0007500000
      36    57    64    17    0.0003750000
      36    58    64     7    0.3528750000
      36    37    43     7    0.0003000000
      36    37    44    15    0.0215250000
      36    37    50    16    0.0040500000
      36    37    51    24    0.0023250000
      36    37    57    25    0.0000000000
      36    37    58    15    0.0562500000
      36    37    64    16    0.0002250000
      36    43    44    16    0.0012750000
      36    43    50    17    0.0002250000
      36    43    51    25    0.0001500000
      36    43    57    26    0.0000000000
      36    43    58    16    0.0039000000
      36    43    64    17    0.0001500000
      36    44    50     7    0.1378500000
      36    44    51    15    0.0322500000
      36    44    57    16    0.0012000000
      36    44    58    24    0.1508250000
      36    44    64    25    0.0021000000
      36    50    51    16    0.0104250000
      36    50    57    17    0.0004500000
      36    50    58    25    0.0564000000
      36    50    64    26    0.0009750000
      36    51    57     7    0.0087750000
      36    51    58    15    0.0286500000
      36    51    64    16    0.0032250000
      36    57    58    16    0.0008250000
      36    57    64    17    0.0000000000
      36    58    64     7    0.0049500000
      36    37    43     7    0.0022500000
      36    37    44    15    0.0024750000
      36    37    50    16    0.0029250000
      36    37    51    24    0.0000750000
      36    37    57    25    0.0000750000
      36    37    58    15    0.0000000000
      36    37    64    16    0.0000000000
      36    43    44    16    0.0000000000
      36    43    50    17    0.0000750000
      36    43    51    25    0.0000000000
      36    43    57    26    0.0000000000
      36    43    58    16    0.0000000000
      36    43    64    17    0.0000000000
      36    44    50     7    0.0124500000
      36    44    51    15    0.0000750000
      36    44    57    16    0.0000750000
      36    44    58    24    0.0000000000
      36    44    64    25    0.0000000000
      36    50    51    16    0.0001500000
      36    50    57    17    0.0002250000
      36    50    58    25    0.0000750000
      36    50    64    26    0.0000000000
      36    51    57     7    0.7098750000
      36    51    58    15    0.0004500000
      36    51    64    16    0.0000000000
      36    57    58    16    0.0004500000
      36    57    64    17    0.0000000000
      36    58    64     7    0.0008250000
      36    37    43     7    0.0015000000
      36    37    44    15    0.2612250000
      36    37    50    16    0.0316500000
      36    37    51    24    0.2471250000
      36    37    57    25    0.0573750000
      36    37    58    15    0.0053250000
      36    37    64    16    0.0047250000
      36    43    44    16    0.0008250000
      36    43    50    17    0.0002250000
      36    43    51    25    0.0016500000
      36    43    57    26    0.0002250000
      36    43    58    16    0.0000750000
      36    43    64    17    0.0000750000
      36    44    50     7    0.0336000000
      36    44    51    15    0.2607750000
      36    44    57    16    0.0248250000
      36    44    58    24    0.0028500000
      36    44    64    25    0.0021000000
      36    50    51    16    0.0324000000
      36    50    57    17    0.0037500000
      36    50    58    25    0.0004500000
      36    50    64    26    0.0003000000
      36    51    57     7    0.0618000000
      36    51    58    15    0.0054750000
      36    51    64    16    0.0047250000
      36    57    58    16    0.0035250000
      36    57    64    17    0.0028500000
      36    58    64     7    0.2811750000
      36    37    43     7    0.1566750000
      36    37    44    15    0.0012000000
      36    37    50    16    0.0000000000
      36    37    51    24    0.0003000000
      36    37    57    25    0.0023250000
      36    37    58    15    0.0669750000
      36    37    64    16    0.1894500000
      36    43    44    16    0.0003000000
      36    43    50    17    0.0000000000
      36    43    51    25    0.0000750000
      36    43    57    26    0.0005250000
      36    43    58    16    0.0168000000
      36    43    64    17    0.0795750000
      36    44    50     7    0.0045750000
      36    44    51    15    0.0241500000
      36    44    57    16    0.0415500000
      36    44    58    24    0.0004500000
      36    44    64    25    0.0010500000
      36    50    51    16    0.0016500000
      36    50    57    17    0.0022500000
      36    50    58    25    0.0000000000
      36    50    64    26    0.0000000000
      36    51    57     7    0.1329000000
      36    51    58    15    0.0003000000
      36    51    64    16    0.0009000000
      36    57    58    16    0.0013500000
      36    57    64    17    0.0037500000
      36    58    64     7    0.1124250000
      36    37    43     7    0.0006000000
      36    37    44    15    0.0000000000
      36    37    50    16    0.0000000000
      36    37    51    24    0.0006000000
      36    37    57    25    0.0000000000
      36    37    58    15    0.0000000000
      36    37    64    16    0.0002250000
      36    43    44    16    0.0000000000
      36    43    50    17    0.0000000000
      36    43    51    25    0.0000750000
      36    43    57    26    0.0000000000
      36    43    58    16    0.0000000000
      36    43    64    17    0.0000000000
      36    44    50     7    0.0003750000
      36    44    51    15    0.0082500000
      36    44    57    16    0.0006000000
      36    44    58    24    0.0006000000
      36    44    64    25    0.0004500000
      36    50    51    16    0.0051750000
      36    50    57    17    0.0004500000
      36    50    58    25    0.0000000000
      36    50    64    26    0.0002250000
      36    51    57     7    0.0352500000
      36    51    58    15    0.0327750000
      36    51    64    16    0.0527250000
      36    57    58    16    0.0020250000
      36    57    64    17    0.0024750000
      36    58    64     7    0.0443250000
      36    37    43     7    0.0006750000
      36    37    44    15    0.0063000000
      36    37    50    16    0.0000000000
      36    37    51    24    0.0000000000
      36    37    57    25    0.0000000000
      36    37    58    15    0.0000000000
      36    37    64    16    0.0000000000
      36    43    44    16    0.0000750000
      36    43    50    17    0.0000000000
      36    43    51    25    0.0000000000
      36    43    57    26    0.0000000000
      36    43    58    16    0.0000000000
      36    43    64    17    0.0000000000
      36    44    50     7    0.0005250000
      36    44    51    15    0.0003000000
      36    44    57    16    0.0002250000
      36    44    58    24    0.0000000000
      36    44    64    25    0.0000000000
      36    50    51    16    0.0000000000
      36    50    57    17    0.0000000000
      36    50    58    25    0.0000000000
      36    50    64    26    0.0000000000
      36    51    57     7    0.5030250000
      36    51    58    15    0.0000750000
      36    51    64    16    0.0000000000
      36    57    58    16    0.0000000000
      36    57    64    17    0.0000000000
      36    58    64     7    0.0195000000
      36    37    43     7    0.0578250000
      36    37    44    15    0.0171000000
      36    37    50    16    0.0001500000
      36    37    51    24    0.0159000000
      36    37    57    25    0.0020250000
      36    37    58    15    0.0015750000
      36    37    64    16    0.0001500000
      36    43    44    16    0.0786000000
      36    43    50    17    0.0006000000
      36    43    51    25    0.1287000000
      36    43    57    26    0.0118500000
      36    43    58    16    0.0039000000
      36    43    64    17    0.0005250000
      36    44    50     7    0.0012000000
      36    44    51    15    0.4581750000
      36    44    57    16    0.0419250000
      36    44    58    24    0.0015000000
      36    44    64    25    0.0002250000
      36    50    51    16    0.0015000000
      36    50    57    17    0.0003750000
      36    50    58    25    0.0000000000
      36    50    64    26    0.0000000000
      36    51    57     7    0.0660000000
      36    51    58    15    0.0018750000
      36    51    64    16    0.0002250000
      36    57    58    16    0.0001500000
      36    57    64    17    0.0000000000
      36    58    64     7    0.0259500000
      36    37    43     7    0.0371250000
      36    37    44    15    0.0000000000
      36    37    50    16    0.0000000000
      36    37    51    24    0.0000000000
      36    37    57    25    0.0000000000
      36    37    58    15    0.0037500000
      36    37    64    16    0.0033750000
      36    43    44    16    0.0000000000
      36    43    50    17    0.0000000000
      36    43    51    25    0.0000000000
      36    43    57    26    0.0000000000
      36    43    58    16    0.0009750000
      36    43    64    17    0.0006750000
      36    44    50     7    0.1035000000
      36    44    51    15    0.0097500000
      36    44    57    16    0.0058500000
      36    44    58    24    0.0019500000
      36    44    64    25    0.0024750000
      36    50    51    16    0.0008250000
      36    50    57    17    0.0003750000
      36    50    58    25    0.0001500000
      36    50    64    26    0.0001500000
      36    51    57     7    0.1052250000
      36    51    58    15    0.0024750000
      36    51    64    16    0.0025500000
      36    57    58    16    0.0025500000
      36    57    64    17    0.0024750000
      36    58    64     7    0.5217750000
      36    37    43     7    0.1485000000
      36    37    44    15    0.0702750000
      36    37    50    16    0.0069750000
      36    37    51    24    0.0791250000
      36    37    57    25    0.0132750000
      36    37    58    15    0.4850250000
      36    37    64    16    0.0119250000
      36    43    44    16    0.0271500000
      36    43    50    17    0.0033750000
      36    43    51    25    0.0471000000
      36    43    57    26    0.0082500000
      36    43    58    16    0.1088250000
      36    43    64    17    0.0096000000
      36    44    50     7    0.0192000000
      36    44    51    15    0.0250500000
      36    44    57    16    0.0024750000
      36    44    58    24    0.0435000000
      36    44    64    25    0.0021000000
      36    50    51    16    0.0029250000
      36    50    57    17    0.0003750000
      36    50    58    25    0.0044250000
      36    50    64    26    0.0001500000
      36    51    57     7    0.0077250000
      36    51    58    15    0.1509750000
      36    51    64    16    0.0047250000
      36    57    58    16    0.0123750000
      36    57    64    17    0.0018000000
      36    58    64     7    0.0116250000
      36    37    43     7    0.6468000000
      36    37    44    15    0.0000000000
      36    37    50    16    0.0006000000
      36    37    51    24    0.0145500000
      36    37    57    25    0.0027750000
      36    37    58    15    0.0172500000
      36    37    64    16    0.0093000000
      36    43    44    16    0.0000000000
      36    43    50    17    0.0003750000
      36    43    51    25    0.0153000000
      36    43    57    26    0.0030000000
      36    43    58    16    0.0149250000
      36    43    64    17    0.0075000000
      36    44    50     7    0.0024000000
      36    44    51    15    0.0000750000
      36    44    57    16    0.0000000000
      36    44    58    24    0.0000750000
      36    44    64    25    0.0000750000
      36    50    51    16    0.0001500000
      36    50    57    17    0.0000750000
      36    50    58    25    0.0000000000
      36    50    64    26    0.0000750000
      36    51    57     7    0.0111750000
      36    51    58    15    0.0381750000
      36    51    64    16    0.0218250000
      36    57    58    16    0.0080250000
      36    57    64    17    0.0048750000
      36    58    64     7    0.0550500000
      36    37    43     7    0.0195750000
      36    37    44    15    0.0033750000
      36    37    50    16    0.0066750000
      36    37    51    24    0.0009000000
      36    37    57    25    0.0001500000
      36    37    58    15    0.0007500000
      36    37    64    16    0.0012000000
      36    43    44    16    0.0013500000
      36    43    50    17    0.0048000000
      36    43    51    25    0.0007500000
      36    43    57    26    0.0003000000
      36    43    58    16    0.0003000000
      36    43    64    17    0.0004500000
      36    44    50     7    0.0325500000
      36    44    51    15    0.0037500000
      36    44    57    16    0.0012000000
      36    44    58    24    0.0005250000
      36    44    64    25    0.0010500000
      36    50    51    16    0.0074250000
      36    50    57    17    0.0015000000
      36    50    58    25    0.0009000000
      36    50    64    26    0.0010500000
      36    51    57     7    0.0290250000
      36    51    58    15    0.0029250000
      36    51    64    16    0.0029250000
      36    57    58    16    0.0003750000
      36    57    64    17    0.0005250000
      36    58    64     7    0.2256000000
      36    37    43     7    0.1251750000
      36    37    44    15    0.0667500000
      36    37    50    16    0.0843750000
      36    37    51    24    0.0011250000
      36    37    57    25    0.0072750000
      36    37    58    15    0.0633000000
      36    37    64    16    0.0275250000
      36    43    44    16    0.0236250000
      36    43    50    17    0.0324000000
      36    43    51    25    0.0009000000
      36    43    57    26    0.0041250000
      36    43    58    16    0.0382500000
      36    43    64    17    0.0206250000
      36    44    50     7    0.4144500000
      36    44    51    15    0.0014250000
      36    44    57    16    0.0062250000
      36    44    58    24    0.0227250000
      36    44    64    25    0.0113250000
      36    50    51    16    0.0016500000
      36    50    57    17    0.0074250000
      36    50    58    25    0.0345750000
      36    50    64    26    0.0159750000
      36    51    57     7    0.0014250000
      36    51    58    15    0.0036000000
      36    51    64    16    0.0009750000
      36    57    58    16    0.0168000000
      36    57    64    17    0.0060750000
      36    58    64     7    0.1506000000
      36    37    43     7    0.0039000000
      36    37    44    15    0.0446250000
      36    37    50    16    0.0040500000
      36    37    51    24    0.0039750000
      36    37    57    25    0.0126750000
      36    37    58    15    0.0001500000
      36    37    64    16    0.0000000000
      36    43    44    16    0.0113250000
      36    43    50    17    0.0007500000
      36    43    51    25    0.0007500000
      36    43    57    26    0.0033000000
      36    43    58    16    0.0000000000
      36    43    64    17    0.0000000000
      36    44    50     7    0.0169500000
      36    44    51    15    0.0265500000
      36    44    57    16    0.0591000000
      36    44    58    24    0.0003750000
      36    44    64    25    0.0002250000
      36    50    51    16    0.0019500000
      36    50    57    17    0.0059250000
      36    50    58    25    0.0000000000
      36    50    64    26    0.0000000000
      36    51    57     7    0.1520250000
      36    51    58    15    0.0003000000
      36    51    64    16    0.0003750000
      36    57    58    16    0.0009000000
      36    57    64    17    0.0006750000
      36    58    64     7    0.0078000000
      36    37    43     7    0.2765250000
      36    37    44    15    0.0045000000
      36    37    50    16    0.2049750000
      36    37    51    24    0.0009000000
      36    37    57    25    0.0000000000
      36    37    58    15    0.0000000000
      36    37    64    16    0.0000000000
      36    43    44    16    0.0019500000
      36    43    50    17    0.1792500000
      36    43    51    25    0.0005250000
      36    43    57    26    0.0000000000
      36    43    58    16    0.0000000000
      36    43    64    17    0.0000000000
      36    44    50     7    0.0078000000
      36    44    51    15    0.0000000000
      36    44    57    16    0.0000000000
      36    44    58    24    0.0000000000
      36    44    64    25    0.0000000000
      36    50    51    16    0.0015000000
      36    50    57    17    0.0003000000
      36    50    58    25    0.0000000000
      36    50    64    26    0.0000000000
      36    51    57     7    0.0891750000
      36    51    58    15    0.0110250000
      36    51    64    16    0.0009000000
      36    57    58    16    0.0025500000
      36    57    64    17    0.0001500000
      36    58    64     7    0.0279750000
      36    37    43     7    0.0100500000
      36    37    44    15    0.0000000000
      36    37    50    16    0.0016500000
      36    37    51    24    0.0002250000
      36    37    57    25    0.0002250000
      36    37    58    15    0.0090000000
      36    37    64    16    0.0334500000
      36    43    44    16    0.0000000000
      36    43    50    17    0.0004500000
      36    43    51    25    0.0000750000
      36    43    57    26    0.0000750000
      36    43    58    16    0.0009750000
      36    43    64    17    0.0037500000
      36    44    50     7    0.0230250000
      36    44    51    15    0.0000000000
      36    44    57    16    0.0000000000
      36    44    58    24    0.0000000000
      36    44    64    25    0.0000000000
      36    50    51    16    0.0000750000
      36    50    57    17    0.0000000000
      36    50    58    25    0.0001500000
      36    50    64    26    0.0008250000
      36    51    57     7    0.0354000000
      36    51    58    15    0.0003750000
      36    51    64    16    0.0014250000
      36    57    58    16    0.0000000000
      36    57    64    17    0.0004500000
      36    58    64     7    0.0479250000
      36    37    43     7    0.0440250000
      36    37    44    15    0.0000000000
      36    37    50    16    0.0001500000
      36    37    51    24    0.1798500000
      36    37    57    25    0.0093000000
      36    37    58    15    0.1918500000
      36    37    64    16    0.0084000000
      36    43    44    16    0.0000000000
      36    43    50    17    0.0000000000
      36    43    51    25    0.0244500000
      36    43    57    26    0.0014250000
      36    43    58    16    0.0120000000
      36    43    64    17    0.0006000000
      36    44    50     7    0.0469500000
      36    44    51    15    0.0000000000
      36    44    57    16    0.0000000000
      36    44    58    24    0.0000000000
      36    44    64    25    0.0000000000
      36    50    51    16    0.0000750000
      36    50    57    17    0.0000000000
      36    50    58    25    0.0000000000
      36    50    64    26    0.0000000000
      36    51    57     7    0.0370500000
      36    51    58    15    0.3952500000
      36    51    64    16    0.0164250000
      36    57    58    16    0.0208500000
      36    57    64    17    0.0009000000
      36    58    64     7    0.0149250000
      36    37    43     7    0.0258750000
      36    37    44    15    0.0003750000
      36    37    50    16    0.0003750000
      36    37    51    24    0.0000000000
      36    37    57    25    0.0000000000
      36    37    58    15    0.0001500000
      36    37    64    16    0.0000000000
      36    43    44    16    0.0003000000
      36    43    50    17    0.0003000000
      36    43    51    25    0.0000000000
      36    43    57    26    0.0000000000
      36    43    58    16    0.0000750000
      36    43    64    17    0.0000000000
      36    44    50     7    0.3015000000
      36    44    51    15    0.0366750000
      36    44    57    16    0.0331500000
      36    44    58    24    0.0262500000
      36    44    64    25    0.0075000000
      36    50    51    16    0.0294000000
      36    50    57    17    0.0258750000
      36    50    58    25    0.0214500000
      36    50    64    26    0.0056250000
      36    51    57     7    0.1845000000
      36    51    58    15    0.1536750000
      36    51    64    16    0.0388500000
      36    57    58    16    0.1313250000
      36    57    64    17    0.0369750000
      36    58    64     7    0.1246500000
      36    37    43     7    0.0050250000
      36    37    44    15    0.0000000000
      36    37    50    16    0.0000000000
      36    37    51    24    0.0000000000
      36    37    57    25    0.0000000000
      36    37    58    15    0.0010500000
      36    37    64    16    0.0005250000
      36    43    44    16    0.0000000000
      36    43    50    17    0.0000000000
      36    43    51    25    0.0000000000
      36    43    57    26    0.0000000000
      36    43    58    16    0.0000000000
      36    43    64    17    0.0000000000
      36    44    50     7    0.0003750000
      36    44    51    15    0.0000000000
      36    44    57    16    0.0000000000
      36    44    58    24    0.0000000000
      36    44    64    25    0.0000000000
      36    50    51    16    0.0000750000
      36    50    57    17    0.0000000000
      36    50    58    25    0.0000000000
      36    50    64    26    0.0000000000
      36    51    57     7    0.0077250000
      36    51    58    15    0.0002250000
      36    51    64    16    0.0000750000
      36    57    58    16    0.0000750000
      36    57    64    17    0.0000000000
      36    58    64     7    0.0125250000
      36    37    43     7    0.0041250000
      36    37    44    15    0.2469000000
      36    37    50    16    0.0021750000
      36    37    51    24    0.0585750000
      36    37    57    25    0.0072000000
      36    37    58    15    0.0791250000
      36    37    64    16    0.0914250000
      36    43    44    16    0.0023250000
      36    43    50    17    0.0000000000
      36    43    51    25    0.0006000000
      36    43    57    26    0.0000000000
      36    43    58    16    0.0009000000
      36    43    64    17    0.0015000000
      36    44    50     7    0.0024000000
      36    44    51    15    0.1090500000
      36    44    57    16    0.0139500000
      36    44    58    24    0.0601500000
      36    44    64    25    0.0745500000
      36    50    51    16    0.0006000000
      36    50    57    17    0.0001500000
      36    50    58    25    0.0007500000
      36    50    64    26    0.0004500000
      36    51    57     7    0.0098250000
      36    51    58    15    0.0396750000
      36    51    64    16    0.0378750000
      36    57    58    16    0.0043500000
      36    57    64    17    0.0046500000
      36    58    64     7    0.0727500000
      68    69    83    15    0.1247250000
      68    69    84    31    0.0060750000
      68    69    98    32    0.0099000000
      68    69    99    48    0.0033000000
      68    69   113    49    0.0000000000
      68    69   114    31    0.0471750000
      68    69   128    32    0.0010500000
      68    83    84    32    0.0100500000
      68    83    98    33    0.0154500000
      68    83    99    49    0.0138750000
      68    83   113    50    0.0001500000
      68    83   114    32    0.1638750000
      68    83   128    33    0.0048750000
      68    84    98    15    0.0021750000
      68    84    99    31    0.0003000000
      68    84   113    32    0.0000000000
      68    84   114    48    0.0063000000
      68    84   128    49    0.0001500000
      68    98    99    32    0.0005250000
      68    98   113    33    0.0000000000
      68    98   114    49    0.0111000000
      68    98   128    50    0.0001500000
      68    99   113    15    0.0000750000
      68    99   114    31    0.0231000000
      68    99   128    32    0.0001500000
      68   113   114    32    0.0005250000
      68   113   128    33    0.0000000000
      68   114   128    15    0.0076500000
      68    69    83    15    0.0080250000
      68    69    84    31    0.0000000000
      68    69    98    32    0.0000000000
      68    69    99    48    0.0000000000
      68    69   113    49    0.0000000000
      68    69   114    31    0.0007500000
      68    69   128    32    0.0000000000
      68    83    84    32    0.0000000000
      68    83    98    33    0.0000000000
      68    83    99    49    0.0000000000
      68    83   113    50    0.0000000000
      68    83   114    32    0.0036750000
      68    83   128    33    0.0004500000
      68    84    98    15    0.0354750000
      68    84    99    31    0.0000000000
      68    84   113    32    0.0000000000
      68    84   114    48    0.0000000000
      68    84   128    49    0.0000000000
      68    98    99    32    0.0000750000
      68    98   113    33    0.0000000000
      68    98   114    49    0.0000000000
      68    98   128    50    0.0000000000
      68    99   113    15    0.0047250000
      68    99   114    31    0.0000000000
      68    99   128    32    0.0000000000
      68   113   114    32    0.0000000000
      68   113   128    33    0.0000000000
      68   114   128    15    0.0003000000
      68    69    83    15    0.0002250000
      68    69    84    31    0.0802500000
      68    69    98    32    0.0005250000
      68    69    99    48    0.0000000000
      68    69   113    49    0.0000000000
      68    69   114    31    0.0001500000
      68    69   128    32    0.0000000000
      68    83    84    32    0.0001500000
      68    83    98    33    0.0000000000
      68    83    99    49    0.0000000000
      68    83   113    50    0.0000000000
      68    83   114    32    0.0000000000
      68    83   128    33    0.0000000000
      68    84    98    15    0.0017250000
      68    84    99    31    0.0000000000
      68    84   113    32    0.0000000000
      68    84   114    48    0.0000750000
      68    84   128    49    0.0000000000
      68    98    99    32    0.0000000000
      68    98   113    33    0.0000000000
      68    98   114    49    0.0000000000
      68    98   128    50    0.0000000000
      68    99   113    15    0.0020250000
      68    99   114    31    0.0009750000
      68    99   128    32    0.0000750000
      68   113   114    32    0.0000000000
      68   113   128    33    0.0000000000
      68   114   128    15    0.0120750000
      68    69    83    15    0.0003000000
      68    69    84    31    0.0000000000
      68    69    98    32    0.0000000000
      68    69    99    48    0.0000000000
      68    69   113    49    0.0000000000
      68    69   114    31    0.0001500000
      68    69   128    32    0.0000000000
      68    83    84    32    0.0000000000
      68    83    98    33    0.0000000000
      68    83    99    49    0.0000000000
      68    83   113    50    0.0000000000
      68    83   114    32    0.0000750000
      68    83   128    33    0.0000000000
      68    84    98    15    0.0000000000
      68    84    99    31    0.0000000000
      68    84   113    32    0.0001500000
      68    84   114    48    0.0000000000
      68    84   128    49    0.0000000000
      68    98    99    32    0.0001500000
      68    98   113    33    0.0019500000
      68    98   114    49    0.0016500000
      68    98   128    50    0.0000000000
      68    99   113    15    0.0180750000
      68    99   114    31    0.0113250000
      68    99   128    32    0.0001500000
      68   113   114    32    0.0372000000
      68   113   128    33    0.0001500000
      68   114   128    15    0.0003000000
      68    69    83    15    0.0466500000
      68    69    84    31    0.0010500000
      68    69    98    32    0.0013500000
      68    69    99    48    0.0000750000
      68    69   113    49    0.0000000000
      68    69   114    31    0.0205500000
      68    69   128    32    0.0015750000
      68    83    84    32    0.0048750000
      68    83    98    33    0.0059250000
      68    83    99    49    0.0001500000
      68    83   113    50    0.0001500000
      68    83   114    32    0.1160250000
      68    83   128    33    0.0086250000
      68    84    98    15    0.3705750000
      68    84    99    31    0.0002250000
      68    84   113    32    0.0001500000
      68    84   114    48    0.0075000000
      68    84   128    49    0.0008250000
      68    98    99    32    0.0003750000
      68    98   113    33    0.0001500000
      68    98   114    49    0.0096750000
      68    98   128    50    0.0010500000
      68    99   113    15    0.0015000000
      68    99   114    31    0.0001500000
      68    99   128    32    0.0000000000
      68   113   114    32    0.0000000000
      68   113   128    33    0.0000000000
      68   114   128    15    0.0151500000
      68    69    83    15    0.0000750000
      68    69    84    31    0.0018000000
      68    69    98    32    0.0148500000
      68    69    99    48    0.0048000000
      68    69   113    49    0.0234750000
      68    69   114    31    0.1133250000
      68    69   128    32    0.0034500000
      68    83    84    32    0.0000000000
      68    83    98    33    0.0000000000
      68    83    99    49    0.0000000000
      68    83   113    50    0.0000000000
      68    83   114    32    0.0000750000
      68    83   128    33    0.0000000000
      68    84    98    15    0.0099750000
      68    84    99    31    0.0012000000
      68    84   113    32    0.0058500000
      68    84   114    48    0.0054750000
      68    84   128    49    0.0000750000
      68    98    99    32    0.0075750000
      68    98   113    33    0.0389250000
      68    98   114    49    0.0331500000
      68    98   128    50    0.0015750000
      68    99   113    15    0.0346500000
      68    99   114    31    0.0206250000
      68    99   128    32    0.0012000000
      68   113   114    32    0.0983250000
      68   113   128    33    0.0041250000
      68   114   128    15    0.0117750000
      68    69    83    15    0.0900000000
      68    69    84    31    0.0000750000
      68    69    98    32    0.0000750000
      68    69    99    48    0.0000750000
      68    69   113    49    0.0000000000
      68    69   114    31    0.0014250000
      68    69   128    32    0.0000000000
      68    83    84    32    0.0001500000
      68    83    98    33    0.0000000000
      68    83    99    49    0.0002250000
      68    83   113    50    0.0000000000
      68    83   114    32    0.0042750000
      68    83   128    33    0.0002250000
      68    84    98    15    0.0496500000
      68    84    99    31    0.1753500000
      68    84   113    32    0.0000000000
      68    84   114    48    0.0017250000
      68    84   128    49    0.0000000000
      68    98    99    32    0.0498750000
      68    98   113    33    0.0000000000
      68    98   114    49    0.0003750000
      68    98   128    50    0.0000000000
      68    99   113    15    0.0000000000
      68    99   114    31    0.0021750000
      68    99   128    32    0.0000000000
      68   113   114    32    0.0000000000
      68   113   128    33    0.0000000000
      68   114   128    15    0.0039000000
      68    69    83    15    0.0000750000
      68    69    84    31    0.0003750000
      68    69    98    32    0.0000000000
      68    69    99    48    0.0002250000
      68    69   113    49    0.0000000000
      68    69   114    31    0.0002250000
      68    69   128    32    0.0000000000
      68    83    84    32    0.0099000000
      68    83    98    33    0.0006000000
      68    83    99    49    0.0049500000
      68    83   113    50    0.0016500000
      68    83   114    32    0.0015000000
      68    83   128    33    0.0002250000
      68    84    98    15    0.0159000000
      68    84    99    31    0.3156000000
      68    84   113    32    0.1020750000
      68    84   114    48    0.1332000000
      68    84   128    49    0.0149250000
      68    98    99    32    0.0114750000
      68    98   113    33    0.0034500000
      68    98   114    49    0.0052500000
      68    98   128    50    0.0007500000
      68    99   113    15    0.2127000000
      68    99   114    31    0.3162000000
      68    99   128    32    0.0279750000
      68   113   114    32    0.1146750000
      68   113   128    33    0.0138750000
      68   114   128    15    0.0384000000
      68    69    83    15    0.0002250000
      68    69    84    31    0.0000000000
      68    69    98    32    0.0000000000
      68    69    99    48    0.0000000000
      68    69   113    49    0.0002250000
      68    69   114    31    0.0010500000
      68    69   128    32    0.0000000000
      68    83    84    32    0.0000000000
      68    83    98    33    0.0000000000
      68    83    99    49    0.0000000000
      68    83   113    50    0.0002250000
      68    83   114    32    0.0008250000
      68    83   128    33    0.0000000000
      68    84    98    15    0.0000000000
      68    84    99    31    0.0000000000
      68    84   113    32    0.0000000000
      68    84   114    48    0.0000000000
      68    84   128    49    0.0000000000
      68    98    99    32    0.0000000000
      68    98   113    33    0.0000000000
      68    98   114    49    0.0000000000
      68    98   128    50    0.0000000000
      68    99   113    15    0.0079500000
      68    99   114    31    0.0060000000
      68    99   128    32    0.0000000000
      68   113   114    32    0.1395750000
      68   113   128    33    0.0012000000
      68   114   128    15    0.0014250000
      68    69    83    15    0.0372000000
      68    69    84    31    0.0003000000
      68    69    98    32    0.0053250000
      68    69    99    48    0.0000000000
      68    69   113    49    0.0004500000
      68    69   114    31    0.2191500000
      68    69   128    32    0.0165000000
      68    83    84    32    0.0000750000
      68    83    98    33    0.0015750000
      68    83    99    49    0.0000000000
      68    83   113    50    0.0000750000
      68    83   114    32    0.0563250000
      68    83   128    33    0.0045000000
      68    84    98    15    0.0115500000
      68    84    99    31    0.0000000000
      68    84   113    32    0.0000000000
      68    84   114    48    0.0009750000
      68    84   128    49    0.0002250000
      68    98    99    32    0.0000000000
      68    98   113    33    0.0000000000
      68    98   114    49    0.0121500000
      68    98   128    50    0.0011250000
      68    99   113    15    0.0011250000
      68    99   114    31    0.0000750000
      68    99   128    32    0.0000000000
      68   113   114    32    0.0012000000
      68   113   128    33    0.0002250000
      68   114   128    15    0.0488250000
     132   133   163    31    0.0000000000
     132   133   164    63    0.0000000000
     132   133   194    64    0.0000000000
     132   133   195    96    0.0000000000
     132   133   225    97    0.0000000000
     132   133   226    63    0.0329250000
     132   133   256    64    0.0000750000
     132   163   164    64    0.0000000000
     132   163   194    65    0.0000000000
     132   163   195    97    0.0000000000
     132   163   225    98    0.0000000000
     132   163   226    64    0.0000000000
     132   163   256    65    0.0000000000
     132   164   194    31    0.0000000000
     132   164   195    63    0.0000000000
     132   164   225    64    0.0000000000
     132   164   226    96    0.0000000000
     132   164   256    97    0.0000000000
     132   194   195    64    0.0000000000
     132   194   225    65    0.0000000000
     132   194   226    97    0.0000000000
     132   194   256    98    0.0000000000
     132   195   225    31    0.0884250000
     132   195   226    63    0.0000000000
     132   195   256    64    0.0000000000
     132   225   226    64    0.0000000000
     132   225   256    65    0.0000000000
     132   226   256    31    0.0000750000
     132   133   163    31    0.0000000000
     132   133   164    63    0.0009750000
     132   133   194    64    0.0012000000
     132   133   195    96    0.0000000000
     132   133   225    97    0.0000000000
     132   133   226    63    0.0001500000
     132   133   256    64    0.0000000000
     132   163   164    64    0.0000000000
     132   163   194    65    0.0000000000
     132   163   195    97    0.0000000000
     132   163   225    98    0.0000000000
     132   163   226    64    0.0000000000
     132   163   256    65    0.0000000000
     132   164   194    31    0.1279500000
     132   164   195    63    0.0002250000
     132   164   225    64    0.0000000000
     132   164   226    96    0.0018750000
     132   164   256    97    0.0000000000
     132   194   195    64    0.0001500000
     132   194   225    65    0.0000000000
     132   194   226    97    0.0021000000
     132   194   256    98    0.0000000000
     132   195   225    31    0.0024000000
     132   195   226    63    0.0136500000
     132   195   256    64    0.0000000000
     132   225   226    64    0.0000000000
     132   225   256    65    0.0000000000
     132   226   256    31    0.0000750000
     132   133   163    31    0.0000000000
     132   133   164    63    0.0000000000
     132   133   194    64    0.0000000000
     132   133   195    96    0.0000000000
     132   133   225    97    0.0000000000
     132   133   226    63    0.0000000000
     132   133   256    64    0.0000000000
     132   163   164    64    0.0001500000
     132   163   194    65    0.0000750000
     132   163   195    97    0.0002250000
     132   163   225    98    0.0022500000
     132   163   226    64    0.0000750000
     132   163   256    65    0.0117750000
     132   164   194    31    0.0000000000
     132   164   195    63    0.0000000000
     132   164   225    64    0.0000750000
     132   164   226    96    0.0000000000
     132   164   256    97    0.0000750000
     132   194   195    64    0.0000750000
     132   194   225    65    0.0000750000
     132   194   226    97    0.0000000000
     132   194   256    98    0.0000000000
     132   195   225    31    0.0017250000
     132   195   226    63    0.0000000000
     132   195   256    64    0.0001500000
     132   225   226    64    0.0000000000
     132   225   256    65    0.0017250000
     132   226   256    31    0.0011250000
     132   133   163    31    0.0000000000
     132   133   164    63    0.0001500000
     132   133   194    64    0.0000750000
     132   133   195    96    0.0000000000
     132   133   225    97    0.0000000000
     132   133   226    63    0.0000000000
     132   133   256    64    0.0000000000
     132   163   164    64    0.0000000000
     132   163   194    65    0.0000000000
     132   163   195    97    0.0000000000
     132   163   225    98    0.0000000000
     132   163   226    64    0.0000000000
     132   163   256    65    0.0000000000
     132   164   194    31    0.6273750000
     132   164   195    63    0.0073500000
     132   164   225    64    0.0042000000
     132   164   226    96    0.0000750000
     132   164   256    97    0.0000000000
     132   194   195    64    0.0058500000
     132   194   225    65    0.0035250000
     132   194   226    97    0.0000750000
     132   194   256    98    0.0000000000
     132   195   225    31    0.0102750000
     132   195   226    63    0.0001500000
     132   195   256    64    0.0001500000
     132   225   226    64    0.0000750000
     132   225   256    65    0.0000000000
     132   226   256    31    0.0003750000
     132   133   163    31    0.0000000000
     132   133   164    63    0.0000000000
     132   133   194    64    0.0000000000
     132   133   195    96    0.0000000000
     132   133   225    97    0.0000000000
     132   133   226    63    0.0000000000
     132   133   256    64    0.0000000000
     132   163   164    64    0.0000000000
     132   163   194    65    0.0000000000
     132   163   195    97    0.0000000000
     132   163   225    98    0.0000000000
     132   163   226    64    0.0000000000
     132   163   256    65    0.0000000000
     132   164   194    31    0.0000000000
     132   164   195    63    0.0000000000
     132   164   225    64    0.0000000000
     132   164   226    96    0.0000000000
     132   164   256    97    0.0000000000
     132   194   195    64    0.0000000000
     132   194   225    65    0.0000000000
     132   194   226    97    0.0000000000
     132   194   256    98    0.0000000000
     132   195   225    31    0.0001500000
     132   195   226    63    0.0000000000
     132   195   256    64    0.0000000000
     132   225   226    64    0.0000000000
     132   225   256    65    0.0000000000
     132   226   256    31    0.0000750000
     132   133   163    31    0.0000000000
     132   133   164    63    0.0000000000
     132   133   194    64    0.0000000000
     132   133   195    96    0.0546750000
     132   133   225    97    0.0456750000
     132   133   226    63    0.0015750000
     132   133   256    64    0.0003000000
     132   163   164    64    0.0000000000
     132   163   194    65    0.0000000000
     132   163   195    97    0.0000000000
     132   163   225    98    0.0000000000
     132   163   226    64    0.0000000000
     132   163   256    65    0.0000000000
     132   164   194    31    0.0276750000
     132   164   195    63    0.0000000000
     132   164   225    64    0.0000000000
     132   164   226    96    0.0000000000
     132   164   256    97    0.0000000000
     132   194   195    64    0.0000000000
     132   194   225    65    0.0000000000
     132   194   226    97    0.0000000000
     132   194   256    98    0.0000000000
     132   195   225    31    0.5034000000
     132   195   226    63    0.0002250000
     132   195   256    64    0.0000000000
     132   225   226    64    0.0002250000
     132   225   256    65    0.0000000000
     132   226   256    31    0.0000000000
     132   133   163    31    0.0012000000
     132   133   164    63    0.0000000000
     132   133   194    64    0.0000000000
     132   133   195    96    0.0000000000
     132   133   225    97    0.0000000000
     132   133   226    63    0.0000000000
     132   133   256    64    0.0000000000
     132   163   164    64    0.0000000000
     132   163   194    65    0.0000000000
     132   163   195    97    0.0000000000
     132   163   225    98    0.0000000000
     132   163   226    64    0.0000000000
     132   163   256    65    0.0000000000
     132   164   194    31    0.0000000000
     132   164   195    63    0.0000000000
     132   164   225    64    0.0000000000
     132   164   226    96    0.0000000000
     132   164   256    97    0.0000000000
     132   194   195    64    0.0000000000
     132   194   225    65    0.0000000000
     132   194   226    97    0.0000000000
     132   194   256    98    0.0000000000
     132   195   225    31    0.0000000000
     132   195   226    63    0.0102750000
     132   195   256    64    0.0015750000
     132   225   226    64    0.0000000000
     132   225   256    65    0.0000000000
     132   226   256    31    0.0008250000
     132   133   163    31    0.0000000000
     132   133   164    63    0.0000000000
     132   133   194    64    0.0000000000
     132   133   195    96    0.0000000000
     132   133   225    97    0.0000000000
     132   133   226    63    0.0000000000
     132   133   256    64    0.0000000000
     132   163   164    64    0.0021750000
     132   163   194    65    0.0000000000
     132   163   195    97    0.0000000000
     132   163   225    98    0.0000000000
     132   163   226    64    0.0118500000
     132   163   256    65    0.0003000000
     132   164   194    31    0.0000000000
     132   164   195    63    0.0000000000
     132   164   225    64    0.0000000000
     132   164   226    96    0.0030000000
     132   164   256    97    0.0000000000
     132   194   195    64    0.0000000000
     132   194   225    65    0.0000000000
     132   194   226    97    0.0000750000
     132   194   256    98    0.0000000000
     132   195   225    31    0.0000000000
     132   195   226    63    0.0000750000
     132   195   256    64    0.0000000000
     132   225   226    64    0.0000000000
     132   225   256    65    0.0000000000
     132   226   256    31    0.0087750000
     132   133   163    31    0.0027000000
     132   133   164    63    0.0000000000
     132   133   194    64    0.0000000000
     132   133   195    96    0.0000750000
     132   133   225    97    0.0000000000
     132   133   226    63    0.0000000000
     132   133   256    64    0.0000750000
     132   163   164    64    0.0000000000
     132   163   194    65    0.0000000000
     132   163   195    97    0.0144000000
     132   163   225    98    0.0039750000
     132   163   226    64    0.0040500000
     132   163   256    65    0.0033750000
     132   164   194    31    0.0000000000
     132   164   195    63    0.0000000000
     132   164   225    64    0.0000000000
     132   164   226    96    0.0000000000
     132   164   256    97    0.0000000000
     132   194   195    64    0.0000000000
     132   194   225    65    0.0000000000
     132   194   226    97    0.0000000000
     132   194   256    98    0.0000000000
     132   195   225    31    0.1431000000
     132   195   226    63    0.0005250000
     132   195   256    64    0.0110250000
     132   225   226    64    0.0000000000
     132   225   256    65    0.0024750000
     132   226   256    31    0.0000750000
     132   133   163    31    0.0000750000
     132   133   164    63    0.0372750000
     132   133   194    64    0.0000000000
     132   133   195    96    0.0432750000
     132   133   225    97    0.0000750000
     132   133   226    63    0.0117750000
     132   133   256    64    0.0000000000
     132   163   164    64    0.0000000000
     132   163   194    65    0.0000000000
     132   163   195    97    0.0000000000
     132   163   225    98    0.0000000000
     132   163   226    64    0.0000000000
     132   163   256    65    0.0000000000
     132   164   194    31    0.0001500000
     132   164   195    63    0.3924750000
     132   164   225    64    0.0003000000
     132   164   226    96    0.0490500000
     132   164   256    97    0.0000000000
     132   194   195    64    0.0002250000
     132   194   225    65    0.0000000000
     132   194   226    97    0.0000750000
     132   194   256    98    0.0000000000
     132   195   225    31    0.0006000000
     132   195   226    63    0.1021500000
     132   195   256    64    0.0000000000
     132   225   226    64    0.0003000000
     132   225   256    65    0.0000000000
     132   226   256    31    0.0000000000
     196   197   243    47    0.0009750000
     196   197   244    95    0.0087750000
     196   197   290    96    0.0001500000
     196   197   291   144    0.0001500000
     196   197   337   145    0.0000000000
     196   197   338    95    0.0002250000
     196   197   384    96    0.0003750000
     196   243   244    96    0.0000750000
     196   243   290    97    0.0000000000
     196   243   291   145    0.0000000000
     196   243   337   146    0.0000000000
     196   243   338    96    0.0000750000
     196   243   384    97    0.0000000000
     196   244   290    47    0.0002250000
     196   244   291    95    0.0001500000
     196   244   337    96    0.0000000000
     196   244   338   144    0.0002250000
     196   244   384   145    0.0003750000
     196   290   291    96    0.0000000000
     196   290   337    97    0.0000000000
     196   290   338   145    0.0000000000
     196   290   384   146    0.0000000000
     196   291   337    47    0.0000000000
     196   291   338    95    0.0018000000
     196   291   384    96    0.0009000000
     196   337   338    96    0.0000000000
     196   337   384    97    0.0000000000
     196   338   384    47    0.0090750000
     196   197   243    47    0.0000000000
     196   197   244    95    0.0000000000
     196   197   290    96    0.0000000000
     196   197   291   144    0.0006750000
     196   197   337   145    0.0000000000
     196   197   338    95    0.0042750000
     196   197   384    96    0.0000750000
     196   243   244    96    0.0000000000
     196   243   290    97    0.0000000000
     196   243   291   145    0.0000000000
     196   243   337   146    0.0000000000
     196   243   338    96    0.0000000000
     196   243   384    97    0.0000000000
     196   244   290    47    0.0004500000
     196   244   291    95    0.0000750000
     196   244   337    96    0.0000000000
     196   244   338   144    0.0000000000
     196   244   384   145    0.0000000000
     196   290   291    96    0.0024000000
     196   290   337    97    0.0000000000
     196   290   338   145    0.0002250000
     196   290   384   146    0.0000000000
     196   291   337    47    0.0000000000
     196   291   338    95    0.0045750000
     196   291   384    96    0.0002250000
     196   337   338    96    0.0000000000
     196   337   384    97    0.0000000000
     196   338   384    47    0.0004500000
     196   197   243    47    0.0007500000
     196   197   244    95    0.0000000000
     196   197   290    96    0.0000000000
     196   197   291   144    0.0000000000
     196   197   337   145    0.0000000000
     196   197   338    95    0.0000000000
     196   197   384    96    0.0000000000
     196   243   244    96    0.0050250000
     196   243   290    97    0.0000000000
     196   243   291   145    0.0000000000
     196   243   337   146    0.0048750000
     196   243   338    96    0.0000000000
     196   243   384    97    0.0000000000
     196   244   290    47    0.0000750000
     196   244   291    95    0.0000000000
     196   244   337    96    0.0025500000
     196   244   338   144    0.0000000000
     196   244   384   145    0.0000000000
     196   290   291    96    0.0000000000
     196   290   337    97    0.0000000000
     196   290   338   145    0.0000000000
     196   290   384   146    0.0000000000
     196   291   337    47    0.0002250000
     196   291   338    95    0.0000000000
     196   291   384    96    0.0000000000
     196   337   338    96    0.0000750000
     196   337   384    97    0.0000000000
     196   338   384    47    0.0027750000
     196   197   243    47    0.0100500000
     196   197   244    95    0.0000000000
     196   197   290    96    0.0000000000
     196   197   291   144    0.0000000000
     196   197   337   145    0.0000000000
     196   197   338    95    0.0000000000
     196   197   384    96    0.0000000000
     196   243   244    96    0.0000000000
     196   243   290    97    0.0000000000
     196   243   291   145    0.0000000000
     196   243   337   146    0.0000000000
     196   243   338    96    0.0000000000
     196   243   384    97    0.0000000000
     196   244   290    47    0.0000750000
     196   244   291    95    0.0000000000
     196   244   337    96    0.0624750000
     196   244   338   144    0.0000750000
     196   244   384   145    0.0003000000
     196   290   291    96    0.0000000000
     196   290   337    97    0.0000000000
     196   290   338   145    0.0000000000
     196   290   384   146    0.0000000000
     196   291   337    47    0.0000000000
     196   291   338    95    0.0000000000
     196   291   384    96    0.0000000000
     196   337   338    96    0.0000000000
     196   337   384    97    0.0000000000
     196   338   384    47    0.0002250000
     196   197   243    47    0.0000750000
     196   197   244    95    0.0000000000
     196   197   290    96    0.0000000000
     196   197   291   144    0.0000000000
     196   197   337   145    0.0000000000
     196   197   338    95    0.0000000000
     196   197   384    96    0.0000000000
     196   243   244    96    0.0000000000
     196   243   290    97    0.0000000000
     196   243   291   145    0.0000000000
     196   243   337   146    0.0000000000
     196   243   338    96    0.0000000000
     196   243   384    97    0.0000000000
     196   244   290    47    0.0000000000
     196   244   291    95    0.0006750000
     196   244   337    96    0.0000000000
     196   244   338   144    0.0000000000
     196   244   384   145    0.0000000000
     196   290   291    96    0.0000000000
     196   290   337    97    0.0000000000
     196   290   338   145    0.0000000000
     196   290   384   146    0.0000000000
     196   291   337    47    0.0000000000
     196   291   338    95    0.0000750000
     196   291   384    96    0.0000000000
     196   337   338    96    0.0000000000
     196   337   384    97    0.0000000000
     196   338   384    47    0.0000000000
     196   197   243    47    0.6866250000
     196   197   244    95    0.0002250000
     196   197   290    96    0.0024750000
     196   197   291   144    0.0075750000
     196   197   337   145    0.0000750000
     196   197   338    95    0.0268500000
     196   197   384    96    0.0000750000
     196   243   244    96    0.0001500000
     196   243   290    97    0.0024000000
     196   243   291   145    0.0075750000
     196   243   337   146    0.0000750000
     196   243   338    96    0.0231750000
     196   243   384    97    0.0000000000
     196   244   290    47    0.0002250000
     196   244   291    95    0.0001500000
     196   244   337    96    0.0000000000
     196   244   338   144    0.0001500000
     196   244   384   145    0.0000000000
     196   290   291    96    0.0005250000
     196   290   337    97    0.0000000000
     196   290   338   145    0.0012000000
     196   290   384   146    0.0000000000
     196   291   337    47    0.0000000000
     196   291   338    95    0.0043500000
     196   291   384    96    0.0000000000
     196   337   338    96    0.0000750000
     196   337   384    97    0.0000000000
     196   338   384    47    0.0001500000
     196   197   243    47    0.0000000000
     196   197   244    95    0.0000000000
     196   197   290    96    0.0000000000
     196   197   291   144    0.0000000000
     196   197   337   145    0.0000000000
     196   197   338    95    0.0000000000
     196   197   384    96    0.0000000000
     196   243   244    96    0.0000000000
     196   243   290    97    0.0000000000
     196   243   291   145    0.0000000000
     196   243   337   146    0.0000000000
     196   243   338    96    0.0000000000
     196   243   384    97    0.0000000000
     196   244   290    47    0.0000000000
     196   244   291    95    0.0000000000
     196   244   337    96    0.0000000000
     196   244   338   144    0.0000000000
     196   244   384   145    0.0000000000
     196   290   291    96    0.0000000000
     196   290   337    97    0.0000000000
     196   290   338   145    0.0000000000
     196   290   384   146    0.0000000000
     196   291   337    47    0.0000000000
     196   291   338    95    0.0000000000
     196   291   384    96    0.0000000000
     196   337   338    96    0.0000000000
     196   337   384    97    0.0000000000
     196   338   384    47    0.0000000000
     196   197   243    47    0.0008250000
     196   197   244    95    0.0003750000
     196   197   290    96    0.1292250000
     196   197   291   144    0.0000000000
     196   197   337   145    0.0000000000
     196   197   338    95    0.0134250000
     196   197   384    96    0.0000000000
     196   243   244    96    0.0000000000
     196   243   290    97    0.0003000000
     196   243   291   145    0.0000000000
     196   243   337   146    0.0000000000
     196   243   338    96    0.0000000000
     196   243   384    97    0.0000000000
     196   244   290    47    0.0009000000
     196   244   291    95    0.0000000000
     196   244   337    96    0.0000000000
     196   244   338   144    0.0001500000
     196   244   384   145    0.0000000000
     196   290   291    96    0.0000750000
     196   290   337    97    0.0000000000
     196   290   338   145    0.0267000000
     196   290   384   146    0.0000000000
     196   291   337    47    0.0000000000
     196   291   338    95    0.0036750000
     196   291   384    96    0.0000000000
     196   337   338    96    0.0000000000
     196   337   384    97    0.0000000000
     196   338   384    47    0.0001500000
     196   197   243    47    0.0000000000
     196   197   244    95    0.0000000000
     196   197   290    96    0.0000000000
     196   197   291   144    0.0000000000
     196   197   337   145    0.0000000000
     196   197   338    95    0.0000000000
     196   197   384    96    0.0000000000
     196   243   244    96    0.0000000000
     196   243   290    97    0.0000000000
     196   243   291   145    0.0000000000
     196   243   337   146    0.0000000000
     196   243   338    96    0.0000000000
     196   243   384    97    0.0000000000
     196   244   290    47    0.0131250000
     196   244   291    95    0.0000000000
     196   244   337    96    0.0000000000
     196   244   338   144    0.0000000000
     196   244   384   145    0.0000000000
     196   290   291    96    0.0000000000
     196   290   337    97    0.0000000000
     196   290   338   145    0.0000000000
     196   290   384   146    0.0000000000
     196   291   337    47    0.0000000000
     196   291   338    95    0.1038750000
     196   291   384    96    0.0021750000
     196   337   338    96    0.0000000000
     196   337   384    97    0.0000000000
     196   338   384    47    0.0063000000
     196   197   243    47    0.0024750000
     196   197   244    95    0.0000000000
     196   197   290    96    0.0000000000
     196   197   291   144    0.0000000000
     196   197   337   145    0.0000000000
     196   197   338    95    0.0533250000
     196   197   384    96    0.0000000000
     196   243   244    96    0.0000000000
     196   243   290    97    0.0000000000
     196   243   291   145    0.0000000000
     196   243   337   146    0.0000000000
     196   243   338    96    0.0003000000
     196   243   384    97    0.0000000000
     196   244   290    47    0.0000000000
     196   244   291    95    0.0000000000
     196   244   337    96    0.0000000000
     196   244   338   144    0.0000000000
     196   244   384   145    0.0000000000
     196   290   291    96    0.0000000000
     196   290   337    97    0.0000000000
     196   290   338   145    0.0000000000
     196   290   384   146    0.0000000000
     196   291   337    47    0.0000000000
     196   291   338    95    0.0000000000
     196   291   384    96    0.0000000000
     196   337   338    96    0.0000000000
     196   337   384    97    0.0000000000
     196   338   384    47    0.0002250000
     260   261   323    63    0.0001500000
     260   261   324   127    0.0062250000
     260   261   386   128    0.0112500000
     260   261   387   192    0.0000750000
     260   261   449   193    0.0000000000
     260   261   450   127    0.0000000000
     260   261   512   128    0.0000000000
     260   323   324   128    0.0000000000
     260   323   386   129    0.0000000000
     260   323   387   193    0.0000000000
     260   323   449   194    0.0000000000
     260   323   450   128    0.0000000000
     260   323   512   129    0.0000000000
     260   324   386    63    0.0127500000
     260   324   387   127    0.0000750000
     260   324   449   128    0.0000000000
     260   324   450   192    0.0000000000
     260   324   512   193    0.0000000000
     260   386   387   128    0.0000000000
     260   386   449   129    0.0000000000
     260   386   450   193    0.0000000000
     260   386   512   194    0.0000000000
     260   387   449    63    0.0000000000
     260   387   450   127    0.0000000000
     260   387   512   128    0.0000000000
     260   449   450   128    0.0000000000
     260   449   512   129    0.0000000000
     260   450   512    63    0.0000000000
     260   261   323    63    0.0000000000
     260   261   324   127    0.0000000000
     260   261   386   128    0.0001500000
     260   261   387   192    0.0000000000
     260   261   449   193    0.0000000000
     260   261   450   127    0.0000000000
     260   261   512   128    0.0002250000
     260   323   324   128    0.0000000000
     260   323   386   129    0.0000000000
     260   323   387   193    0.0000000000
     260   323   449   194    0.0000000000
     260   323   450   128    0.0000000000
     260   323   512   129    0.0000000000
     260   324   386    63    0.0009000000
     260   324   387   127    0.0000000000
     260   324   449   128    0.0000000000
     260   324   450   192    0.0000000000
     260   324   512   193    0.0000000000
     260   386   387   128    0.0000750000
     260   386   449   129    0.0000000000
     260   386   450   193    0.0000000000
     260   386   512   194    0.0001500000
     260   387   449    63    0.0000000000
     260   387   450   127    0.0000000000
     260   387   512   128    0.0339000000
     260   449   450   128    0.0000000000
     260   449   512   129    0.0000000000
     260   450   512    63    0.0000000000
     260   261   323    63    0.0000000000
     260   261   324   127    0.0000000000
     260   261   386   128    0.0000000000
     260   261   387   192    0.0000000000
     260   261   449   193    0.0000000000
     260   261   450   127    0.0000000000
     260   261   512   128    0.0000000000
     260   323   324   128    0.0000000000
     260   323   386   129    0.0000750000
     260   323   387   193    0.0000000000
     260   323   449   194    0.0000000000
     260   323   450   128    0.0000000000
     260   323   512   129    0.0000000000
     260   324   386    63    0.0000750000
     260   324   387   127    0.0000000000
     260   324   449   128    0.0000000000
     260   324   450   192    0.0000000000
     260   324   512   193    0.0000000000
     260   386   387   128    0.0000000000
     260   386   449   129    0.0000000000
     260   386   450   193    0.0000000000
     260   386   512   194    0.0000000000
     260   387   449    63    0.0001500000
     260   387   450   127    0.0000000000
     260   387   512   128    0.0000000000
     260   449   450   128    0.0000000000
     260   449   512   129    0.0000000000
     260   450   512    63    0.0000000000
     260   261   323    63    0.0000000000
     260   261   324   127    0.0000000000
     260   261   386   128    0.0000000000
     260   261   387   192    0.0000000000
     260   261   449   193    0.0000000000
     260   261   450   127    0.0000000000
     260   261   512   128    0.0000000000
     260   323   324   128    0.0000000000
     260   323   386   129    0.0000000000
     260   323   387   193    0.0000000000
     260   323   449   194    0.0000000000
     260   323   450   128    0.0002250000
     260   323   512   129    0.0000000000
     260   324   386    63    0.0045000000
     260   324   387   127    0.0000000000
     260   324   449   128    0.0000000000
     260   324   450   192    0.0000000000
     260   324   512   193    0.0000000000
     260   386   387   128    0.0000000000
     260   386   449   129    0.0000000000
     260   386   450   193    0.0000000000
     260   386   512   194    0.0000000000
     260   387   449    63    0.0000000000
     260   387   450   127    0.0000000000
     260   387   512   128    0.0000000000
     260   449   450   128    0.0000000000
     260   449   512   129    0.0000000000
     260   450   512    63    0.0114750000
     260   261   323    63    0.0000000000
     260   261   324   127    0.0000000000
     260   261   386   128    0.0312750000
     260   261   387   192    0.0000000000
     260   261   449   193    0.0000000000
     260   261   450   127    0.0000000000
     260   261   512   128    0.0000000000
     260   323   324   128    0.0000000000
     260   323   386   129    0.0000000000
     260   323   387   193    0.0000000000
     260   323   449   194    0.0000000000
     260   323   450   128    0.0000000000
     260   323   512   129    0.0000000000
     260   324   386    63    0.0000000000
     260   324   387   127    0.0000000000
     260   324   449   128    0.0000000000
     260   324   450   192    0.0000000000
     260   324   512   193    0.0000000000
     260   386   387   128    0.0000000000
     260   386   449   129    0.0000000000
     260   386   450   193    0.0000750000
     260   386   512   194    0.0003000000
     260   387   449    63    0.0003000000
     260   387   450   127    0.0000000000
     260   387   512   128    0.0000000000
     260   449   450   128    0.0000000000
     260   449   512   129    0.0000000000
     260   450   512    63    0.0003750000
     260   261   323    63    0.0000000000
     260   261   324   127    0.0175500000
     260   261   386   128    0.0038250000
     260   261   387   192    0.1733250000
     260   261   449   193    0.0000750000
     260   261   450   127    0.0225000000
     260   261   512   128    0.0000750000
     260   323   324   128    0.0000000000
     260   323   386   129    0.0000000000
     260   323   387   193    0.0000000000
     260   323   449   194    0.0000000000
     260   323   450   128    0.0000000000
     260   323   512   129    0.0000000000
     260   324   386    63    0.0003000000
     260   324   387   127    0.0119250000
     260   324   449   128    0.0000750000
     260   324   450   192    0.0001500000
     260   324   512   193    0.0000000000
     260   386   387   128    0.0029250000
     260   386   449   129    0.0000000000
     260   386   450   193    0.0000000000
     260   386   512   194    0.0000000000
     260   387   449    63    0.0007500000
     260   387   450   127    0.0051750000
     260   387   512   128    0.0000000000
     260   449   450   128    0.0000000000
     260   449   512   129    0.0000000000
     260   450   512    63    0.0001500000
     260   261   323    63    0.0000750000
     260   261   324   127    0.0000000000
     260   261   386   128    0.0000000000
     260   261   387   192    0.0000000000
     260   261   449   193    0.0000000000
     260   261   450   127    0.0000000000
     260   261   512   128    0.0000750000
     260   323   324   128    0.0058500000
     260   323   386   129    0.0000000000
     260   323   387   193    0.0000000000
     260   323   449   194    0.0000000000
     260   323   450   128    0.0003000000
     260   323   512   129    0.0037500000
     260   324   386    63    0.0004500000
     260   324   387   127    0.0000000000
     260   324   449   128    0.0000000000
     260   324   450   192    0.0000750000
     260   324   512   193    0.0002250000
     260   386   387   128    0.0000000000
     260   386   449   129    0.0000000000
     260   386   450   193    0.0000000000
     260   386   512   194    0.0000000000
     260   387   449    63    0.0000000000
     260   387   450   127    0.0000000000
     260   387   512   128    0.0000000000
     260   449   450   128    0.0000000000
     260   449   512   129    0.0000000000
     260   450   512    63    0.0004500000
     260   261   323    63    0.0000000000
     260   261   324   127    0.0001500000
     260   261   386   128    0.0000000000
     260   261   387   192    0.0000750000
     260   261   449   193    0.0000000000
     260   261   450   127    0.0000000000
     260   261   512   128    0.0000000000
     260   323   324   128    0.0000000000
     260   323   386   129    0.0000000000
     260   323   387   193    0.0000000000
     260   323   449   194    0.0000000000
     260   323   450   128    0.0000000000
     260   323   512   129    0.0000000000
     260   324   386    63    0.0000000000
     260   324   387   127    0.0000000000
     260   324   449   128    0.0000000000
     260   324   450   192    0.0000000000
     260   324   512   193    0.0000000000
     260   386   387   128    0.0000000000
     260   386   449   129    0.0000000000
     260   386   450   193    0.0000000000
     260   386   512   194    0.0000000000
     260   387   449    63    0.0000000000
     260   387   450   127    0.0000000000
     260   387   512   128    0.0000000000
     260   449   450   128    0.0000000000
     260   449   512   129    0.0000000000
     260   450   512    63    0.0000000000
     260   261   323    63    0.0000000000
     260   261   324   127    0.0000000000
     260   261   386   128    0.0000000000
     260   261   387   192    0.0000000000
     260   261   449   193    0.0000000000
     260   261   450   127    0.0000750000
     260   261   512   128    0.0000000000
     260   323   324   128    0.0000000000
     260   323   386   129    0.0001500000
     260   323   387   193    0.0004500000
     260   323   449   194    0.0000000000
     260   323   450   128    0.0000000000
     260   323   512   129    0.0000000000
     260   324   386    63    0.0009000000
     260   324   387   127    0.0001500000
     260   324   449   128    0.0000000000
     260   324   450   192    0.0000000000
     260   324   512   193    0.0000000000
     260   386   387   128    0.0005250000
     260   386   449   129    0.0000000000
     260   386   450   193    0.0000000000
     260   386   512   194    0.0000750000
     260   387   449    63    0.0011250000
     260   387   450   127    0.0032250000
     260   387   512   128    0.0159750000
     260   449   450   128    0.0000000000
     260   449   512   129    0.0000750000
     260   450   512    63    0.0006000000
     260   261   323    63    0.0002250000
     260   261   324   127    0.0000000000
     260   261   386   128    0.0004500000
     260   261   387   192    0.0000000000
     260   261   449   193    0.0003000000
     260   261   450   127    0.0000000000
     260   261   512   128    0.0000000000
     260   323   324   128    0.0000000000
     260   323   386   129    0.0000000000
     260   323   387   193    0.0000000000
     260   323   449   194    0.0000000000
     260   323   450   128    0.0000000000
     260   323   512   129    0.0000000000
     260   324   386    63    0.0000000000
     260   324   387   127    0.0000000000
     260   324   449   128    0.0000000000
     260   324   450   192    0.0000000000
     260   324   512   193    0.0000000000
     260   386   387   128    0.0000000000
     260   386   449   129    0.0000000000
     260   386   450   193    0.0000000000
     260   386   512   194    0.0000000000
     260   387   449    63    0.0000000000
     260   387   450   127    0.0000000000
     260   387   512   128    0.0000000000
     260   449   450   128    0.0000000000
     260   449   512   129    0.0000000000
     260   450   512    63    0.0000000000
     260   261   323    63    0.0000000000
     260   261   324   127    0.0000000000
     260   261   386   128    0.0000000000
     260   261   387   192    0.0000000000
     260   261   449   193    0.0000000000
     260   261   450   127    0.0000000000
     260   261   512   128    0.0000000000
     260   323   324   128    0.0000000000
     260   323   386   129    0.0000000000
     260   323   387   193    0.0000000000
     260   323   449   194    0.0000000000
     260   323   450   128    0.0000000000
     260   323   512   129    0.0000000000
     260   324   386    63    0.0000000000
     260   324   387   127    0.0000000000
     260   324   449   128    0.0006000000
     260   324   450   192    0.0000000000
     260   324   512   193    0.0000000000
     260   386   387   128    0.0000000000
     260   386   449   129    0.0000000000
     260   386   450   193    0.0000000000
     260   386   512   194    0.0000000000
     260   387   449    63    0.0012000000
     260   387   450   127    0.0000000000
     260   387   512   128    0.0000000000
     260   449   450   128    0.0000000000
     260   449   512   129    0.0000000000
     260   450   512    63    0.0000000000
     260   261   323    63    0.0000000000
     260   261   324   127    0.0000000000
     260   261   386   128    0.0000000000
     260   261   387   192    0.0000000000
     260   261   449   193    0.0000000000
     260   261   450   127    0.0000000000
     260   261   512   128    0.0000000000
     260   323   324   128    0.0049500000
     260   323   386   129    0.0003750000
     260   323   387   193    0.0225000000
     260   323   449   194    0.0000000000
     260   323   450   128    0.0000000000
     260   323   512   129    0.0000000000
     260   324   386    63    0.0003000000
     260   324   387   127    0.0929250000
     260   324   449   128    0.0000000000
     260   324   450   192    0.0000000000
     260   324   512   193    0.0000000000
     260   386   387   128    0.0008250000
     260   386   449   129    0.0000000000
     260   386   450   193    0.0000000000
     260   386   512   194    0.0000000000
     260   387   449    63    0.0000000000
     260   387   450   127    0.0000000000
     260   387   512   128    0.0000000000
     260   449   450   128    0.0000000000
     260   449   512   129    0.0000000000
     260   450   512    63    0.0000000000
     260   261   323    63    0.0048000000
     260   261   324   127    0.0033750000
     260   261   386   128    0.0000000000
     260   261   387   192    0.0000000000
     260   261   449   193    0.0000000000
     260   261   450   127    0.0000000000
     260   261   512   128    0.0000000000
     260   323   324   128    0.0456750000
     260   323   386   129    0.0000750000
     260   323   387   193    0.0000000000
     260   323   449   194    0.0000000000
     260   323   450   128    0.0024750000
     260   323   512   129    0.0000000000
     260   324   386    63    0.0003000000
     260   324   387   127    0.0000000000
     260   324   449   128    0.0000000000
     260   324   450   192    0.0018750000
     260   324   512   193    0.0000000000
     260   386   387   128    0.0000000000
     260   386   449   129    0.0000000000
     260   386   450   193    0.0000000000
     260   386   512   194    0.0000000000
     260   387   449    63    0.0000000000
     260   387   450   127    0.0000750000
     260   387   512   128    0.0000000000
     260   449   450   128    0.0000000000
     260   449   512   129    0.0000000000
     260   450   512    63    0.0054000000
     260   261   323    63    0.0001500000
     260   261   324   127    0.0000000000
     260   261   386   128    0.0000000000
     260   261   387   192    0.0001500000
     260   261   449   193    0.0001500000
     260   261   450   127    0.0485250000
     260   261   512   128    0.0360000000
     260   323   324   128    0.0000000000
     260   323   386   129    0.0000000000
     260   323   387   193    0.0000000000
     260   323   449   194    0.0000000000
     260   323   450   128    0.0000000000
     260   323   512   129    0.0000750000
     260   324   386    63    0.0000000000
     260   324   387   127    0.0000000000
     260   324   449   128    0.0000000000
     260   324   450   192    0.0000000000
     260   324   512   193    0.0000000000
     260   386   387   128    0.0000750000
     260   386   449   129    0.0000000000
     260   386   450   193    0.0000000000
     260   386   512   194    0.0000000000
     260   387   449    63    0.3231750000
     260   387   450   127    0.0023250000
     260   387   512   128    0.0018750000
     260   449   450   128    0.0012750000
     260   449   512   129    0.0007500000
     260   450   512    63    0.1331250000
